h1,h2,h3,h4,h5,h6,h7,h8,h9,h10
12.3023109643,13.5313224515,15.1516346299,16.9686538844,19.1105902522,19.2170723398,20.3957277982,22.4607502449,19.6868120368,21.7230788004
10.1319795068,12.4244493391,13.911919806,16.4050874919,18.370126051,18.934743231,20.5179928368,21.8193019036,19.0303002326,21.1840792584
7.21222542766,10.7267856027,12.1198046054,15.6749812845,17.383524051,18.9665700621,20.6995416999,21.0828158274,18.2616158684,20.9917558367
10.9998403851,13.0258008273,13.5094354636,18.0570716342,19.5903694567,20.4924383447,22.5011762672,23.0466546009,19.357389924,20.7051007594
21.0268619289,24.5617614034,22.5784323524,25.5993598405,26.8025508456,26.2755332589,28.1681700594,28.2342228536,25.4291972291,23.9105865809
26.1357515039,30.0721609716,28.161066482,27.8764422416,29.4737439814,27.8635683953,30.4281653537,29.248207665,29.1412996169,26.5024275815
25.4948008362,27.7662903216,26.6573209699,27.9804078822,28.1199598728,26.5747196065,30.8891039659,28.6369539677,28.1838012438,27.1275391562
21.454827193,23.5317916357,24.1749317034,26.6764727503,25.7288154763,25.226076841,29.9779662409,27.4135018961,26.6986606135,27.6512359581
23.8201100122,24.6061704578,25.3759827866,28.4027682037,27.4519624293,26.768082917,31.1916519464,29.4234450178,27.057715673,28.1873025076
27.6842754932,28.0075835901,28.8193862651,30.39337768,29.774305404,28.2289316343,32.4650883503,31.1162431694,29.2295819039,29.1169048715
35.9404922842,40.8190763124,40.2919290089,37.8661904275,37.0249710138,35.6370131273,38.1287591554,36.0383085375,35.8331715083,34.7621510961
34.5215821685,37.0908467114,37.0728319919,34.7739601694,34.7232218298,33.9097115258,37.5729557266,34.5373391611,34.0975864779,34.6672026211
34.0816699095,33.4127375781,34.7076576614,34.2162473425,33.8374502867,32.4030417739,35.2914535487,34.4033472326,31.8768712623,33.8944078028
48.7435641082,53.1420660837,52.7894518218,45.5694958895,45.0704563861,40.5572022869,41.8108027859,40.1226287855,41.5071764757,39.205625013
41.0776155844,49.7851008178,48.6748660793,42.3537204462,39.9030911744,39.8136989988,44.0005428859,36.8384433272,41.0542593944,41.9903910489
31.1800374449,38.6351264094,38.9053100095,38.5590589482,33.6825409689,37.131690589,42.0802997227,33.7302084122,37.3875287053,42.1252466602
28.4613132295,33.0474038539,35.1578784127,37.1365098869,32.8121323084,38.3038318868,40.2930519309,34.7426607263,36.0048408171,42.6460687783
26.3288399347,27.0546674141,31.0709574908,33.7158403662,30.9485014334,36.54551433,36.6862728731,33.8498500394,35.1591661587,40.6796365711
25.308936727,23.9534123696,28.3706274569,33.2106278612,30.7593800811,36.3895716829,35.0945158977,34.7387640327,34.9561100867,39.6079995909
26.5357022566,23.5172769814,28.057829921,33.1754340061,32.1802996738,36.8841478557,34.1800172066,36.4505395483,35.4706102484,38.7064384798
29.774549696,26.6214510695,30.3844693207,34.9199193316,35.0626694178,38.3223641215,34.8034523078,38.7189826754,37.5186917916,38.8098525247
30.6293144312,27.3323099689,30.4529819584,35.7431808063,36.1395438574,38.782913152,35.6947680116,39.9503416739,38.0665664468,38.8346221366
31.6503003089,28.2406731248,30.9981480717,36.8493753378,37.5058626663,39.5738836776,36.6337661788,41.3458933421,38.448270007,39.1035487649
29.7391663972,26.9344965721,30.0159813717,36.2125435643,36.9009625286,39.3897340661,36.585558283,41.0386303989,38.3044850513,39.3773926453
28.1729505164,25.7145419321,28.9454603454,35.8056134654,36.5357602115,39.6059641943,36.6049611268,40.9217597914,38.1407692485,39.611322783
27.1506862661,24.6636622262,28.0071929061,35.387856317,36.3766182588,40.0570967297,36.5402142762,41.0217182431,37.9889825381,39.7880782235
29.5149482505,26.5036819644,29.64443576,36.2774247654,38.1854017664,41.2371111684,36.7991405559,42.138278756,39.2415575966,40.1743510892
42.641247138,41.645819276,43.0008470717,44.0140380975,47.5953146471,47.7001332836,41.0561661858,47.6526729935,45.8639470964,44.0893548727
51.3024105936,51.7983462111,51.4150298106,47.6963166437,51.813204184,49.1518074653,44.4688826066,48.5679724538,50.1661629362,46.2872581615
58.2059929582,57.250457776,54.2154568783,53.0152611334,54.0317652531,49.1080363537,49.0512509851,50.1273451749,50.7057501079,46.862624901
77.1988534127,74.7937307655,67.5284250936,68.5280727992,65.2414421796,56.4551247454,60.2287348757,58.7014311805,55.9046470027,50.9356562453
81.8098707869,80.6951036076,73.2712674643,72.6243109656,66.6553798992,59.4353955445,67.1253256815,60.9062138924,59.0783322535,55.2206198048
89.5775142263,89.4242972862,81.2529669696,79.923088269,70.90278149,63.8564669557,73.0833602567,63.5878994007,64.0655459267,59.5334820793
90.3697708254,91.431877924,86.2099899692,81.0010231782,71.2699035481,67.8311510184,75.1982630671,65.0081331658,66.8355990619,65.0431780838
75.7128756622,79.9365199666,78.1130678431,72.6296165648,62.8661349271,65.4977774952,71.7737832125,60.0888874002,65.4413139989,66.8665389906
63.2797765703,66.6761535678,67.8230436143,66.5099203809,56.4745613419,63.2569043717,66.6162191793,56.7688450641,62.8867914136,66.901758673
50.186364048,51.2874478099,56.5144134104,58.1599945111,49.9162015875,60.8175587591,59.5564050496,53.8156875224,59.590919359,66.3606132411
43.8875305847,41.2644230099,48.2635797815,53.1698676946,47.6862099326,60.3889945348,54.2608545185,53.6383547024,57.6452727847,64.6419298897
41.9989421285,35.7481557365,43.3411173641,50.6094489577,47.8159385925,60.6762114506,50.5275389691,54.863578989,57.3833815445,62.7912928509
42.5985604022,33.7897136131,41.0592949682,50.0052061857,49.2616924018,61.0402866751,48.3367045339,56.4393105635,58.4741598869,61.1580386966
50.7359983377,42.9678948183,49.1409321648,54.4308932077,56.2454179768,65.2348073243,48.8684476845,60.8889202799,62.9530665983,62.7810721379
63.0211251715,55.6943437241,57.8962625831,60.5982470456,64.1224434067,68.6225691748,53.4498198803,64.7083589054,67.8282808739,63.4455517161
64.2219818268,59.6437970171,61.9212107596,61.8590719838,64.4652911147,68.6103440345,54.42530596,64.6452447669,69.5234543433,65.8799811471
62.7402627475,60.6479410217,62.082424839,62.1414896737,63.6601457798,68.4692507105,55.4836396145,63.8857179874,68.8817191075,66.9116885694
54.1302373045,52.1319344253,54.0616380125,57.6735831121,57.7373073449,65.1804384416,53.7403730353,60.8321292455,65.378636871,65.994279226
44.7485249134,41.3132164107,46.0303332608,52.2173323993,52.5257710179,61.7699676151,48.8432242766,58.3181764546,61.0509332798,64.5469236381
41.8592335185,35.5887037893,41.74123026,48.5374143841,50.9012889817,58.6832838064,44.5691953268,56.7285107322,58.513731814,61.0567301272
40.9380197016,32.814255129,39.2875920382,46.7668330236,49.8478015257,56.3013257935,41.8428042196,56.1767353641,56.7833978503,58.2607054594
37.9917775739,30.2242467459,36.5587856405,45.0314908937,48.3326268871,55.349811243,40.3861923699,56.3433854783,54.4632997973,56.8057589851
37.9213371795,30.8368235882,36.3032288916,44.8161183798,49.3289135199,55.9895048698,40.4103373826,57.4193540172,53.487116639,55.5949143841
39.2845771103,33.3582187847,37.9785788984,45.036812237,50.6070440184,55.9916326555,40.607841254,57.2021220814,54.2275886294,54.6782635283
38.9776247344,33.9912248292,37.9806087703,44.5264122866,50.2966638411,55.3080805944,40.5666678844,56.26985999,53.8174166931,54.060993523
40.1861365611,36.0289030674,39.3983642295,45.0357735769,51.0282152803,55.181101025,40.8458055951,55.9849622585,53.7622235933,53.8083190624
47.5518721955,44.8167790133,47.0995992484,48.8030291606,55.866206571,57.3529351998,42.9688738971,57.8623112727,56.0096247138,54.9135347616
61.5651973325,58.0997911146,55.9267110844,57.3908292904,63.4696515661,60.9606438249,50.3297871668,62.1276589279,58.7303921013,55.5695372686
93.8384069524,85.8442210692,71.2410910949,80.4709980465,81.6767960059,71.2933055732,70.0041945108,74.4665575188,65.7831883249,57.271436726
137.901153428,125.705140084,113.85314991,109.012361502,105.34909682,86.4782888766,84.6188761397,87.5883445917,81.4384696666,69.566461249
141.500417944,139.277270355,121.025734888,105.576906162,105.656490833,91.4854596956,96.5609770973,86.8017331074,85.3813772898,74.6904388513
176.158799466,172.065307284,138.235080991,130.171225516,127.848861246,101.28666673,112.22172481,94.8287305976,94.1877915356,77.0728689954
194.553613563,187.595607387,158.592051183,137.503176631,132.430459941,106.647408728,116.823194576,97.006523188,102.299257248,85.7417882668
187.280084728,191.181181681,164.865693443,131.702714615,125.780884329,105.836154838,115.204617027,91.3782971847,104.845208385,89.465160991
186.342485894,195.952384853,165.108913931,133.891705277,125.421525601,107.32896765,116.784471165,89.8439261938,103.565239815,90.0588955088
180.330085724,192.938117451,158.709095589,129.671004294,119.352482162,106.760069079,118.236272807,88.6199683892,101.694480882,90.3302672668
174.782873621,188.828092199,154.909697817,126.574254986,115.457328357,103.074323285,116.051887983,86.3311585056,100.587584865,88.6378310697
157.652411275,175.39759798,147.116919053,118.663879014,104.070332385,95.7464141168,109.370165184,80.4609136588,96.7204811417,87.4620920966
137.36383092,157.256758597,133.448610938,110.473704028,92.5803996073,90.0046660607,102.897882542,75.5835297603,89.8434450129,85.8462746014
120.486713447,139.590622165,123.520784108,101.702329528,84.9045941534,84.812106704,94.1576145619,72.150865034,83.1233250927,83.6009335875
102.637555329,121.647668062,108.721126413,91.2569048869,75.5296015904,78.2090281605,87.1988229819,66.9117222388,76.7082326896,79.0428775838
96.6216527,109.978229525,99.3782524023,87.6450515914,72.111883037,73.500839377,82.0973191055,64.9293882017,72.7810830895,74.3383566366
91.6396363673,97.8642142827,91.0412577415,82.6356494814,69.5047113188,70.4154442537,77.6609369756,65.4930095603,67.7233459995,70.6815342811
91.2017718529,95.1937363804,90.8467727137,82.5940938421,70.5212349151,69.3838457877,74.7848141869,65.7975670642,68.2661695677,69.146987943
83.0786305268,87.7774442292,84.1684176122,78.3173326688,65.9307196256,67.8480566781,73.5601793649,63.5258880249,67.3875421271,68.5874207778
76.3111900207,78.629239245,76.5573611441,74.7133779328,62.9223112543,67.6489233761,71.6738625525,63.3545445805,65.5319892028,68.2355771653
76.4959026245,75.2700539732,75.4069680755,71.9193392478,64.1592298636,65.7761295476,67.8410698508,63.0203206016,65.8205178287,65.6526839078
77.9541685338,74.2761331007,74.9193235966,71.6726451854,65.491870232,64.7277122647,65.836021259,63.8845639361,65.1966336364,64.0475295059
76.3235654892,72.1216745055,72.5538859108,70.9584357667,64.9536026163,64.0094058185,65.25329967,64.5109318775,63.8107806403,63.1646115614
74.7136438672,70.8455444571,71.452311571,70.0958653289,64.3086688059,62.4604576526,64.2328366185,63.7095805886,63.5518126314,61.9391121215
79.2063581457,76.7493717489,77.6348409624,73.3657009233,68.1586566554,65.2637437907,65.096810424,66.0112353706,65.2964226417,63.7432675068
77.239456138,76.3671119643,75.9300846288,70.6877543978,66.8777613578,64.5797477549,65.7154513226,64.8740749295,64.2967260203,63.0792948346
76.961121567,74.6170243546,73.6809518266,70.9971851343,67.0013478204,64.6283227045,65.9200954921,65.9396629643,62.1932809655,62.5262482421
75.6256432021,73.6196016052,72.3313427504,70.6783682068,65.9030447903,63.425142571,65.9185699987,64.5925656296,62.4642794845,61.6822589992
75.9578627327,73.6790237176,72.9485639195,71.2149387854,66.1593659877,63.7164811932,65.866403845,64.6433500701,62.6753802024,62.0151623388
77.9768742763,76.2543504448,75.9516718394,71.4872022649,67.3880386231,63.5511591494,65.3927089447,64.2099832267,63.8250045081,62.0020371488
77.6416055086,74.3053662254,74.4680546162,69.4367595491,67.3878251291,62.7228888717,64.2915918367,65.0402661547,60.4556436388,60.853903993
72.0611718669,70.0739204768,69.7337428804,68.0453562717,63.7103296647,60.8726982591,63.8292848679,63.0359890525,58.7196919585,59.9567614674
66.9437518891,65.5720482011,65.9286137775,66.206406904,60.6932886302,59.9363126139,62.8892389922,61.0977079666,57.8333139891,59.6332473369
69.679830191,68.4660386733,69.6225045046,67.2660861045,63.1878842899,61.8691987592,62.5100380015,61.8508283579,59.7448277366,60.5793672013
81.7797164512,83.6252457903,84.6397976112,74.8979680485,71.4103070937,69.0417641709,65.8763012027,65.555285135,66.4635924848,65.5694652278
71.0466401549,76.1964496085,74.8418649574,66.8194129792,63.3376972951,66.3395030393,66.0743517881,60.5596080837,64.3581834888,65.3957571149
69.6501771461,70.3041451969,69.036322515,67.2647772154,62.372299119,64.9678868731,64.308557548,60.9934854379,62.0562921831,64.0660766825
66.9482682317,64.4775630346,64.7402169761,65.0889501375,60.5217673407,63.0600290718,62.0332711059,60.624447774,60.6946982193,62.6005328387
66.0431595863,59.8733785324,62.338234379,62.3432139701,60.2390520281,59.9249717735,57.9887981258,60.3076263943,58.4686337603,59.5376805819
64.4033188433,58.2829493604,60.6229434701,62.4475014823,59.5822175426,58.7251127408,57.1514115851,60.320572609,57.3936701807,58.2322247581
65.109388217,58.9486877294,60.2110649763,63.241187479,60.3363039709,58.8383758811,58.3941919203,61.0657888382,57.1434545767,57.1809903346
63.799127365,57.3753519006,59.1435345674,62.2346559948,59.8270730874,58.518979064,58.2986064989,61.1891746826,56.2514857836,56.7175816463
63.1124042839,56.1857297111,58.1000402738,61.6731486143,60.513217198,59.4612005454,58.5118166683,62.2602628922,54.950695531,56.5390571417
63.8928223055,58.1732192531,59.8182268648,61.9422746603,61.0378680855,58.5927072815,58.3052770418,60.5615481366,56.9495518916,55.93218773
60.9969647456,56.1004951948,58.2653414269,60.5429122433,58.8073892075,57.7433987024,57.5594240146,58.9384624751,56.3496358607,56.3025640213
57.2212198589,51.3193388492,54.4113100646,57.7241887907,56.9879979855,57.3765240375,55.9079935893,58.7147177197,53.4096066261,55.8843265217
51.0515538138,46.0524886326,51.0625023721,53.1771630299,52.9990674603,53.6639774701,51.2495653593,54.4112487547,52.5695247842,54.2397019917
49.1182110944,42.7371535613,47.4835815387,51.4879495685,52.1042928761,53.1704487985,49.4710455579,54.5377519835,49.564588389,52.7074671208
47.633670922,40.1958317669,45.1713847084,49.2418570931,51.4373524148,51.8493681623,47.0739298034,54.0509844184,47.538173861,50.7370372034
45.6446365121,38.2409492323,43.0016708473,47.489922632,50.4986295326,50.3434541584,45.147930195,52.8604084542,45.7738371161,48.8238925539
45.2583326522,39.2460966156,43.0057762923,47.593859356,49.9620304544,48.9404715301,44.7804200759,51.0724665894,46.3680340068,47.4731896294
42.601373855,39.2036434234,42.4566724424,47.3215803232,47.8945937885,48.4760408047,45.1612607872,49.3100087769,46.9478869203,48.0429514581
42.44128756,40.0374708798,43.1497401104,47.124438826,47.8784570208,49.4694175814,45.5356855339,49.3825251466,47.4225982961,48.9881384772
42.8640569299,40.0633238102,43.2740701359,46.2927745761,48.1005947599,49.9922335599,45.0238877199,49.7056853559,47.2159723777,49.3243526323
46.4071027319,43.7716068046,46.2570136621,48.0568326928,50.4464023419,51.3360111398,45.6132969294,50.8896011003,48.580563303,49.941783329
53.4135449384,50.5919829033,52.4126706436,51.4287620394,56.3192701084,55.4022616088,47.7000857276,54.9130081514,49.266299094,51.907753466
51.2481612624,51.4562310842,51.1995943029,51.3890615419,52.9088340503,52.1412541179,48.9784216066,50.3491277653,51.6948394147,51.1011832002
63.5568490497,59.2500905909,56.1014332575,60.4259726059,60.833867159,57.9085387772,55.860357872,58.0279046046,51.877222385,52.7223874911
65.3807879868,63.8118120757,62.2515820733,62.1203022815,61.1672678628,58.4042977411,57.63059035,57.065025106,56.4632272262,55.6051789301
56.1007205404,53.6839216789,54.8241297331,55.8650143206,55.5744006722,56.2889918452,55.1901855432,54.5843212202,51.2398456988,55.4765876453
51.9934529105,46.5983408145,49.8230723091,52.0413376459,53.4081571028,53.0023614814,50.4558233828,52.7160126581,47.3190817028,52.3171834506
47.4351460687,39.6165032114,44.3651339307,47.9197923532,51.2949203943,50.7362794756,46.1199090072,51.4557946935,41.8811468413,49.1803516784
49.4065659651,45.3801239521,48.2032704031,50.4387053481,52.1174371652,48.9565747081,46.2238779387,48.5566264823,46.5896763683,47.5455974328
50.8396724856,49.0419023003,50.8221291447,51.8291098872,51.9774631612,49.6217740995,48.2254962279,48.4004931165,48.0775684772,48.8223279751
57.6604084782,58.5421178527,58.9950979735,56.8635780762,55.8388418563,53.5054765535,52.160931528,50.8420806765,52.2823262172,52.0675999702
58.8784562538,60.4664987375,59.5354240439,58.6098241088,56.8312114607,58.2711040786,56.6895987629,53.9211421395,52.574870679,55.9342206564
65.4812614565,67.1426026252,64.3086643219,63.2637062088,60.4315350724,60.8106669706,60.3710512336,55.4702348648,57.6628165659,57.7169623348
70.767002353,67.1551827398,62.6778554334,66.2370310496,63.0404925025,63.7053466434,64.87492367,59.8730259726,57.3545310624,58.5829974792
70.5016255381,67.1853771969,67.8212110305,66.3732714328,63.9865470599,64.1770463348,62.0943194809,59.7913258115,60.4645258771,61.7704097083
76.2796909596,76.2126567765,76.3722362095,69.8543887424,68.385430996,66.244093102,63.3429528323,60.1176910553,65.1314689479,63.6680433173
85.7213899608,76.3394466728,72.4341351689,71.158920906,75.2456812357,68.8827071522,68.4374198482,68.7582913194,57.4368956716,60.5598441164
130.097561602,105.939863799,85.0073844512,97.1449396337,110.007620902,80.1398533537,90.0592098224,93.1120845101,60.0503093943,57.0227782526
147.655234884,129.655321397,105.407853045,109.849867524,114.031639907,78.0928858652,101.437699651,90.1872617439,75.8966627089,61.8272304189
136.4242363,122.657998898,109.485610198,104.907254112,102.209383912,74.4817368565,98.751075001,82.1893679419,74.273467336,67.4563976044
116.531081194,113.577695783,107.065934015,97.1774982458,89.6153301726,69.1353662896,91.1901390927,71.9510404892,71.0788478453,68.5649296018
99.5790601701,101.624527174,99.8768074645,87.9939789992,78.9127879501,65.0519712623,83.5105675265,65.5396811407,63.956551676,67.2760582699
86.4300183884,88.2939755189,90.1254297921,79.722717649,71.9413399573,65.5369059786,77.7753431167,63.9767304329,56.2727031839,66.8215113315
76.9417958359,82.3226640354,83.110653421,73.9216022898,66.1199949479,63.9536636696,73.9665780523,58.8730934055,56.888392285,64.8408826578
70.3693001388,76.1207329067,78.0151106758,68.8649744596,60.6405108554,60.4979794572,68.4411144775,53.7169701181,57.9589549144,63.0269925148
69.8238017228,72.3245257296,75.0208372113,66.4112508493,59.6461008817,59.9308957429,64.3075303637,53.924309833,56.7695711545,61.8041179276
73.401475863,73.7327325053,73.8954873596,68.2789094625,61.5019072917,61.138234303,64.781316963,56.4345223117,57.7257521409,60.9417161388
71.0438455591,68.2851787411,68.6589196018,66.3607068604,60.6528012726,61.5041006604,64.3028121946,58.6271296482,55.5229140646,60.4044461171
70.3876163948,68.9920970391,70.0488836617,67.0925906292,61.4646992724,61.3866884482,62.9642885764,58.096953803,58.6545806515,60.636260858
72.0975828857,72.1377735423,74.1596629269,67.2509812765,63.6264210544,62.5398412908,61.9743638664,58.4640857868,60.6402602585,61.8137946629
75.4187850239,74.6551853187,73.7560551672,68.7442201529,65.9580059194,64.2990481282,64.4658178651,60.8186470317,60.2250574991,61.6993204906
89.5309151022,89.227501366,87.0038743511,78.8250297988,75.1160430241,70.2278980699,69.0956389656,65.9448442887,66.2599193521,65.298512726
98.8496368601,98.1828085498,89.8609197282,82.4830640197,80.2320708511,73.4240378277,76.7880460567,69.5431277869,67.9136858123,65.626446199
119.588392276,112.450951302,99.06871222,94.18485829,93.6022019848,77.3831457178,85.0030202204,78.1772846073,69.9015457028,65.307016217
111.343010608,108.582672681,98.2748862139,91.4757426086,85.1471153467,72.9143169575,85.3341594898,73.003277172,71.621845059,67.3741962903
106.974637864,101.201134424,94.1300731039,88.2004645433,84.5667947937,71.7271468713,83.5735881661,74.1438227274,64.9003598207,65.8143209353
94.8944240609,82.5744885599,84.0507264362,76.3082466064,81.4329435671,67.9579640446,75.948297297,73.6348242542,50.8117838545,61.3456279907
84.596525547,76.979599916,78.038882869,71.5066806812,76.7452299468,60.3084778053,70.4025306348,64.0177531888,48.2368127147,54.9622772091
80.0879277091,74.8791883964,75.6102984711,69.5367994859,71.7072461554,54.4883995064,66.8691501945,56.7910719038,46.6174370814,51.2028397672
71.551510619,72.1368456125,72.3488883208,66.721005291,61.3863758393,48.3356116895,63.7387578656,48.2804077216,47.5629629989,49.498756129
65.0759712174,65.8855985624,68.6892488946,62.2346940035,55.1428073341,46.9061295004,59.8804591955,46.0870611361,44.262313882,49.8333735589
58.3032866653,62.3682461043,66.0420869122,57.5810452611,49.4914882809,44.9885483362,56.0363406933,42.6563044442,44.6585415108,49.5625734628
46.0082244167,49.1256947747,55.0084273407,48.4733718184,41.1218646769,42.0694984702,49.9569807679,39.5503681411,39.1355293426,48.1761091693
41.4023731648,40.3374739253,46.8943440347,43.6459125649,39.5905789714,42.6646844457,45.2094634194,40.7627068969,34.0145161558,45.5949641938
48.1199190257,47.4779307583,51.3391489138,46.3529102972,44.0563241529,42.5553318687,44.3826410368,41.1069485366,39.8421370474,43.0320156459
46.8651956778,45.2001565916,48.0867849229,45.0432869547,42.708397865,41.0779266432,43.9153623671,40.9951042295,38.6865549489,41.9607971356
40.4373507496,36.5647449127,40.6690976684,41.2164458642,40.5213204193,41.0308448146,41.4181627085,41.3561120608,32.4774630615,40.8559623897
37.2798249031,33.2399966904,36.9584477391,39.1480689674,39.7565447435,39.4264748778,38.9147025514,38.8998984027,31.2850970653,37.8606072233
33.3464364495,28.8676789318,33.3143911617,35.0640953842,36.555610934,35.8718382514,34.2311140992,34.7642592151,29.5440507754,34.8775714643
35.2505089998,29.7127432056,32.7837542996,35.0419492263,36.3508344921,33.2268853267,32.8414763946,33.7190656792,29.9121698789,32.0030468087
37.2041664627,30.7699889003,33.1215066655,35.0642473415,36.2535000306,31.2209219374,32.3712004027,33.8429838409,29.3835011757,30.2881688091
35.9636507049,30.9991680014,33.1770417193,34.3282992006,34.9172721774,29.4130219534,32.0621299085,32.8998031145,28.6501479115,29.4039622872
39.5807869995,37.4320149521,38.3575534342,36.8112248088,37.6578340169,30.7932992194,34.4638551592,34.1666913015,30.7526438574,30.3846111452
37.3082582183,39.2389740725,39.6790366943,37.3206989172,37.3890605201,32.7909926304,37.0288373467,33.9470739015,30.8970175273,32.9365829392
32.8279224751,36.2761316315,36.7120382388,35.1899169084,33.7211608016,31.2076188285,36.7799379562,30.9861554352,30.3270156952,32.9049062453
28.2818047033,29.1034103172,31.1195160146,31.9319844403,30.2322395212,30.3364004356,34.2386646499,29.8259072742,26.3410695062,32.188184144
30.1287923686,31.0889041475,32.9063909792,32.5644467436,30.8993818009,29.991721675,33.3759362493,29.3766831861,29.1664408219,31.4970905999
38.7493197825,43.324753619,43.7338498399,38.8716628053,37.773241533,36.0117010021,37.8114852391,33.7437732318,35.6410274039,35.8243368391
30.6932910613,34.1100587336,35.1518516349,33.7234861688,32.5388096651,34.7236320819,36.7460479261,31.7035763818,30.6770022855,36.1097585391
29.2188964779,28.8070491686,30.1208588763,33.6082889737,32.2470986867,34.7772602144,35.4175731988,32.084820884,27.8422567194,34.4328482056
29.447974245,27.4181271634,29.2711080319,33.1302366098,32.3586423949,33.6532017259,33.4137594451,31.2756162361,28.685879411,32.8833148102
37.6147909977,36.3351516804,37.0034024049,37.3423327001,38.2055532397,36.0576223342,35.142682368,34.07883977,33.6373507464,34.1015337018
36.295174589,35.7658993531,36.3703763795,36.3656176211,37.2081576314,35.5080996962,35.5469343339,33.5374240724,32.9326788563,34.85797449
32.1479960675,31.135120129,32.1174364105,34.7100394259,34.0986813716,33.300522599,34.5768774569,31.7514514239,30.5706994069,33.773235287
29.292621976,26.9752611187,28.8290479463,33.1616311235,32.23617267,32.217208143,33.1302339542,31.0723710203,28.1949028985,32.5717682088
27.3926942759,23.7706885697,26.2183710531,31.4646206163,31.1089226924,31.5656137774,31.3960572641,30.5416158545,26.2303311463,31.0582132949
26.2638105373,21.6592515492,24.0383551062,30.4552235201,30.833922794,31.5111646474,30.1236241604,30.1413962308,24.5253527136,29.5380926699
25.5304368901,20.5482074388,23.0721489316,28.6414966276,29.6280147524,29.4554280733,27.5435753033,28.1056438301,24.4492725713,27.5351664614
25.6394056269,19.9355468074,22.5290237439,26.6975080495,28.215120533,26.8261124205,24.7962064669,26.5178523098,23.9700836478,25.5037816016
26.9673924584,21.1544884802,23.3679878887,25.7245291091,27.4250902649,24.0006252985,23.3196209116,25.6447778511,24.2566937155,23.5792136014
27.1786540679,21.3377584817,23.2971605986,24.4314592834,26.5919152007,22.3644887646,22.2338709129,25.6027523529,22.226813771,22.2998648535
27.2985527297,24.6028662633,25.4740706645,25.0319480889,26.5395039884,21.0148365528,23.5086544566,24.7602678569,23.2811357991,21.5809206896
24.0437069647,21.4900800259,22.800596897,22.6040339078,23.9636877746,20.250299785,22.4969292021,23.8694216079,19.1720566481,21.0016930565
23.7520912936,22.5132662897,23.326153999,21.6502737575,23.5344573835,20.3493543193,21.2820420867,22.1760332256,18.6657847756,20.3880687516
34.2683940505,39.3554116568,36.8223843912,29.5412739515,31.4689448999,25.0199228287,28.1362503815,24.995009265,27.7208758642,23.6539473489
30.9835376542,36.7788642965,33.9519287232,28.7286939487,28.0597110636,23.6208867859,30.4321689317,23.5811535616,25.7891608854,24.9851991005
58.0689814397,67.7131681012,65.4924924718,49.3868024104,48.4373216976,40.1208169299,43.7455766297,35.5458913419,39.5541283375,35.65542851
44.4511117515,59.3116269159,54.2836058374,42.2372642638,38.2686066276,37.0910202082,47.0076704433,29.80042716,37.2145671682,38.4420908994
43.762448737,47.6221940892,44.7954711624,42.0209485917,36.34943758,35.8949660371,45.185053917,31.4736663934,30.2605443158,36.926816682
41.3697901794,42.8769663326,42.686336678,41.0812104855,34.3222544646,33.1411998383,41.4984631552,29.8766603994,31.2771410911,35.5239705763
42.3171465078,42.4892063173,44.0678719124,41.0043310257,36.3807403281,34.864264866,40.181222286,31.7582305634,31.5163519476,36.3358915497
41.4956772945,43.4359374687,44.6009144042,40.3630719585,35.7087754106,33.3046894952,39.5203806122,30.6945291374,34.1646565644,35.6908165878
39.9544719228,38.5989246407,40.7717317273,38.0035411574,34.2147370624,32.0959474954,37.6720891717,31.6034156391,30.7426298819,34.5614896309
42.6385896818,42.5121865111,43.8839123437,40.452333813,37.1567346977,33.451663511,38.7084731761,33.4082857113,32.9506522144,34.8830424612
39.7085534452,42.2540923567,43.6359849603,39.5015554638,35.9453871154,33.2796109183,39.1398440247,32.5514967625,33.6876501902,35.7373790404
33.3991630499,33.3843051721,36.8087243896,34.3700221417,33.0044608961,33.7838571878,35.8453560128,31.8855100886,27.0067456219,35.3528429625
36.4702543299,39.8053958645,40.7051175195,37.60381536,35.1708155288,33.5747454296,36.888741201,30.8408474989,33.1779730923,34.451251778
39.4448594228,42.0387406727,42.4450865661,38.8832934824,36.7127830377,34.873136098,38.520713555,32.7415959193,34.0780757937,35.7480725926
46.1752424876,44.5048846478,42.520486932,43.5040475537,40.4057524475,36.2758019761,42.7830244378,37.1227060179,34.0825948988,35.256285894
47.0734056407,46.8442677916,47.9610341024,44.0513582835,43.0033160512,38.7068875446,42.1673504483,38.3747450917,35.5459651845,38.4686929796
38.2958394638,40.5580375294,42.5730190781,38.2752749756,36.8985683585,34.9566363149,38.8411637337,33.0998027657,33.5158157373,37.3304112108
41.947940675,43.1420395619,43.5997924888,41.7318353173,39.7858381536,37.1033539606,40.7717760574,35.5724565166,33.9080389259,37.5505162798
50.51266724,52.0425643201,51.6164832692,46.8166592238,46.3848035985,41.6854524919,44.4378438355,39.638376688,37.6900381232,40.1587785203
59.959208843,59.70110541,54.6137690172,53.4208086322,50.8018515589,42.7592526598,51.2942361274,42.8885059483,40.8977330937,39.9753272026
57.8860654121,51.4276703781,50.808463376,50.2670331792,48.6951728945,40.8643529548,49.138260473,43.9739380895,34.9614510622,39.4974153949
45.4467388,38.7027111116,42.9560454416,42.3119496649,41.9207942081,37.2240824699,41.707298082,37.3863904383,27.6795463936,36.9734619549
44.7665752978,44.1833256374,47.0574634718,42.4379431611,41.108372085,34.2935607384,39.0027110101,32.7320935551,33.0978440619,34.8530478505
39.1041240368,38.9579407108,41.4538555075,39.3065212845,36.9495131421,33.8290388381,38.904391266,31.4777859045,29.0850008759,34.8055856335
35.0861005821,35.841869324,37.9054806495,37.3432618302,33.3487245504,31.4554070148,37.5285987089,29.1843330155,29.2776231638,33.2529851293
35.1244435703,33.3847014783,36.2320150337,35.3597297957,32.1675790158,30.2914302926,35.3191046762,29.5487115094,28.3138155141,32.0016787596
35.4465802089,33.2105452758,36.2478232315,34.1506071436,31.9531563019,29.3636394582,33.5035665455,29.7859949058,28.5656636155,31.0891374358
31.1455536323,27.4818518297,31.443104041,30.1516753599,29.3969020152,28.479378958,30.0013497913,28.9459991169,23.9181470399,29.6916801533
26.6626307105,22.4972527254,26.5583112719,26.4893248164,26.4385384036,26.7543274247,25.4575901528,25.446570498,20.2648152431,26.6669334417
20.0854014515,17.5175069412,21.141357084,22.8233477934,21.8683650584,24.5328860982,21.203992558,19.8100911012,17.4543282568,23.6108289746
17.4622752914,15.2241108296,17.8700524954,20.3002194993,18.7171989571,21.8304266679,18.0111959493,16.6460902382,16.9706106522,20.5631889327
17.5293918585,14.2626927644,16.0489862629,18.5503242595,17.2260113756,19.5705067876,15.8382719388,15.8017108008,16.6677543775,18.188988827
16.4801232873,13.0186764582,14.3164505812,16.4433851577,15.5331455693,17.3407369903,13.6946614779,14.5952394569,15.7568767253,16.2325624007
18.0433764813,15.116549106,15.4404608873,16.1903436954,16.2563672787,15.2440770164,14.035322768,15.1261780859,17.1375729137,14.6891124098
21.4615091245,19.955469488,18.828724985,17.9538345218,19.1093361042,15.8804260041,16.7000858642,17.2855260146,18.3243819886,15.1456501824
23.345356262,26.1542168697,23.6050437864,21.0525313421,21.9779059617,17.6367543279,21.1511043435,18.6111093761,20.9437627309,17.3014934046
17.937876736,20.1842098541,18.9131403249,18.3593958094,17.6329520527,15.9755557713,20.180316945,16.1183994104,16.6454240601,17.1753982015
14.6443936817,15.2919699131,15.1482779392,16.2199589613,14.1633709482,15.0537544151,17.3904473729,13.6462413791,13.6334713078,15.9945662994
12.5515970404,11.9896180487,12.3870999415,14.1679499936,11.3906800135,14.1870690336,14.1850705778,11.3804241169,12.1760598543,14.3861044184
12.6127953262,10.7170241305,11.0249197457,12.7818234272,10.2414947802,13.1694043595,11.6915577676,10.5238967432,11.9910922667,12.6590692388
13.6308053353,10.6302285153,10.6203286316,11.6657407832,10.0745430482,11.9595438965,9.87068398468,10.4004996966,12.1044600461,11.1168049642
14.7334443403,11.4391455093,10.8458800985,11.1537168078,10.5608365343,10.8144178297,9.21883407455,10.6051154677,12.2006908171,9.8717002068
14.9543823718,12.3747168439,11.2235711746,10.8108609181,10.8646561833,9.76042576919,9.36260933881,10.5221520194,12.0551086748,9.00963946798
15.4995311259,16.2289368765,14.5713875053,10.0124020355,11.9469305618,9.01433869604,10.3281175519,10.3919050221,14.0858815786,9.31546129857
19.7926020743,22.4038246973,18.7775070195,13.6122639612,15.6315091453,11.3277111653,14.6217234898,12.5938243024,15.5687467338,11.0488473165
20.0541329992,23.2257100778,19.4495999081,14.6766186224,15.2824975091,11.4694343009,16.0030377915,11.9244380394,15.0948769062,12.0290422008
17.5638077708,20.2191822437,17.3588713662,13.90334675,12.5978129901,9.84227585775,15.4851230428,10.3502073158,13.3712443537,11.680919152
18.10625324,22.1872849057,19.2694087284,15.4511934356,13.7097785871,10.9554479431,17.45411584,11.1912321107,14.6198016497,12.7170618726
13.9233805596,17.1552808161,15.5740262856,13.6324863957,10.5152841134,10.3326395921,16.2341875132,9.42254470953,11.9383264255,12.5591129278
16.1281560398,20.0256907975,18.2364048685,14.4218744305,12.2394993834,11.3511817531,16.8991510521,10.6537679289,14.5319698666,13.0920802991
11.7692000515,13.5504434519,13.3428605782,11.1727813654,7.99165543968,10.1704518536,13.299012781,8.05641601452,10.8814521157,12.2557289967
9.24005138438,9.73749663451,9.94312967564,9.20886910479,5.19384344268,9.46246354873,9.75825992448,5.90550008019,9.3357258106,10.6125526757
8.88240482157,7.87544448709,7.95567989866,7.57834376817,3.85043858515,8.7152167579,6.7137262287,5.03486231595,8.94612311704,8.86161841687
37.8859049387,43.4664770823,37.7481139218,27.2823292998,29.2885130206,25.1324969007,24.009360153,19.8526948331,26.5464932204,17.8415156071
24.9718118845,34.1513476025,28.1379761722,22.7468522771,20.2209021471,18.4834889026,25.2221111392,13.7949673717,24.1132737258,18.8469331173
18.4810216012,21.7422854678,19.6783047473,19.9806381397,14.271156865,16.3889458572,21.5675897416,10.9942432372,16.0541915582,18.3616421049
12.7343559895,13.8694398264,14.3095098179,15.8738621473,8.74152090171,14.3378892684,15.8928264508,7.44062833694,13.0172639954,16.3760318432
8.66806393654,8.48600511756,9.9903637689,12.2285221254,4.77887244371,13.0515165447,10.7903191268,5.05364108393,11.1792317186,14.0658544659
21.9579779458,25.8252210948,23.157140874,20.1771251099,18.0533206703,21.6505440169,17.7173227052,13.2650835274,20.7861632481,18.1496679988
41.5386016919,51.9222345116,45.7495657465,34.3881364629,33.6499218039,30.2293390344,30.5327253258,22.0333382352,35.0684669541,25.5582752495
31.6140180201,36.5823540214,32.8212526208,27.7449878486,24.5515008702,25.4112043059,29.1542350957,18.1942839724,24.7685222775,25.5374682173
28.3693560166,27.3956639303,25.7775468019,27.8735845839,21.7835636047,23.4378027041,26.762350313,16.9509171432,19.1774874348,23.3296004361
23.3883547502,20.7453618713,21.4517114096,24.3780213146,17.3525574218,20.6000516619,21.8251702419,13.6886012135,16.9517100078,20.7863806215
12.2269046268,11.9534019116,15.4387398513,15.7631760193,8.66814824997,15.6939318545,13.1620623016,6.76576748396,14.5985818181,18.0259240595
17.098015897,14.0543762846,14.8537370746,18.5568591398,12.6843508537,16.8292444063,15.5530224964,12.215757606,15.4116415661,15.8147364325
12.6708085874,10.9668902773,12.5528784367,14.5703977211,10.5581294685,14.7084539084,12.7097717374,10.4356274584,14.6904591012,14.5888079764
11.7969372026,9.59516311961,11.0171864345,11.8280717076,9.70186687527,12.9142400639,10.3264189651,10.0917811667,13.968625474,12.8749615839
11.2958522717,9.24484764015,10.0111291714,10.2576899512,9.59452425781,11.3910137974,9.27601676378,10.1238659055,13.3559743797,11.3836106091
11.8113757776,9.52494714479,9.53330220297,9.39745658638,9.77961157246,10.2571497932,8.695435735,10.3602144335,12.49238003,10.0785848458
17.6868311894,17.5791444316,15.1524670024,12.8231892957,14.864952012,12.2061413512,12.4591023835,13.2288524371,15.7712271956,11.0125779737
15.3620506898,16.4556570732,14.1042268857,12.4844471017,13.4628271831,10.1895706556,13.5877195076,12.1916636826,14.4853578956,10.7251725842
10.5752107991,11.9748076493,10.6554835644,10.5120723765,9.83011801265,9.29549195964,12.0968527936,9.61523577535,10.7885226446,10.3837401571
7.33668387978,8.87006020695,8.30216379673,7.70432905892,6.63917357904,7.87532021862,9.4456070141,7.07434322155,9.39795150593,9.23340846745
7.04147106521,7.47187605133,6.89889226635,6.23220312163,5.32158633164,7.18110516829,7.61675558774,6.41849816507,8.62815844806,7.99972109167
7.7382785767,7.34936568004,6.55770215572,5.19478815924,5.20314841309,6.3030383183,6.40764075371,6.44152796135,8.60954606064,6.78479816487
9.01791457118,8.70492498521,7.36070750645,4.89360746755,6.13620542484,5.61831084409,6.41922414345,6.98147222773,9.06692489394,5.96092640594
15.6903441567,19.5465025259,15.6545107116,9.6628378645,12.4545550232,8.48436040272,12.1465691639,10.4822492105,14.4931941594,8.00040834263
10.5486660886,14.6526506901,11.573107705,8.6875821186,9.05035312524,7.01457339276,12.1790138603,8.10471004689,10.6887573132,8.20621205777
13.045835576,17.6190800874,14.1685100934,10.2773463251,10.5567558578,7.81961296021,13.9025116633,9.10216532692,12.3510810582,9.01575011751
9.96416927699,13.0460214591,10.8902198851,8.92114156416,7.61870542809,6.8108853972,12.5293075996,7.45909387191,9.57048339328,8.72366538088
9.38334739561,10.7228472798,9.42516553972,7.64986040911,6.03883775844,6.23650111722,10.4819890041,6.6723735234,8.57851197004,7.90436869471
11.2761973127,11.9111761512,10.4441701109,7.69004931473,6.95656945369,6.5911960044,9.92583054733,7.37667237243,9.47254446038,7.56710388404
12.6423872142,13.7470735178,11.7876750602,8.25806443095,8.22746433996,6.94166617808,10.3737639927,7.98612729155,10.4647856376,7.62795762314
14.1165616357,15.5836723209,13.2874958302,8.77759942992,9.36349492376,6.61342003125,11.2540247632,8.65943868564,11.2872708291,7.57483508394
11.9213557618,13.0138368678,11.2820027162,7.82414543451,7.55075160349,5.67779552884,10.373759848,7.49645078848,9.22362516159,7.12369779253
11.9159536756,12.4609156461,10.9508720165,7.0195701178,6.9327355133,5.0420450161,9.49040110877,7.1228742088,8.71538139562,6.44114411578
11.0022484635,12.3846853471,10.8970605334,6.34575961701,6.7452909831,4.38731731328,9.48622653109,6.87013085842,8.58039090665,5.98338792507
12.4989940995,16.6873596336,14.1442774629,7.58601825434,8.85638058656,5.96408717902,11.5195066827,7.69421544626,10.7831537022,7.20577826441
14.7298811032,22.8525654502,18.8039571984,10.8482881479,11.9449217028,8.52807144908,15.6454244425,9.0101772904,14.1758391867,9.74998353807
24.6071865753,39.3000340155,33.5006844664,20.3978091263,20.8618595173,16.8350338555,24.7344698409,13.6704885597,23.1391227205,16.7732736536
23.7740352319,40.6630082972,34.8148295123,22.8719006818,21.1610364415,19.7527306577,28.9027060415,13.5536499023,24.4264997305,22.0166971707
25.7740022606,42.6347820026,37.1311497823,26.1950978392,22.2934204943,22.3894608939,31.5171720544,14.7409860896,26.8552530323,26.1202783267
23.560433815,35.4589737863,31.7352768001,25.306767116,19.6330001518,21.9935360031,30.6304901499,14.906928774,24.1852560464,27.2434569576
50.8308227335,63.4689785935,58.7656896899,46.5858188095,39.1657114162,38.020284042,42.9642339244,28.6236839185,38.2860980756,36.2274028249
61.6435334656,79.2354871252,75.9672772453,53.8256113442,47.8941398617,47.1228121549,51.2427514014,33.4125382763,47.4693419364,45.7223026685
70.9028634772,81.8364769847,68.6611526281,60.6724339664,51.7316969226,48.6588680725,62.1645395571,39.5199788275,46.6491981457,45.5004827978
78.1872002967,79.1851286857,69.6107082794,66.5926761062,55.1068353635,47.5893073087,63.7040741806,44.5451409888,46.9037848082,46.437130893
67.3480910173,65.7013317496,64.0012490152,60.4226427612,49.5793081858,44.2169526674,58.8119881384,43.3521584395,42.44658215,46.8644145373
54.5977149545,53.7899210469,57.0917277614,52.9088663014,43.3902123266,40.1467893151,51.701520403,39.3539476581,38.5947854285,44.791770548
46.3640985638,46.4083681488,51.949430955,46.7196744257,38.7801979588,36.8265198941,45.6117607122,36.008121064,36.5438387907,42.0833311544
38.5912152418,37.041704365,44.56137428,38.9673450869,34.5915561526,35.2107024254,39.0079085341,34.411057304,30.81855783,39.6223745037
37.3152946825,37.4181990893,43.3172341067,36.6476560399,34.1240607884,33.3177487153,35.6639241663,32.3971358881,32.2412606094,36.5732528117
31.0285011928,31.1277948977,36.8329360587,31.455742542,29.9369299186,30.5997070972,31.6600696242,29.9527271072,28.6706704239,34.324903249
27.9733718773,27.34096201,32.2479293668,28.436017908,27.7317100767,28.1692605477,28.4865829272,28.3385667407,26.5362676045,31.3418916207
30.1593978414,29.114091853,32.2478690959,28.9630450326,29.4875775541,28.306253906,28.2770841274,29.4675971617,26.5231161132,29.7758904681
26.3950110009,25.2700189606,28.4344215523,25.6883887973,26.6051474482,25.7286915235,25.5563261589,27.1884356595,24.0598212488,27.6808317064
26.4223278186,26.4818068495,28.8424520465,24.7728208545,26.2878040967,24.0118399356,24.3100881345,25.7533215635,24.6726680344,26.0283175735
23.8186022083,24.7695664876,26.6887283261,22.9121094057,24.0848437132,21.8134019063,23.4838385646,24.1520732131,23.2654623535,24.6774524155
21.873628102,23.3132476369,24.9901548233,21.5078038906,22.6416881245,20.5570008029,22.846052139,23.3678619462,21.7397121441,23.6361500971
18.6982527351,19.4303895219,21.379089306,18.9940912175,20.235930369,19.432860455,20.8166510636,22.1474474209,18.545812752,22.1967884755
19.1243278562,19.8753224889,20.8485326121,19.2942418893,20.5306483285,19.2812548311,20.7315627591,21.7569209528,18.4265354581,20.7826993871
16.7018649643,17.6632400989,18.752056914,17.4618129566,18.6575367986,18.0578014826,19.1711128763,19.9051683235,17.1389038454,19.5611232436
16.5331923275,19.7341372208,20.2096961085,17.0240333191,18.7348392153,17.5342765064,19.1527438382,18.7357918432,18.9220389912,19.2648697703
29.1057952487,38.2365546898,35.7370058772,26.4169142402,28.9087343323,25.7622447179,27.2810597997,24.4099781211,28.0107621524,24.7673321313
23.7055681404,32.2795162778,29.5632195175,23.7318185808,23.9334715091,22.9335238678,27.7179049131,21.4517216713,25.1601424499,25.2608132606
21.4959393676,25.8996604872,24.6269386465,23.1733390812,21.3850960292,20.9874196295,26.3528808307,20.8900954019,21.8140844008,24.2950426666
21.2731508923,22.2570258455,22.7504081357,21.9300507416,20.1857265417,19.4606728129,24.1189566035,20.8427325983,20.3902934502,22.8514211376
21.226628231,21.3971593839,22.5636912532,21.4686123719,20.3296079225,19.1142176769,23.1785375943,21.3271019084,20.1411525858,22.0458973532
18.247808763,18.5719225783,20.4568984995,19.3175670001,18.7994457674,18.1031768372,21.4888261267,20.404144559,18.6486882043,21.0403643499
18.4620385822,21.5696370865,22.4646895649,20.0834533471,20.5141069267,20.0176929646,22.3776833229,20.9001049142,20.1957535443,21.7747366414
30.700702997,39.6827394932,37.7233061313,29.0591255366,30.4003280774,27.932582338,29.7802918276,25.8694663964,29.7211774968,26.9467419299
24.0892274565,31.4690873141,29.4145497421,25.9488956057,25.1126599222,25.7336821909,30.1416397383,23.2198153623,25.3451665068,27.3647023779
25.883360833,31.7570854863,29.7437961956,29.0034537784,26.5486858698,26.7935181493,31.4007475626,24.4015817555,26.4658369666,28.2543826804
28.5787894028,36.3196483802,35.0376871984,31.1851673024,28.9586782801,29.3028283789,32.910007097,25.5825696833,30.5194273982,31.1948936166
27.8067850895,33.918840646,32.9086708039,30.8956362995,28.2818209364,29.733346077,33.6196494931,26.1780816302,29.7861012241,32.2136596077
29.8917674381,29.9308831454,30.3136217817,29.9777554768,27.7491509682,27.8010236975,31.3801704452,27.0861202122,27.8262827698,30.2500999978
32.3609170904,29.9327869192,30.9897300509,31.020519762,29.1293023059,27.1173965816,30.5214989794,28.6617639143,27.7513238289,29.1350260528
33.1370595192,29.6823846995,31.4490440563,30.3733865801,29.3414998168,25.5941431425,29.3969280917,29.0179020565,27.1563552358,27.7448886389
30.5544301867,28.3466387604,30.5379186374,29.1756190894,28.0622971456,24.0216247651,28.7603999666,28.2636995976,25.9297856919,26.7375153161
29.8263191386,27.8180218044,30.1266665948,28.0592531704,27.5408305164,23.0870036787,28.2584496998,28.1596539532,24.588019174,25.6027232216
28.7091286593,27.2019072466,29.5131612514,26.8369201314,26.7225116729,22.1981599107,27.6309432868,27.6672197941,23.3474237303,24.5902179344
27.3784437969,26.2963838652,28.5319726366,25.5054280136,25.7677958623,21.4382002149,26.8126543229,26.9646181128,21.9609392458,23.604011283
25.8791687804,24.8880503,27.2254772483,23.554681658,24.3676536652,20.3409089886,25.1154757552,25.6657270072,20.4657258469,22.3850266927
24.158148601,23.8838003775,25.9536583389,22.0056425497,22.9336871622,19.1099552071,23.7768379667,24.007448004,19.4858852115,21.1391359936
22.2407839561,23.0836795102,24.7510547426,20.7824815895,21.5166665276,17.9004497435,23.1006305894,22.4310847939,18.8253843509,20.1094412269
19.3471780521,21.6296201101,23.1045826212,19.36715875,19.8354583714,16.9312320801,22.6547864484,20.9673504305,18.0264999665,19.5496034887
17.7863126648,20.2954297551,21.6323137623,18.1721255409,18.6852478246,16.2840912458,22.1310495225,20.1499856078,17.2247168916,18.9193460873
14.1988414555,17.3302456307,19.1992532111,15.376967584,16.3286470262,15.0144065247,20.103249408,18.2554171376,15.9861837924,18.2734709461
13.8945304075,16.3396217851,17.6520101986,14.936851647,15.9223087312,14.7329019167,19.5830136978,18.066530583,15.2720211435,17.3108782113
13.3154136478,15.3011053577,16.5492763772,13.9996756098,15.2854205178,14.0396027577,18.5419142561,17.4788480481,14.8454292509,16.414907033
14.0313871433,15.3855084769,16.1256219553,14.2325838952,15.5708889916,13.8523395661,18.4125621557,17.6852215344,14.6454345745,15.6088992904
14.6710235283,16.5707208205,16.8698615072,14.6157571229,16.1219554005,13.8161589112,18.7270883782,17.7095197827,15.2981523804,15.3598150596
14.205117098,15.7390712265,16.0403440008,14.1020334945,15.5633679877,13.2965603103,18.2747616066,17.3251624826,14.4894184234,14.8753255759
13.7262235911,16.9262385476,16.5671203829,14.8977772556,15.945696561,13.7665440593,19.2849675717,17.0730168202,15.0814988321,15.0903159339
8.38532422895,13.0704541977,13.354730072,12.633933757,13.1548030065,12.5753973076,18.3033176043,14.6869285032,13.5195967195,14.9940080036
6.13000786928,10.8361900874,11.0435013197,12.2209723521,12.1362743202,12.7930448782,18.2406161597,14.1226765054,12.5765013263,14.756291823
7.63633990876,10.3762375565,10.7418844897,12.1283915317,12.3744035627,12.8818217315,17.6787818751,14.6083825167,12.9098534123,14.1595910944
8.10783670864,10.2145269631,10.5535266824,12.4174077985,12.7694030498,13.0608077359,17.5894168389,15.1138323102,13.276522349,13.9630760533
9.12074432097,11.8080851716,11.7762533374,13.1350624805,13.9327407144,14.0276917998,18.033584142,15.8311398543,14.5304566181,14.5059292386
12.7457959022,12.8742714571,12.9805002068,13.1812027492,14.858919594,13.4332954109,17.2950441633,16.5516998085,15.1077038505,13.848353965
14.4031773796,14.9619939338,14.5966115245,14.2574770166,16.0089775608,13.5808610151,17.8832788252,17.2389837118,15.7210004543,14.0003392802
20.1662699671,21.840391995,20.0725116348,18.0519160819,19.8816865885,15.4236852197,21.0243752364,19.4779956125,18.7705446674,15.2713527675
25.9320375204,31.5668359787,28.325161801,23.7808294479,24.7493441945,19.3051716878,26.5509087266,22.1742145282,23.4316735607,19.0026946032
24.1170501663,28.2578880768,25.9356844403,22.8853921574,22.23311104,17.5777694202,27.1135977574,21.0006966276,21.2369221193,19.4068097252
21.7848540214,25.3245513579,24.4205342104,22.7130065656,20.7167672127,17.0283248047,26.9759988859,20.550534335,19.8033120149,19.9761413732
23.9746437835,30.7427145006,29.7309501142,25.7562564664,23.7630637772,21.0503611417,29.711279181,22.4672886361,23.2887591862,23.2981757085
27.7008711712,39.0828890992,37.2353808161,30.5314468833,28.1965368074,27.3924019293,34.5408971135,25.0340487725,28.6894548317,28.8066137757
33.8721387054,47.5793638038,44.4622454238,36.1876467441,32.8839459293,33.4830635117,39.8301667924,28.0166803962,34.3973389527,34.3633797085
33.1819441618,44.5983963142,40.7945824653,37.8456127507,32.3339941236,35.4969108071,42.9320241484,29.2438530055,34.7352476739,37.3682183709
30.5951850807,37.0563349507,35.4711683598,37.1663496285,30.4511165952,34.8551736394,42.0023514289,29.5978269931,33.9146610777,38.0618520745
32.0720425847,36.8843730548,37.5243969281,38.8008002474,32.8228188725,37.9680820583,41.3627784847,32.3368186763,36.5968257991,40.784352618
30.4234030355,32.3305456083,34.5718672994,36.5262994463,31.9160044923,37.2755592448,39.3801740743,32.5570132672,36.9828667596,40.6120953643
30.430847052,28.919982524,32.474104429,35.8084668226,32.1972008849,36.6903284673,37.1817140048,33.9558180967,36.8039608833,39.8781526337
31.275139626,27.4064960808,31.7805023932,35.2866205105,33.1176942931,36.1339324611,35.4071249422,35.5459030955,36.8000217213,38.8665394818
32.5772329821,27.3412772081,31.760463049,35.3996006709,34.4123335258,35.7142788848,34.6321632865,37.2431655544,36.6401789276,37.7559333576
35.346933441,30.0103361989,33.0858815047,38.0287965076,37.1407407815,37.0261163784,36.701756512,40.1822474713,37.0626267235,37.4685593851
37.1009887942,32.3901574643,34.8366089139,39.8081816984,39.0183186715,38.0080984568,38.691001386,41.9102935642,37.942775678,37.7103891221
37.8695254483,33.516198464,36.1299884102,40.1991981771,39.9124068768,38.2745923001,39.4552588976,42.5743348542,38.3147117367,37.9651759892
38.1960841279,34.1890665043,36.9967276125,40.2059579452,40.2185879389,38.1396749308,39.6423738055,42.6593612773,38.37038687,38.0742071553
41.2728800883,38.0520323996,40.5560150963,41.6384371441,42.3496344478,39.1898115958,40.4367723899,43.7333702262,39.5719415128,38.8497274662
45.9699371419,43.9668401263,45.3609767962,44.3130198609,45.1211816959,40.6233550785,42.5061620629,44.9826586304,41.4814501501,39.9824733382
53.3523470814,53.6352521313,52.3137068648,51.3214365513,49.8289746901,44.8947437183,48.5476287641,48.2054561772,45.1173494635,43.0734535485
57.497463038,58.9464098642,55.4043141251,56.9937001489,52.625308044,50.2499564163,55.6264809836,51.7883693849,47.6208756355,47.3933066143
66.1276663835,68.2341319125,65.3305117437,62.8649593391,58.7230852369,56.1321976962,59.9680483549,55.2255931559,53.4538429497,52.5283242544
61.2280147672,64.2238995738,61.4315335285,60.5318113706,54.747606712,55.6874794233,61.3383022447,52.6496964176,54.6024435129,54.6395194797
50.9908923075,52.3804183124,53.8005259104,55.4766141805,48.6775049616,53.1086892074,56.8039440212,49.4856686468,52.6150447067,55.8038062458
43.0981641949,42.2850860608,46.9310779438,50.3233847871,44.8008617635,51.5710151143,51.7503475629,47.7612328701,50.5128782758,55.5089879219
42.1273877226,37.4686416516,43.5096796501,47.8120437535,44.6831643792,50.9581210571,47.9290690442,48.4142839324,49.669139313,53.7126939561
42.7938109028,35.2169676251,42.0819454892,46.0731287096,45.0565572592,49.398642847,44.2980794301,48.9182024371,49.5281825562,51.5245351338
41.4259187958,33.8797595311,40.3204414045,45.3956667454,44.9128310062,48.9477989668,42.7653239397,49.8740175248,48.8057104737,50.5864170344
35.3535087751,29.5804129634,36.7502629059,41.5855991307,42.3008698893,47.2798076045,39.7344770925,48.3967168878,47.07464709,49.7597523027
34.1689679834,28.7990372662,34.8669524573,40.8049756007,42.5348932882,47.2823948832,39.0883895024,48.628147053,46.0995822937,48.3414118702
33.9507024521,28.612758016,33.7695849676,40.4658443474,42.8376985712,47.3630108004,38.9247418587,49.0150871535,45.5636640126,47.3264412516
33.9213175559,28.3838915429,33.2188031645,39.8144490403,43.0227512515,46.8158025028,38.2278391223,48.8149166917,45.3533002975,46.349270073
33.8921063168,28.0464182805,32.6714288403,39.1123466695,42.9978783318,45.9096441269,37.3216687031,48.4798507626,44.6645500918,45.2961308941
31.5377827632,26.6418174555,31.0231087174,38.0096542137,41.7782272832,45.1276213455,36.6080342148,47.6769762706,43.2764803372,44.7093310042
29.986860875,25.8819059645,30.0716758676,36.9165823297,40.8579762864,44.0711547935,35.8477168362,46.2467362196,42.5912289697,43.7348551941
29.6178791421,25.2148049218,29.270776499,35.8910290432,40.1861979807,42.8445078238,34.940240628,45.2123322796,41.5343981332,42.4621753992
27.0732624857,24.0600802513,28.0701528708,34.5605381938,38.7001826032,42.1477353295,34.0281870554,44.0402253575,40.4114612692,42.2438385216
24.3483043792,22.6350266809,26.1898742997,33.563912252,37.4406246777,42.16408052,33.8503439157,43.0718560488,39.3520970235,42.0962606489
22.4617282957,20.8838439507,24.4736188157,32.0955891243,36.3395555288,41.5682143169,32.8286936048,41.7321767958,38.5374534156,41.3783920069
23.2903899345,20.0850233988,23.7423329215,31.2959384743,36.1182218289,40.3197851837,31.5075127409,40.8943100765,38.2141385031,39.9054622356
23.8307457365,19.5211931474,23.1735959701,30.8276219479,35.7081240146,39.0318116367,30.4020184207,40.5370334922,37.4710875094,38.6979015271
23.3862863592,19.2546830059,22.7387423483,30.5103795001,35.1633887254,38.0505965261,29.9150478942,40.1580055497,36.7175374152,37.8386200139
22.5192400012,19.0163493184,22.3202367864,30.0871304116,34.5916490835,37.3259271535,29.7480315509,39.6700292467,35.9571860362,37.1455912296
24.4290594036,21.2947517771,24.082616709,30.7156792866,35.6993881059,37.4505164095,30.1519126104,40.0391082775,36.1803190729,36.6988178722
25.3250851028,23.7740540441,25.8938807725,31.4626468108,36.2952062236,37.9521832326,31.0812933924,40.1044601727,36.6191510832,37.1620319042
22.4612698149,22.1411671412,24.1774046181,30.4209097857,34.3918757778,37.1809488817,31.1709246002,38.5242177277,35.5123594947,37.1849360789
18.2978822097,18.9033438632,21.4739722319,28.4267249903,32.0717642772,36.3747421632,30.0945229275,36.6425863694,33.9322978082,37.1086592165
17.3387303957,16.5553565322,19.5832194921,26.8500863136,30.8591564406,35.0693168404,28.5615792985,35.2891729596,32.8856281541,35.7013781953
14.8167911469,13.2038504943,17.1130906944,24.0078010225,28.5565274421,32.902975239,25.6693324767,33.3684279892,31.2006904872,34.2336471629
16.8892295307,14.4148821268,17.239304673,25.232739939,29.390982175,32.8204736123,26.13128917,34.1219881082,30.8277564855,32.7017437823
17.8443500314,15.8574948534,18.3264104703,25.2569095164,29.6218656468,32.2499965925,26.0475294707,33.9204885975,30.9649202802,31.8794991156
18.300809937,16.5111758842,18.7104289166,24.7019882306,29.1955436175,30.9250506791,25.6642070911,33.0086352721,30.3374503986,30.6499789217
26.0278625883,28.8785315182,28.8188566249,30.7839055883,35.1420364205,35.8140487147,30.3671100525,36.2679691136,35.6108306476,33.9097119888
21.2678018316,26.9643679142,26.449335153,29.5900703633,32.0704403334,35.5254820325,32.1210906688,33.9011658602,35.1093178426,35.8677427533
25.5469692065,31.2038223594,30.4996095612,32.3077298122,34.9035074693,37.996322852,33.8254421764,35.3485435816,37.2151820728,37.8857925542
36.633755821,43.2678192648,42.3106629568,37.7401333636,41.3914121207,42.2929998453,36.7422845802,38.4331404958,42.9078824966,41.4600891422
53.3793408168,57.0209464208,50.0015101197,50.6337262976,49.8132394297,47.8032504381,47.709292901,45.151716374,47.4282491615,43.8052290985
77.9840661639,75.228347917,60.5570182357,69.9962205739,63.2941749795,56.3865797125,64.2688515874,56.7339398796,53.7895672368,47.1094434654
80.5088342344,75.8428425784,66.5056278422,72.5439261783,62.7173093268,57.096318417,68.3364871436,58.2121728174,58.330815398,52.5544994698
70.1940976603,67.4239962326,64.4920750783,68.7380193008,57.5552195137,56.6110274248,66.7240403245,56.0569001243,58.5160871284,56.8642540289
58.2206763803,56.83040326,58.5073104118,62.7798141767,52.4034998696,56.4777168037,63.2393839026,53.7986045251,57.049389387,59.3382810443
46.4945617158,44.7357350543,50.5538293078,55.0510824245,47.350996453,55.6252152313,57.4727475436,51.2385783918,54.8107087652,60.054143095
39.8332917319,37.1613474444,45.2238863911,49.7934612641,45.3074646291,56.0001245191,51.9479385788,50.258286615,54.0215283076,60.089238827
36.6980613748,31.0136086596,39.9323011407,45.2965301237,44.2003367011,54.9789999837,46.7704933044,49.6509209357,53.0309566963,57.978581312
36.7602046952,28.185952495,36.6889886888,43.952312893,44.5887677921,54.0276283425,43.1955595629,50.4223432934,52.6548377017,55.6576869188
39.6554200643,29.3739584064,36.334681531,45.3367940066,46.8462654078,54.3380126704,42.5274620068,52.7802451168,53.1809874872,53.9886629925
40.4841433745,30.3786793203,36.3380038604,46.056432584,48.067796885,54.6183773195,42.5687633178,54.4611153837,53.5034647805,53.3642267427
38.9739893907,30.3673680193,35.9031781131,45.6978386638,47.7778229725,54.0996733823,42.3845871164,54.2090678808,53.9921654965,53.0665872162
34.4798842017,27.3659488755,33.2068777122,43.3777667976,46.0485133511,53.7574527864,41.1843201565,53.6265596677,52.4869240628,53.254155851
30.7417734908,23.7460105063,30.3121782113,39.9624509614,44.7504838589,52.4849483943,38.3326081579,52.3147508116,50.5467600599,52.129049795
32.0350335671,25.4502308823,31.3950764098,39.6866696397,45.9858600768,52.1019844336,36.9030839093,52.0091038423,50.9327597143,51.1682424323
34.9918208097,27.4214864271,32.1949891829,40.1033313387,46.94914508,50.9354178782,36.5868887886,51.9584540436,50.654345445,49.5454250158
36.6069620643,28.4931150685,32.4318782638,40.8343615294,47.05547916,49.5787896006,36.740743678,52.2085636256,49.4090242986,48.2317237692
34.6055846663,27.5439664058,31.7083418408,39.6982319388,45.3863276502,47.5952781919,35.9308919589,51.0260700724,47.570324402,47.2108524494
34.204947554,27.9890877247,31.7306538959,39.5703180238,44.8504350743,46.4769396391,36.1536552717,50.3180687432,46.2084285057,45.9829647543
33.6559747058,28.0040805496,31.6939896194,38.8950219949,44.029175328,45.3184196329,36.0332414097,49.4910683548,44.8468683983,44.9394807923
32.8222886851,27.5190662585,31.3579679015,37.7163896488,43.0133155335,43.9530671693,35.3241921364,48.4274349556,43.2462769136,43.7672256593
32.348349087,27.8579361509,31.3340592896,37.4390612609,42.1112191977,42.8230272566,35.351002054,47.2471194016,42.4258841849,42.754511676
28.6403693656,25.2980485084,29.201719585,35.2484492832,39.8441443501,41.9089723617,34.3011098519,45.9793661231,40.0296073126,42.3538228806
25.7043796863,23.432019689,27.2351585587,33.613795057,38.157203994,41.1076118012,33.4644915785,44.2052218338,38.5965116989,41.4179985042
21.2508669821,20.2895733767,24.2751642984,31.2171394263,35.5043773628,40.0362984871,32.090097513,41.7387352742,37.2113702956,40.794966734
19.6023470305,18.2984719437,22.1336548277,29.8756476221,34.548850281,39.7775756868,31.0860710795,40.7521039886,36.0828908553,39.8368072978
17.9113674114,16.4178908583,20.130530343,28.5527694606,33.2891949422,39.0170698825,29.8839846894,39.4041633514,35.2244828179,38.7392043048
17.0728884286,14.9284298723,18.6458784933,27.3503171625,32.5474072622,38.1844737864,28.4743485437,38.4252317058,34.554114785,37.5941395519
16.296600441,13.8568235689,17.3700626893,26.4642018321,31.8052117222,37.2291091297,27.3316051134,37.4965644664,33.8519632015,36.4228805674
14.110387468,12.1405833076,15.7133000875,24.7923530582,30.138530222,35.5255685293,25.8241365381,35.6134353122,33.0253073399,35.2275620315
11.4849594702,10.3595363055,13.636177883,23.2555743316,28.6124056344,34.5956254764,24.7080176375,34.3309056115,31.2472657493,34.177324834
8.72485687598,8.3848402266,11.4538385861,21.1637781203,26.5835939581,32.8077285955,23.1231512202,31.9627294258,29.5601945919,32.3886056895
6.98172536839,8.31691220791,10.3041776942,21.2473049126,25.8554638903,33.0253942665,23.611114105,31.1895368781,28.8788063884,31.823120119
3.80384847872,5.23261705037,7.61878957797,18.71048618,23.5830135476,31.2505855538,21.7993603738,28.7386753777,27.4753502215,30.5242677567
4.74105509764,4.61218148516,6.83197655667,18.2525840953,23.3318960274,30.1859081695,20.7644062902,28.2951296606,26.9285093549,28.8603810021
5.142123914,4.32889628165,6.42994062244,17.7016058106,22.9397862515,29.1194165957,19.803481584,27.9749202116,26.4241763725,27.7099100743
7.21028989301,5.57412699667,7.12923818677,18.4807732218,23.6613641731,28.5706571527,20.0210841611,28.5236548834,26.3146550358,26.5315902894
6.88083927147,5.87674100987,7.30791457273,18.3070753102,23.3169247948,27.6926970963,20.0643542903,28.0986319509,25.9757749633,25.9802650594
7.1161991274,6.65663247522,7.70278892588,18.8416613468,23.5234200192,27.5414365346,20.8873773416,28.214557223,25.607067147,25.6075620346
6.6367078454,6.58597573563,7.62349319179,18.5364640329,23.1286582641,27.0766729026,21.0437221087,27.736222019,24.9059443675,25.2080724517
5.64972006101,7.38808767012,8.18709405589,18.3112119283,22.8122113005,27.218002388,21.3347295528,26.9619318015,25.0701813988,25.6080267361
6.33728911658,7.01867782567,8.03884580605,17.5446778844,22.3326555022,26.2499038109,20.6663782423,26.1957471422,24.6221057159,24.8830440932
8.45199007307,8.4570127322,8.84733216418,19.3067311358,23.2183737106,26.6589188919,21.931898404,27.2261025024,24.6415516755,24.6631038355
7.76216493665,8.43415372703,9.09194178182,19.2295570142,22.842476084,26.4618409052,22.1924344056,26.8235050024,24.6656689159,24.9632571359
5.31569781784,7.11009421971,8.05161482455,18.4445361232,21.705870963,26.2703649936,22.1301160949,25.845921645,23.9184629811,25.2325390484
1.7716891324,4.76102285935,6.01634285296,17.1985279502,20.1014836818,26.1615226275,21.7191181911,24.482163359,22.9102833416,25.4508537323
1.24523892186,3.20771609985,4.9892169478,15.8705899931,19.382451461,25.6026314846,20.3536287058,23.6776285323,22.655291842,24.8144807503
0.84855010564,2.37467801864,4.12452411617,15.5786156658,18.975056315,25.5151670965,19.7919463319,23.639202234,22.4665926994,24.4835941889
0.917245150898,2.35980579781,3.9234217985,15.4747223695,19.1155291411,25.7723851686,19.3768604125,23.8849717572,22.542654503,24.2697061856
3.72406111454,4.41765453722,5.67803468394,15.7300330444,20.3681002042,25.9044904447,18.8300055923,24.506802216,23.8756368936,24.0401365887
11.7785563722,11.8982306644,11.3421257295,20.0993527698,24.9627284862,28.1822257672,21.4846481423,27.9018755289,27.138801528,24.9386520029
14.8899150598,15.1809446531,14.2429095865,21.9609468021,26.3778348248,28.3066599356,23.181861342,28.7510000937,28.4440210395,25.8740775594
14.7445785983,15.5766149955,14.8076081397,22.9213671646,26.317123436,28.0978105736,24.5788700763,28.7922887833,28.0461005564,26.6726020127
12.7589365262,14.8841092229,14.8999984025,22.1606474125,25.3976786922,27.8247211441,24.5597376331,27.7909958725,27.4980234876,27.5800996737
17.921993048,21.8432906825,20.8708608195,25.8179835893,29.1070309852,31.1346421934,27.4966594247,29.9863552111,30.8407563692,30.0038340155
20.0155452806,23.4934975779,22.6784312539,26.2770676391,29.5427737919,31.5605009407,28.3077614976,30.1192776165,31.6314635165,31.2709723295
23.9876623986,28.4855809085,27.2271286166,29.5491326759,32.0437284098,33.775315579,30.6408470134,31.6634122368,34.1348290464,33.6414175129
20.5806604233,23.3885101587,23.5069090914,26.9899654253,28.7220009311,31.3998449228,29.2376339507,29.6996547775,31.8588757025,33.3589061749
17.4775510259,19.016393277,20.4170841984,25.5244326732,26.6257811136,29.9948110908,27.5746236821,28.819369886,29.697579509,32.7338411516
12.6759894055,14.7526435589,16.9138900533,23.8864931651,24.4902202854,29.631728759,26.6270189418,27.9476331636,27.8692842004,32.4890363092
9.08300811563,12.0144221281,14.6383283727,22.2718760471,23.3134745017,30.0147972753,25.6523089979,27.2459228984,27.29051389,32.3535283933
6.66757415214,8.72678871349,11.8447243326,20.2509061769,22.1054708135,29.7043355372,23.9274002196,26.5646992762,26.4370771099,31.4241276309
5.38672819486,6.26979987133,9.43759794392,19.1033881741,21.4785167347,29.4680391768,22.432507549,26.4785385935,25.5655892021,30.1554621949
7.78848672344,5.75821078356,8.96646333527,18.4768039073,22.4023274725,28.9850274331,20.3937756646,27.3705196327,25.2998804134,28.28033628
8.59972060599,5.92253421199,8.8255628523,17.8879096503,22.5696350079,27.6681612032,18.8858685172,27.1547127634,25.3459885653,26.7343992215
10.4225734398,7.66856997475,9.60641624732,18.8166709345,23.7443173654,27.242426351,19.2701215248,27.925062478,25.3609529675,25.6027532345
11.6654814934,9.12908009487,10.4241706457,19.3569535388,24.4604969893,26.6684117218,19.7635327889,28.2579901485,25.0040932894,24.7462268749
10.9550494581,9.30674968433,10.4677782799,18.712344998,23.903465153,25.589857965,19.5363338874,27.35989561,24.1084711745,24.0828579771
12.5685982491,13.4034035975,13.2665610349,20.8414183723,25.4836659777,26.7978582953,21.9423464546,27.8984084259,25.4720034688,24.8649694387
13.857907775,17.0685548286,16.1554196229,22.5412114698,26.6198180742,28.276418405,24.3971780944,28.1757646626,27.191301018,26.6144247409
11.210304202,14.5860925711,14.0599849413,21.8349357204,24.6799669154,27.7732251533,24.9961162683,26.907386891,25.8858162319,27.1781847113
8.22532728417,10.7836771766,11.4834105946,20.0290516363,22.489778796,26.6565206503,23.667830181,25.313069116,24.4135676215,26.9765362171
6.235464467,8.33556570631,9.72783567788,18.8447804818,21.1216161915,26.1456488383,22.5699034362,24.437845819,23.6593253933,26.627202154
8.38673903065,7.29628396519,9.46602493749,17.621358924,21.1019493175,25.1256153128,20.3741035379,24.6669651563,23.2343237374,25.1293694448
9.31365625298,7.43552457544,9.39872708407,17.6190594429,21.2772063198,24.6104323432,19.5094844928,25.1438776202,22.7600015646,24.1433781294
6.62537835934,6.0551046588,8.02949588427,16.1049189555,19.9770377081,23.6645601471,18.1949143576,23.8857398317,21.4487694912,23.3548499997
6.6633628009,6.81724465185,7.9061014341,16.8856927205,20.4109686429,23.8751272775,18.9838552223,23.9740047255,21.293322916,22.6225136869
5.67450081889,6.6838136142,7.51020780059,16.5016329467,20.0110522925,23.738279145,18.9985300527,23.3550898693,20.988587445,22.3311328568
7.07230453591,11.3935786865,10.9429603351,18.5424075499,21.9364847449,25.9848334575,21.2729803269,24.0291793919,23.9917365839,24.2007692007
9.16608279515,15.6049053411,14.0699544401,21.0012220786,23.8618434318,28.666300397,24.2256060924,25.2669494098,26.8355442751,26.8529529597
8.5710080197,13.2215448334,12.4723383213,19.955457721,22.5742247255,27.7826511613,23.776864934,24.4580337572,26.3238588783,27.2423168033
8.33571335321,9.67041079397,10.1825360978,18.7800194208,21.3288306844,26.3387155973,21.8978054613,24.1620272294,24.5630951986,26.3710648393
8.7211810605,8.14784270623,9.4819752826,18.2475761316,20.8705312888,24.9472779099,20.5186101822,24.062296435,24.0887288292,25.2305827364
10.6027862925,8.20276651447,9.88170284795,18.0854609017,21.4303150472,24.170081526,19.5560117979,24.9298610357,23.4707520204,24.0269314904
10.6823215944,8.5513587533,10.2184862554,17.6842153242,21.2740199858,23.0069678597,19.0987404603,24.7117927953,22.9303995117,22.8951492853
13.0035604482,10.4402783356,11.5436274919,18.5702865286,22.4545920866,22.781982131,19.7518487398,25.6773801201,22.5440339735,21.9335885773
13.9243566105,11.9705523731,12.5600586826,19.2863964824,22.9227688252,22.4437919921,20.6722563791,25.8695225557,22.0169579156,21.2881404401
14.5225871844,13.3514040126,13.3442595449,20.6019515944,23.697815788,23.1179674619,22.3074186056,26.4351770288,21.4424998227,21.3449604121
19.2447276154,19.8220962553,18.4182040552,24.5463423924,27.3215526244,25.8453379769,25.9495391295,28.2850258135,24.3365588458,22.9957140885
21.4842758449,21.5685386668,20.1327868136,26.1020748284,27.6504529668,25.5589963837,28.0642099904,28.1551254577,25.4252946545,23.5679961238
22.9557035225,22.7671447958,22.1810068458,26.871454407,28.0181424513,25.7556768108,28.8288303077,28.5072850346,25.9334565532,24.7312322194
26.2365111546,25.382654353,24.8969456193,28.7197589322,29.5414239203,26.5789949393,30.331773476,29.748748119,26.8655978196,25.6773374753
29.7599389518,28.0568074219,26.7630166296,32.6542069969,31.8620139152,28.5377380281,34.0862264138,32.3675734938,27.4931157202,26.8346924791
37.891859382,36.5662843987,33.5990958103,40.3420228074,37.7322354105,33.3192799764,40.7126940417,37.0009762875,31.8944139717,29.9166890696
36.5155878089,34.4687922093,33.4312532842,40.146991129,37.828471659,35.6589276237,42.7328954311,38.3584065169,31.3592480956,32.9043469165
35.426994293,33.0334331568,33.2103857452,40.2858911661,38.0602075505,36.8262993258,43.1195379532,38.0013213949,32.2611826848,34.3434288263
38.2151932224,36.3964004095,37.1339623699,42.2631704305,40.0976017887,38.6046216795,43.7506578399,38.3914528748,36.1125177996,36.5059836119
33.4069032693,32.9122878492,35.792047932,38.8780193419,37.063981418,37.9083037276,41.2689681495,36.0961656136,36.5225400793,38.4757736394
29.1335878565,28.7618115495,32.3289215138,36.5825317244,34.9371362711,38.0531425291,39.3552799942,35.2817325342,35.3527867718,39.2887757053
28.6650599763,27.968643564,31.4741298802,36.2687387423,35.0499123942,38.9541122186,38.412081392,35.7525840623,36.2036430885,39.7370282367
26.466920017,24.0026169629,28.2736858249,33.8103398211,33.7925959279,38.5208179585,35.9099217162,35.6783787636,34.8708637691,39.2488006352
27.4070466945,25.9605871028,29.7400489644,34.6627300799,35.0605235399,39.2995391389,35.2487991337,36.1940160551,37.3666583024,39.718626753
26.4706715249,24.5555355188,28.3753925579,33.236620575,34.5293904095,38.8794713556,33.9656119179,36.2394616083,37.1244913272,39.6068082166
25.6536360349,21.6901850233,25.9732880244,31.3453756179,33.5121460246,36.9543923014,31.4819517439,35.9000506978,35.6871594658,37.9993225614
25.5574717052,19.2757911857,23.9505647338,29.3829553046,33.3114854686,35.5323928135,28.3802090642,36.5549143477,32.5980870065,35.9162969783
26.9338051655,20.1295472315,23.4958309014,30.0348176029,34.7907363982,35.2081080154,27.9998379076,37.6187578338,30.8153422727,33.7915265166
33.6175278743,25.6502974505,26.3014689174,34.5866595727,39.6503360947,36.363856792,31.5345595878,40.6599669086,31.1429871214,32.0834457822
41.232812286,34.5109637614,32.6450390509,41.0251814223,43.6856493469,36.7181662584,37.2686111633,41.9330965701,35.3052990758,32.0013538299
48.0105766585,40.4836776697,37.7967180107,46.0672125008,47.3081097279,38.4450813144,42.9794372131,45.2508458131,36.2728205638,33.4778650095
55.4228434814,50.2622424937,47.0171258003,52.6001386239,51.945705162,41.8358583219,49.0732799623,47.9104258859,40.6312890955,37.1348332633
52.9640656355,49.2085964152,46.8584695435,53.1087910826,50.7171803734,44.5675873582,53.3337143944,48.7645905817,39.9791562932,40.9463341636
48.8449448546,47.0653479589,46.9898838267,51.4697410004,48.012362075,44.1177180844,52.723118861,45.6285238417,41.7955901274,42.9231327348
47.6718909486,43.5238411171,45.611181534,49.205975252,46.9025969294,44.1359232122,50.6619624448,45.286993539,40.6460012772,43.3994329082
41.2162582796,34.7168339321,39.7293642842,43.6852448245,43.9845162328,44.1991944717,45.831824832,44.5449174276,35.3115155261,43.1731738385
36.846468552,30.6808359556,36.1543024582,40.1930404446,41.8334639009,42.0051029251,41.1244539153,40.8886311905,34.336666268,40.6212069292
33.1741333585,26.9949367762,32.4287944217,37.1413000239,39.2854979504,39.7309385525,37.1896422945,37.9106173399,32.6379631968,38.304102262
34.0153307907,26.5030534417,30.9685463612,36.1989750976,38.9957381276,37.8343457014,34.8918535823,37.1322848066,31.8283764871,35.6830424844
35.4186947214,27.3408537505,30.7972140333,36.0774041546,38.888394828,35.8780689415,33.7496661597,36.7445751852,31.4793976538,33.6494193854
36.4160480741,27.951639376,30.6491639607,35.9239027413,38.9578104797,34.5205084339,33.2755640236,36.8496620168,29.9801542965,32.065618262
38.7980299678,30.1777872591,31.7517513132,36.9552686659,39.9790844343,33.4846194996,33.9644595409,37.1987629408,29.3310581711,30.5933670804
38.8805263334,30.8886572721,32.2659767955,36.6545991013,39.3333573158,31.9801844228,33.9053301897,36.1826868617,28.1036025869,29.5195808888
41.1775819902,34.2473080708,34.8377096195,37.9334487083,40.6606915875,32.005842833,35.105476664,36.1772867532,28.0380476868,29.2845004992
42.6123059172,41.1635927924,40.3950342498,40.6388072197,39.8124520998,30.4472945281,37.8103088298,33.5075643329,32.8848457941,29.883630168
35.0497519552,32.4168439491,34.1076190748,35.8923941059,34.8450208727,30.6416307113,36.8307554102,32.9522340209,25.626832705,30.9414977513
29.5063374762,27.4433760746,30.0493560087,32.479319397,31.3191940619,29.5480081717,33.7737285248,29.3484411862,23.4851346455,29.4685571538
26.2104410461,24.2004974398,27.2649341561,29.5547780529,28.1490609865,27.5621145199,30.4453399284,26.1521070396,23.0693299445,27.6370535419
32.7955279936,32.1348160154,33.3819282112,32.7966892826,32.4381360349,29.739844101,31.9006631177,28.3201148467,27.7979829994,28.5310730767
29.11475918,29.7073573104,31.0151883762,30.4950073458,29.3974099265,28.063054907,31.2586613018,26.5594740135,27.2326119853,28.8200740541
26.8505000848,26.6915328505,28.4184809616,28.9456403488,27.5165400538,26.7854593874,29.8523102162,25.9051616772,25.7239965769,28.2025799534
29.1322901432,27.2253811192,28.7827367699,29.127489129,28.351065002,26.5069215674,29.2086795442,27.0301226837,25.6431004467,27.3324982664
26.8347187784,25.4955934067,27.4907323643,27.5749969193,26.8186808161,25.173724009,27.8797404626,26.0793009767,24.9056691038,26.7114509367
26.2333238835,26.555429599,27.9897652927,27.9293702869,27.2311028866,25.6427100511,28.4819579594,26.3256314825,25.3583532891,26.9155956718
23.2538583437,23.622020367,25.3511594718,26.0149965613,25.4683290387,25.0939333195,27.540660707,25.4656365606,23.5297383554,26.4960306419
19.1623063593,19.3171863798,21.3410109724,24.0633162309,23.3824811458,24.9229556467,25.9387539698,24.1117863335,20.9255760263,25.6577259933
18.2815870663,17.2410172271,19.5054088209,22.2042176358,22.0740949896,23.4970635195,23.3811867934,22.5664601903,20.5752791382,23.7928683157
19.2417515731,17.5424375942,19.4216882184,21.8777331879,22.0206315287,22.0877816795,22.5093476872,22.2888206959,21.4439463311,22.3668660309
20.2279779068,18.3785363757,20.0968873651,21.4476692087,22.1497252315,20.8379396663,22.1597999904,22.5137147036,21.9344314053,21.5598052521
20.1180968194,22.0438844598,22.6236370235,23.139681047,23.6629556815,22.4007288504,24.6323501808,23.6274511715,23.6248176169,23.1692282206
17.7502179949,19.7059203013,20.3948092851,21.9260310904,22.2024513932,21.8012105533,24.8853987996,23.0921990911,22.0513710407,23.1358948642
17.52043205,17.4264239465,18.9306703549,20.2781728168,21.1024162304,20.643931598,22.992028504,22.6028866474,20.5927162439,22.0908257306
18.1081670982,17.2237395373,18.7344543577,19.959527076,20.9952200523,19.8670562174,22.153546821,22.5244923828,20.2931020215,21.1201314748
20.3776773704,19.6981186768,20.6778837034,20.5235601533,22.4639281792,20.5241377766,22.148566232,23.4282399199,20.8117302259,21.1177314083
19.6691003387,19.528952063,20.3297696183,19.8077957873,21.6950337356,19.5421501852,21.5682569937,22.4071580148,20.2470475781,20.5226505976
18.701027622,19.0288493918,19.7284707525,18.966838938,20.9268980462,19.184954253,20.6697766063,21.5258611578,19.06624873,20.1460103686
18.6542194844,22.3292498687,21.905969205,20.3274895018,21.685385183,19.8163458854,22.4234112217,20.9145541038,21.1556537202,20.8791422546
18.1967890276,19.7409140657,19.8179463992,18.5662735561,20.0967273352,19.4858738044,20.7528600752,20.2440056211,18.4501803264,20.4794842643
19.947633953,21.5145762557,20.8900363465,19.4446753901,21.0934500386,20.5294071102,20.2839458395,19.8504443929,18.8161734244,20.5230991753
31.0412363812,36.3464966239,32.8815196154,28.0557915516,30.478973022,27.0183724978,27.1491466589,24.24199728,26.1774372391,24.5417627039
24.4941552313,29.4434844201,26.3997468087,25.5741842043,24.473690814,23.4806683032,27.33535331,20.4696535764,23.2889765618,24.2663044008
22.4664375793,25.8573093109,24.3726126498,25.4705306225,23.1673532715,23.7338944221,26.5171687458,19.8723807505,21.4406377297,24.7438898667
22.5971936973,25.527087944,24.1737575603,26.3229507177,23.1738025849,23.8819242125,27.1900732903,20.2951465504,22.6178849214,24.7333677674
20.5971002071,22.9165620212,23.012504317,24.5144819528,21.3757638854,22.2860840825,25.863537954,19.5797648467,23.0322295469,24.4365855298
25.4255589134,26.3588547529,26.349516934,26.3562353746,25.786823356,26.6576609281,26.5844717973,23.2303782136,23.1555721994,26.3248117653
29.6578731933,32.1158252175,30.7079455726,28.7228195177,28.250510404,26.6527747491,28.115016771,23.7516413982,27.6967661985,26.6482939525
24.2521485397,26.4712358194,26.4968168466,26.300812826,25.3345211459,26.4999662638,26.8983005669,22.087265061,23.5378705963,27.4613490778
29.3395924823,33.5855790005,31.9969714403,30.4062881078,29.1794341262,28.3098631843,29.5718725481,23.9232011317,28.4293190847,28.4734596365
21.0312510033,24.5947687982,24.7524025088,26.0624826166,23.5865302179,26.3552834939,27.7199355526,21.0543695879,23.7996980134,28.4017415121
15.864882902,16.5448665963,18.2684964217,22.678808822,19.6245499799,25.2199944283,23.6682315427,18.6465302508,19.1229352821,26.1416064632
15.8171116569,12.9086878644,15.1086153176,20.5354844537,17.8405157536,23.5835495693,19.1478234645,17.4624730683,17.5267417468,22.7412639335
17.2101618794,12.010623578,13.8101579523,19.3399013373,17.5464754673,21.6312410752,15.9553790506,17.1357128208,17.2933680871,19.7325470636
22.6639923351,19.6561219107,19.3034819015,21.5860172532,22.3710507538,22.4042807559,17.5673174006,19.3144346013,21.4921704314,19.7926492717
25.2756807361,25.6130159559,23.4825968647,24.276232488,24.3938659728,21.2189170195,21.6956216352,20.3386622151,25.3131717456,20.26782426
22.7270436128,22.3362966171,21.5349466606,22.2348123182,21.875934278,18.7675577473,21.8376904647,20.0263229996,22.2469579988,20.0820259815
17.9571374032,16.5977938377,17.3186182052,19.2736743445,18.5383268944,18.1121349196,19.5352404013,18.6119679829,16.858123946,19.3861945198
14.3897107742,13.555990905,14.6193980658,16.945395184,15.7976833062,16.9905969786,16.9555363204,15.8101566376,15.1033003356,17.6214317041
18.0246794018,14.6444066548,14.7061232098,17.8277141988,17.0011582906,17.0464663559,16.639177761,16.9645305028,15.0571958544,15.8530966557
22.408811915,17.128798172,16.5236444666,18.7532021891,18.7974014573,16.2679198287,16.512920637,18.094249716,15.9626721277,14.5378861702
23.5620152004,21.8643956494,20.7746037075,18.8116741228,20.4949388317,16.9857379009,16.8426867216,17.4242813245,17.9248295396,15.7183909437
24.7885894692,28.3081266523,25.7497904318,20.8880289665,22.6733979935,18.6283477306,20.0979385912,17.0959282333,20.8906768128,18.0122175191
20.4530850796,21.7782300636,19.9709327343,18.8179635837,17.4952000353,16.814544669,18.8011941718,14.0103783235,15.7412945328,17.1977483909
22.0725605644,23.3058211261,21.3128229953,19.487448228,17.6287323473,16.5321037912,18.3854789012,13.8343941139,17.1149737138,16.8840671298
24.3836626062,27.8193785896,25.3505986935,21.4618750688,20.4293643158,19.4296256673,20.4440001933,14.6205277373,19.2490512932,19.1497838984
13.8075146962,18.7467652396,17.4219749537,17.567567675,13.0202234998,16.190186616,18.3294085347,9.34754679746,15.5783778487,18.1605860111
9.33669324908,12.9243490986,12.6536861474,15.3657432501,9.47379644158,14.7190110952,16.2196023725,8.10895657406,13.6962416687,16.6166261667
6.52546653714,8.41387820472,9.26313237317,12.3767292573,7.0766417591,13.4746148446,13.223636085,7.56887033228,12.6297259983,15.0099895372
5.82551952155,6.10566197011,7.41867226553,9.99880945502,6.52593659077,12.2178823663,10.7570176044,8.08117011881,12.5691581903,13.2914187379
6.80303369852,5.43042368217,6.35722740918,8.85363496689,7.02740319697,11.6707678936,8.97438373979,9.04912757624,12.0652314823,11.7311537297
8.76563758983,7.23815470579,7.07210164772,9.01412129617,8.8095128878,11.5201116294,8.70056447986,10.1614131821,12.714079556,10.7124270145
8.20810204746,8.09999948026,7.2964207306,9.04668974175,9.69341106952,10.2686649828,9.73881408607,10.436300543,13.1348337096,9.90573771672
13.2173801471,17.9326092386,14.8691419425,13.2107425354,15.223139438,13.7733638069,15.0347133822,13.5802680058,17.9262915465,12.7114923809
18.5002507698,26.0009338123,21.4648728857,17.8482169349,20.0604223681,18.1572466776,20.2182930629,16.1727602982,20.9907125116,16.8337824899
27.8609992325,40.4576332791,34.4226802672,26.9492790161,27.7341533449,24.9552751928,28.5909795762,20.1183259999,28.816920775,23.4831896965
23.6388527732,33.3706858736,28.4543813265,24.8859726236,23.0107014694,22.6336436905,29.0284221422,18.1680561155,25.320230611,24.7370175936
21.3766962867,26.2035537396,24.0287799277,23.5761269672,19.8647862336,20.2455590525,26.5284975784,17.5160321689,22.3480138655,24.0775053131
18.3223282293,19.6673019119,20.2260354147,20.9508034603,17.174517176,18.5983374014,23.1280090644,17.0683461893,19.4951800661,22.8422594928
14.1800742441,14.1194408999,16.3590553259,17.7130264665,14.6261920043,17.6160932942,19.3569560989,15.9344156618,16.7679036341,21.1706235281
12.7197685181,12.3711149932,14.6150298866,15.8228905185,14.0128350189,17.6616543879,16.5977396365,15.3293604296,15.9398437531,19.5143259217
12.8002411745,13.5586367043,14.6266338099,15.2830142636,14.8102043455,18.6812506005,15.2592795062,14.9005981947,16.4163709015,18.8084482685
31.9134385428,39.5153434707,36.3615569957,28.5614644591,30.8557991154,29.4265022761,26.1350711257,23.5928086528,29.949366628,25.1421262543
25.3241188465,34.5695002972,30.5988088577,25.8528303042,25.5850255743,26.0370788177,27.8829387739,20.1407684821,28.466182031,26.6021523995
27.8433231961,31.4318752231,28.2845892415,27.7121119027,25.8790672886,25.466244844,28.3295549213,21.9674435362,25.5259795694,26.4457625888
21.3779218984,22.4706009644,22.3144297723,24.0849737878,20.9397634317,22.7434433978,24.6886443902,19.298504314,21.0879383845,25.1621943885
15.1672006556,15.05098594,16.8800917711,20.0236616656,16.4739104155,21.0321642012,19.905508219,15.9954461819,17.1794911796,22.9080529525
17.5198606674,16.8206051778,18.1413944282,19.467577738,17.5975156443,20.2864344806,18.1998616429,16.6429762545,19.4598709123,20.9963826201
32.8557182855,35.6199544209,33.7095502052,29.1395341927,31.6785722432,29.9169711521,26.1479758735,24.8018048728,27.244265925,26.1690093741
26.0133467807,31.8333557017,29.1926269095,25.9221625761,25.7505875029,25.1747730854,26.1891016478,20.030839423,27.2521065042,26.0400948421
33.2814381456,37.3412636514,33.7404189957,32.1787012046,30.9984955027,28.5286125258,30.8855350106,24.6110080293,28.4485201914,28.243026852
56.1035903646,65.1428295581,61.4145609083,50.0450279425,47.9293332546,41.7826195859,43.5967543353,34.7189336923,41.9035517936,37.7871942547
44.8855334725,54.3288069971,50.434966712,42.3292577854,39.5254789065,39.4020164474,45.5220450025,31.2688257231,36.3440366294,39.7256251705
58.7763842538,58.1692651513,50.7272715353,52.5902610886,47.3026666045,40.8542728569,51.277583814,38.7999967437,36.7655525151,37.9301758462
74.2583974416,74.9589822285,70.3328371848,65.0111031796,58.1245491914,47.5667337075,57.1343474791,44.9824883629,46.9842269145,44.6398138502
61.9531887008,62.4132616423,61.8975566688,53.6600892341,49.7923030388,43.9634600444,54.3118445828,41.6653751536,39.7328064598,44.6841560397
55.9890718662,50.6300678422,52.7759986282,49.5878544835,46.8215096286,41.0221752959,49.2993089036,40.2797873237,31.7572354184,40.8138399335
50.0544934287,43.2337754843,46.621322157,45.8624455748,43.6447899681,37.8842200704,44.9538041255,36.3656876923,28.0720905145,36.7470969187
46.433222563,43.8114090834,46.2256181039,44.6442243198,39.3369623209,32.5387981928,41.9633038943,31.4585957228,32.0211580363,33.5038750364
36.605000979,34.6470350225,39.381840797,38.3962855976,32.6946456436,30.4175239437,38.1424284276,28.7765315264,27.3651437715,33.1696149832
28.8226520832,27.1643468231,33.1171165507,31.9236901092,27.5713965994,28.3868578168,32.7743518477,25.6794268412,24.1030664802,31.0887991912
25.2391657071,23.9460065224,29.4635524798,28.3552828561,24.8683059082,26.15919006,29.1001676511,23.7422564637,24.0367179447,28.5826169708
21.0751292435,18.8247172639,24.3744704705,23.9500724596,22.0571243563,24.98547868,24.8200418441,22.503413007,20.9395561133,26.6784685119
18.4165205014,16.7711971512,21.2224465069,21.7120707721,20.6205568771,23.2891609328,22.2002936842,21.009370307,20.6338181759,24.3223038251
18.4539720147,15.9207751117,19.0952535225,20.8437859144,20.6513275012,22.6088581698,20.8921569838,21.2847491903,19.6976281449,22.4542294405
17.0450952976,14.303507299,16.9200627417,18.9348658067,19.4782491526,21.1349130082,18.5645199885,20.0505374468,18.4366660999,20.6500213256
24.9615290688,25.5110918502,25.0444594099,23.7339486287,26.9396924506,25.8054925413,22.1579114936,23.3911552468,23.2173932611,22.9002621964
24.2779757839,26.0450386957,24.6390477043,23.1366442426,25.6534559781,24.5769407923,22.3459496118,21.165183282,22.977643267,23.1850281283
24.9409495707,29.4650873908,26.9751953981,25.2177099655,25.5005330831,23.1926461243,24.5143268214,20.3575320864,25.9531343279,23.7801764419
21.0194228805,22.3673416381,21.91943652,21.6260479762,20.8908964466,20.5276174896,22.1365687037,18.9232999428,20.9179665156,22.8599702423
15.9993206531,15.4945759742,16.7554432348,18.0125027547,16.3625326515,18.7092531352,17.8075737093,16.1569602229,16.2912511926,20.8262825315
16.6802788102,14.7757559891,15.7792295504,17.0407032949,15.8122549582,17.4264501818,15.6775357357,15.7353156825,16.1603728206,18.2791643773
23.6084370028,25.1831985589,23.6627860688,21.4375919014,22.6913084793,21.758833136,19.6323303099,19.0972625745,21.1218859014,20.3031651709
18.1188366813,20.2786362566,19.2465901203,18.1285016284,17.8638221988,18.3836270984,17.8600303273,15.3353883011,18.7222258958,19.2108385588
16.1830345567,16.7799553187,16.2033470469,16.9306526326,15.516004143,16.2203073153,16.5155167582,14.2733489523,16.6277940283,17.4731484851
13.6573609876,12.8745318856,13.1386251912,14.4404899059,12.5439868051,15.3524480876,13.3658724851,12.2648499402,13.591858026,16.0068689822
17.2452999345,18.4249604829,17.0092413689,16.2476702398,15.7962767064,16.5732933109,14.8745132511,13.7044424871,17.1677775525,16.0668862523
14.1664404164,15.5238239627,14.5613544969,14.0901874975,13.3024829825,13.7290558143,14.0407497392,12.1749770817,16.0801088281,14.8799336399
12.1934465567,13.3088998648,12.6474445182,13.1008712286,12.1342973058,12.4105758682,13.8985214929,11.9732029811,14.460251723,13.9023861749
6.63381012966,8.65772698201,8.7161394978,10.3394141674,8.59352324246,11.6223390115,11.6757265591,9.26204393748,11.351058463,13.0387219866
6.79105703342,7.87949720989,7.92216637341,8.99390089164,8.16413112549,10.3718199689,10.6052577249,9.25903082176,11.6952138318,11.4026461469
8.07978782659,7.70796665701,7.55967581896,8.135318207,8.35363309825,9.65294947712,9.6396119416,9.88521490483,11.2450476158,10.1918776447
7.71609055129,6.93789574092,6.53164752616,7.11288709246,7.58563660146,8.97734171987,8.05590634379,9.16244775794,10.1168756726,9.07482485486
7.24684853702,6.72267988109,5.70443884389,6.71749372287,6.97504190776,8.4355849781,7.16526863247,8.17460530447,9.44476814858,7.96324025657
5.94073803058,6.05285891785,4.60170799888,5.9568544066,5.73786901338,7.72411852454,6.21599002341,6.64855550712,8.72198845528,6.98674083329
10.5500388916,12.0375023812,9.08481000846,8.48836078324,9.70180191205,8.28509261733,9.79999913069,9.33399056098,12.2280200559,7.29317749817
32.378636528,43.4891365841,37.1270468558,25.869871258,27.9262507653,22.4320260083,25.7304936275,19.9133952034,27.968757053,17.2831614575
24.6692585178,35.5671152787,30.1097183794,21.9108210677,21.7066325893,20.0002879326,26.5801925142,15.7840643486,23.1849422793,20.0047048551
25.9794815508,34.6350559026,29.6094893547,24.4649452028,21.3417416531,18.9146406348,27.3741695669,15.9461273379,23.5319222311,21.049019482
28.4914391926,33.7595205048,30.4611027136,26.0541635407,22.3797986684,20.2101956449,28.025179258,17.9547727284,22.7259848646,22.7619208446
30.2512721961,35.6770088514,33.0836250013,27.9404520631,23.8007358577,21.0497103061,29.2276444906,19.25590567,24.7795461163,24.1099569576
25.6088083366,28.1154093222,27.9114575291,24.6790731944,20.0278004076,18.939680325,26.7938918239,18.2881903613,21.0236615302,23.3152846079
21.3451099004,21.0417224451,22.8831377128,21.5764231236,17.0800783119,18.1728707175,22.9407234576,17.2436003113,17.0069510503,21.7306265995
15.5743201567,14.7370410198,17.7635377802,17.3640529426,13.0365209536,17.1598669068,17.6427973619,13.662163772,13.9654185214,19.3476129887
12.374845314,11.4380978023,14.0742780772,14.6712120565,10.6235285376,16.0466293245,13.7955455996,11.1984118935,12.9808919141,16.6284243133
10.9578299563,10.1521801281,12.048332144,12.4296220023,9.63915432377,14.4829488355,11.2455468843,10.1680548885,13.3288875195,14.4524446441
16.5412292656,16.2263492041,15.8991281116,14.0858046387,13.9712528225,14.8668530306,13.0541740481,13.0909611008,17.0005004434,14.0014007226
15.079580824,14.0271470257,13.5102463311,12.9040036603,12.7824666428,13.2463775191,12.3462336005,12.5212593274,14.5996256372,13.0678328275
16.1911669555,16.9172989249,15.3667212442,14.0070751353,14.4227430635,13.0325873265,13.941679208,13.108512135,15.9305003192,12.9958305938
18.4884664604,21.3371643524,18.6876224342,16.2411266868,16.8964394917,14.2750238438,17.0678386214,14.5427873558,17.6339752389,14.3222107774
22.0989046016,26.9619471177,23.2889194448,20.0198434122,20.6027444828,17.7707523028,21.2142643302,16.5294943798,19.5693727714,17.2808128301
21.5881301632,25.7938284267,22.6486573998,19.4910116192,18.6564596658,15.7758394414,21.2838056236,15.3200476615,19.5197645733,17.3139115143
27.9829309966,35.6848869233,31.8707859989,25.5581501091,24.2837120255,20.3036732936,26.6649192258,18.8520833347,24.8021198613,21.391287315
19.7914385798,24.7836205965,23.4870929004,20.8605888152,17.8367569967,18.4039359961,24.2920816915,15.7310611908,18.2655399258,21.4474585061
15.3000677632,18.5602035154,18.9812240051,18.0214478538,14.1033104294,16.0721341322,20.5043039742,13.3378217346,16.4972396225,19.6334435612
13.0885875774,14.6325203642,16.1560453381,15.3882835835,12.2388305784,14.8061804291,17.5002779872,12.7337833853,15.3684673547,18.0706913918
12.0179989169,12.9534209454,14.5547591011,14.0574173338,12.0143915702,13.897273293,16.2636264418,13.085174153,15.2329681846,16.6267989261
9.85426443699,10.5742558724,12.0747383487,12.6358561841,11.2942345395,13.6577002069,14.9544526651,13.0320846597,13.7210502023,15.5820506813
9.21027243448,8.82157757201,10.1444573879,11.0383450859,10.4338580672,13.1636021688,12.5791914355,12.3884084653,12.5355651013,14.0223502841
9.65974318625,9.28895291564,9.7634411485,10.7387329366,10.8764318672,12.7332335401,11.7558327126,12.2515342112,12.8558731144,12.7620987102
11.1097348844,13.6730723882,12.4201296934,12.7850980538,13.5439199692,13.9456655213,14.3651315544,13.4141033234,15.4230687121,13.4211005234
13.737593482,19.6298519912,16.8182212148,15.8923018166,16.8890030009,16.6243990113,18.2895856326,15.1811764961,18.6246933191,15.9261255393
11.7422413365,17.1410849731,14.7742353822,15.2578346046,15.2832964224,15.9566499113,18.5934331833,14.2140795979,17.3040553184,16.6040977198
12.4578456314,15.511053198,13.8730441282,15.2872824952,14.7160077437,14.8179415756,18.3309608812,14.4393300095,16.8658234187,16.1493190931
13.4204967496,14.8151941608,13.8249887439,15.7530702783,15.0649052636,14.7324568523,18.4560490874,15.5289913568,16.3918791153,16.0536631128
14.3752240027,15.739383064,15.0488486769,16.3079947122,15.9960947735,15.1507788198,18.9310627791,16.4442884357,16.9711000771,16.335283498
12.3875987004,13.2645044647,13.5176579334,14.4604909659,14.4618480194,14.1261619799,17.4149374644,15.5359546588,15.4830121824,15.7679509878
16.2266026126,20.9423812625,19.6503940768,17.9375674156,18.6214754882,17.4589985191,20.7286811805,17.6920872398,19.8921365858,18.0414734702
35.3272808169,48.2984621805,44.8256000715,34.1286681633,34.3054039326,32.2251818827,33.8085086549,27.1794178836,33.6429828737,28.4543809664
29.0797010491,42.5170894357,38.428460255,29.4356768632,28.8094363656,29.9545543958,34.7308099108,23.4574573853,31.7991779905,30.9077790746
35.9484855563,42.3654562201,37.4863568559,35.1446752264,31.5509864575,30.5302640943,37.1885796857,26.9084017579,31.2885862497,31.3172023628
33.9529608498,35.9815336231,34.008964309,34.6223967182,29.4281699332,28.5808642676,36.1104473396,27.1927643072,29.3558701546,31.2666591473
32.0256765373,32.8685842884,33.2634400325,34.1796634421,28.7647403085,27.7936396739,34.9308099944,27.5544783602,29.3345045911,31.3052549309
27.8880440016,27.3071454893,30.1717153961,30.5936913278,26.5688190794,26.6081146379,32.0620054644,27.2268366971,27.0751099921,30.652384705
26.0196166709,23.5182217047,27.3681696918,28.0556833273,25.9015529032,26.3001226637,29.2708507904,27.708998941,24.6466851081,29.1375657833
29.9643403481,31.1827018951,33.4189284204,31.0287741053,30.2700966529,29.1138513484,30.9753121256,29.3550963902,29.4087687455,30.2652355217
30.4816476899,34.3211956425,35.5926710869,31.2635592238,31.0944812173,30.0143256947,32.285838042,29.3756203323,31.3562638342,31.700515067
27.9009887348,30.5937082189,32.107033809,29.0409126049,28.6608245563,28.1617583512,30.9428316666,28.1968640028,29.3165805288,31.1310523033
27.6161603177,28.0535925512,29.6757060481,28.7883507464,27.8659807331,26.9129214045,30.1340045212,28.4643674474,27.659493168,29.8635514281
24.5738240948,25.6998023817,28.1331331785,27.2329020557,26.501301898,26.2081407625,28.7977211434,27.8483218168,26.7186760239,29.619327839
24.9711269009,25.5703646165,27.8362608877,26.7022878257,26.7970695937,26.106970348,28.2589897765,28.1778387584,26.3587720231,28.774259002
23.0744849894,22.8697888594,25.6433406296,24.5318402969,25.2123187188,24.5764508307,26.2811890448,27.210859543,24.7888029581,27.4561100911
24.0487291615,24.9919388502,26.8730458815,25.2811596374,26.773342061,25.9008489386,26.5668745007,28.1262936912,25.0614241019,27.5388402698
25.6924048771,27.3172869856,28.3463386934,25.6177209154,27.5613573109,25.7260379518,26.795859268,27.6898656162,26.1676895104,27.1290052997
23.6795971459,25.637272667,26.4567537679,25.0244408257,26.0558696617,24.6195224174,26.7098448048,26.6145810559,24.9974162675,26.6794455518
23.6596299851,22.6488086555,24.2313509469,23.1791044908,24.8045447541,23.2602107806,24.359989411,26.2571342014,22.2028604815,25.0166207548
25.4815671464,25.8425682397,26.672880054,24.1503389055,26.5056704969,24.0510207095,24.352062075,26.339483419,23.2870400698,24.9250507149
22.5223653514,24.8185558597,25.0860425748,23.4905267175,24.3107422651,22.0060616348,24.7376055206,23.8860602477,23.2377307293,24.0047245688
19.2072956893,21.1643403918,21.9490220908,22.0956742297,22.1408703169,21.1167807593,24.3087443869,23.0803933551,20.7488144882,23.4415751907
17.7821965977,19.1335021812,20.2743930057,21.0331518257,21.0764322235,20.6724135415,23.5024504659,22.4886391074,19.7034984226,22.565392219
20.7391255027,22.9581616254,23.5454318271,22.0997101079,22.8263217209,21.3343533606,24.1905104916,23.0033052643,22.3625325841,22.7057138466
19.1579366519,20.6504755373,21.4920298024,20.9159603166,21.312470888,20.1277339033,23.7798302732,22.4418589076,20.9849033944,22.1634578692
18.3674306464,18.9209560423,20.3140992329,19.7820830051,20.3965893657,19.0098970301,22.607807065,22.0183627184,19.9679930289,21.278364714
19.5741720611,19.0387176301,20.4375716048,19.5791451419,20.6477848527,18.3949291649,22.0506295695,22.3654474344,19.579316784,20.3048570705
19.7123024715,19.0097693959,20.5262065976,18.8318567649,20.3668750634,17.4502422843,21.2621706274,22.1052680123,19.074364578,19.437751207
19.7177679461,19.489859677,20.574056383,18.9336752051,20.4458348654,17.074726951,21.5022851839,22.1408552029,18.5047559102,18.8130671334
18.0406772678,19.2147196592,20.0028687796,18.8294302641,19.8616530413,16.7387726718,22.0737021839,21.5368636947,17.9359914276,18.5361463695
14.5791073997,17.0436152766,18.1597899452,17.1811408803,18.0277961586,16.0395934429,21.4829578687,19.9922980094,16.7100884942,18.2514771809
14.6635689365,15.8390031186,17.0254330208,15.9329654372,17.1549784402,15.4728900375,20.1866796104,19.2967210523,15.5827524272,17.1173484917
14.5197092774,15.5950999505,16.4763437002,15.7471896695,16.8535785931,15.154004882,19.7387236284,18.7888236551,15.4312314688,16.4461736055
13.8659439093,15.1371198866,16.0015559104,14.8816160533,16.1889856433,14.4975765038,18.9156667624,17.9210591662,15.219823934,15.8425854714
18.6365265165,21.9919194523,21.4123899933,17.4133393991,19.5314799793,16.5535624969,20.9252755046,19.3802515103,18.8719270966,17.1368662193
21.6064891069,28.3077217256,26.2355842038,20.896546048,22.3600132495,19.2113371321,24.6231606378,20.6897279652,22.095500344,19.8984867884
19.1285066663,26.0602263131,24.3042872941,20.3511988067,20.4647174986,18.4886017354,25.1621328691,19.4215482578,21.1435260246,20.9134398586
17.1760358986,23.0968885799,22.2171942967,19.8122267157,18.9824367749,18.1199031681,24.674597919,18.821189968,19.9267634374,21.3662154562
40.4838068468,53.4360866405,51.0227835892,38.2681439486,36.8172401015,34.6204469216,37.1330278425,29.8182220333,35.3165722558,31.6419237312
43.3182119303,60.9640280367,56.8966321583,39.4777859215,38.3961665201,37.9498885202,42.451764079,29.4538727347,40.3806835564,37.6895917543
44.596686262,54.4122187117,47.8323600143,41.8727489867,36.7116634709,36.4323913112,45.5137295542,30.9446427822,36.2988355437,37.4113218737
52.0919270959,54.464419818,47.834621878,49.6464153428,40.3437970379,36.9707812247,49.3988919645,35.625984178,37.5171376554,37.5070256714
46.0797997799,46.3024668145,45.4983734986,46.8297915259,37.0649853088,35.2910855562,47.0578221632,35.3510430926,36.5845713838,38.9679553737
38.9645405586,38.7115141726,41.7927699551,42.3823358567,34.1481833164,34.1273699382,43.4658663229,34.4418421424,34.886390201,38.99809852
32.9904220311,33.3141349764,38.3659828593,38.4783245803,31.958914239,33.7399368213,40.3106229531,33.5846084954,34.1010928002,38.8511257851
40.716487089,41.7883473092,45.912447495,41.4035451335,38.180357146,38.1979672328,40.9729651361,37.6022115035,38.5268265901,40.3244529173
37.9738215963,37.380997693,41.5582337759,37.1678654529,36.0272762709,36.4986761671,38.3684563784,36.911232542,35.9775232465,39.1996891247
39.8772841057,40.6393768763,43.6976527329,39.2080018145,38.6005379968,37.6936668102,38.2809670615,38.0991230227,37.3423295099,39.5555306362
36.3910847317,38.7944941795,40.912254553,38.245936846,36.8997886416,37.0538634101,38.5881182256,36.8937569403,36.7518983544,39.5393928727
34.5536679006,36.7802374475,39.0843728999,37.2469919725,35.9786025818,36.5335384289,37.7518962086,36.3392474759,36.0516315895,39.2518599791
36.9425386488,38.7343468247,40.7331733372,38.0196468154,37.4153262859,37.0685259158,37.7449529299,37.1414557195,37.1339264061,39.2440049816
33.9813806658,33.8665910325,36.7259128163,34.9459438887,34.688287894,34.6991184897,35.3387109208,35.9169371433,34.4898132426,37.7726402233
35.8269501446,33.8534583801,36.1976691078,35.8720944029,35.2879685084,33.474777381,35.0051323667,36.4184915517,34.0660827647,35.8427138339
35.6854445153,33.1318164626,35.7943083454,35.4850013648,34.9562422174,32.3608327478,34.5472789161,36.7081437848,33.0856881765,34.7508855322
31.8131965754,30.2998745552,33.5523683118,33.5328695865,33.2839283197,31.6294738794,33.5716923682,36.1794196268,30.9690956558,34.1906745195
33.9984394584,35.48919076,37.7563725909,35.4200826719,36.6822422189,34.9607737488,35.2108421025,37.8175442014,32.8556138192,35.6794321411
38.2789206478,42.278358721,42.6683759688,37.8515808896,39.119144103,36.3123264536,37.7056254981,37.4717306994,36.6632089195,36.6692452203
39.493305593,45.2858614659,44.6205056134,40.3682284845,39.702324388,38.0476261949,40.6245424716,37.8653222301,38.278582964,39.1035467445
38.5875070511,42.3332543249,41.5540904862,40.373318351,38.3304725693,37.8003402313,41.7731970936,37.9243626201,36.9197953371,39.3788810859
38.594564684,39.305875244,39.7447766404,40.3537887266,37.4710794086,36.6429257145,41.0671149357,37.9258596913,36.3373899586,38.6889583273
38.1082107461,36.922478362,38.8437854658,39.8001265235,36.8318897771,35.7649697053,39.9068609898,38.1314397094,35.9535692407,38.1845253944
38.268890024,35.7038793789,38.617616922,39.0524450089,36.9061660464,35.2180885486,38.7602265714,38.7377484225,35.4746111472,37.4759259985
39.9053464223,39.895661941,42.5988086489,40.6722155528,38.9930139448,36.9945029505,39.6210105227,39.8887684918,37.8713940248,38.8431682853
34.0690154851,35.3432168408,38.1857541678,37.8647650582,35.9809443173,36.4954096586,39.2807547748,38.5999130254,35.8085012207,39.1802598874
37.5522147134,37.3322192061,38.7357720616,40.6837767083,38.530353913,38.2728525884,41.3175735668,40.632014862,36.7617831386,38.857439888
40.3050230868,38.2063762146,39.7294473587,41.7878749156,39.830140933,38.6172719217,42.0248519279,41.7021486689,37.7787377033,38.7277910685
37.732039054,35.7542363729,38.6291840078,40.3272725025,38.4568108044,37.8898614226,40.7619449753,40.9959678532,37.5069469159,39.105285284
38.8744714179,37.5410402479,40.5005279363,40.8047282022,39.8043729293,38.7853412583,40.6317725089,41.5940242161,38.6419743444,39.6836950494
37.1930141073,36.8057566451,39.6040799477,40.0110634645,39.0534828177,38.9526584584,40.5669034998,41.166546917,38.2549586731,40.0836061323
33.3345445665,34.1947945357,37.8544548777,37.4099944293,37.0963953254,38.1950504666,38.5673763233,39.3571745511,37.6677900686,40.3727169087
29.0209645701,29.4975801022,33.6817157027,34.1206447955,34.3383391567,36.5398147272,35.9250292111,37.2982632098,35.6993622531,39.3825363499
26.8535308035,26.6189309627,30.4071736469,33.2115285762,33.1432615601,36.0497490333,34.9112403037,36.8261133344,34.4271594171,38.3528087917
24.6603544139,24.4397749799,28.1591705855,32.37811547,32.3204999185,36.0963403071,34.2507527471,36.558390288,34.0902414913,37.9693696009
25.3223806417,24.3026821352,27.841716114,32.3106103881,33.1339322337,36.7136023445,33.8594491222,37.2299180108,34.5656015064,37.5831109691
25.8299627056,24.6577438147,27.9066543207,32.47742794,33.7339108906,37.1087903534,33.6850700207,37.6167575978,35.4054208529,37.5670571007
26.157633299,24.5932831518,27.7288485608,32.2757379935,34.0213911272,36.9778277535,33.2527457361,37.7165903303,35.6770048767,37.3119856408
27.1744140624,25.1519678332,27.9743183091,32.7608307606,34.7393328645,37.0754622412,33.3066639499,38.2689684138,35.9949674206,37.1670735041
26.1889031934,24.8185503414,27.5188005863,32.6946261803,34.5667798559,37.2447353153,33.3871787249,38.3325292727,35.8127705632,37.4656322435
32.2825126271,32.8014388823,33.8067448082,37.53528608,39.4903230659,41.4014318263,36.9346787901,41.4916617318,39.5540661762,39.7953385258
33.8182094592,34.8405737195,35.509474364,38.214087848,40.0734649147,42.0397386265,38.4277161725,41.4087701605,41.182850294,41.1449673104
33.4292047151,33.3006251246,34.4923877724,37.927129549,39.203280885,41.1242559003,38.1608259501,40.8071383339,40.7557888136,41.3615806435
35.9230123671,35.9331093039,37.3613141257,39.7424293973,40.9758169248,42.3960391984,38.8054534224,42.0832565899,42.0614711965,42.7151983495
35.1609402659,33.7292406273,35.3994427442,38.9486486767,39.5131270828,40.8832461787,38.6689678122,41.3343610754,41.1937723051,41.9954594764
32.7734275735,30.1768119859,33.3423326766,37.2914294681,37.5016547748,38.8402533663,36.7562893801,40.3605985065,39.7793122265,41.1829312162
28.1383199106,25.7706936151,30.0472648315,34.7276390214,35.2220211579,37.9853050047,34.8998093044,39.8523314539,37.2421529268,40.7679155505
25.5079759433,23.31268301,27.8748003576,32.8228018378,34.0791750349,37.2929746799,33.4610358554,39.0256512208,36.0129005101,39.5161931752
23.7462533234,21.548773194,25.9948649304,31.4770408632,33.3577490343,36.9901027187,32.4414976821,38.6094272232,35.0103332675,38.4582532814
22.9313502536,20.6101896145,24.7392398174,30.6560219242,33.0565748239,36.6676955632,31.7105633511,38.2271071157,34.5189465376,37.3792032427
22.4470734133,19.8017931064,23.7228761419,29.8446298415,32.8744627704,36.2634062587,30.854895892,37.9521123408,33.9601567165,36.4288598644
22.8456258762,19.8128274614,23.3837805293,29.5697554912,32.9925552084,35.6376630982,30.2759451552,37.6418992294,33.8274153992,35.4052677862
22.6549189371,19.7036910077,23.0384905547,29.1838419629,32.7357957369,34.8933763234,29.7900078015,37.1941776321,33.4929453632,34.6786280125
21.2519384434,18.7947482784,22.1437663788,28.1384123138,31.7869877821,33.8701404988,29.001947182,36.242610123,32.7295598476,34.0302136303
27.6244011351,29.1991996735,30.5919009652,33.0394384908,37.0033999883,38.3196006798,32.5459865985,39.0415722485,37.3835150266,36.86684687
23.6448299782,25.4018821618,26.5456325798,30.8087074054,33.6627396741,36.8163736223,32.881247999,36.7706069474,35.6316135441,37.0010291977
21.586967111,22.0912714357,23.8384164707,30.1225896149,32.3185410335,36.0271156629,32.0401756898,36.0370225587,33.9462148095,36.5815202079
21.9688756049,20.0625645612,22.9230425767,28.637786278,31.482794759,34.0662807606,29.9251099612,34.9111534411,33.4063620226,34.9957770996
23.6722587744,22.3853514181,24.972616224,29.6004422262,32.6278301083,34.708322223,29.9665338628,35.8259644092,34.2258459092,35.3530625576
22.7647020133,21.1189342912,23.8334889863,28.4102482164,31.5016684987,33.3625573042,29.2360786386,34.9889090583,33.1890326072,34.4391807102
31.9097175252,33.8995461849,34.7341028564,34.7978989262,38.3047331047,38.3613350819,33.3525871588,38.8572166671,38.7345627767,37.4727810703
31.7457687043,36.9108271264,36.4120665989,36.3881274869,38.4398121064,40.5678733999,36.9519068933,39.0638943998,40.0816676222,40.506709318
21.782826939,27.2434264021,28.0241443816,32.1079091473,32.250233489,37.9010465509,35.4381988094,35.0420652347,36.8217177981,40.915676817
19.8632798584,22.5716945763,23.9759609745,32.1594536115,31.6446045745,38.8442614275,35.3208428941,35.8355802642,35.1147676982,40.6441672488
18.9639799636,20.2406216681,22.8093876147,31.4235495864,31.741882606,39.989346725,34.1981599689,36.3831034392,35.7162157795,40.9782417422
16.6868378801,16.5794826423,19.9811852824,29.9752572874,30.5920317205,39.6805294551,32.8031746841,35.7586539452,36.0155271224,40.5390887498
15.112000749,13.809451788,17.7273238094,29.2039427864,30.3270017731,40.1332695452,31.6889922502,36.248813373,36.0716430575,40.340813704
13.2166524848,10.918374743,15.664286557,27.3657108208,29.7067371584,39.6020413695,29.5832554498,35.8933325444,36.2309173083,39.7530244014
10.8730746185,8.93095930621,13.3814866401,26.7341248194,29.4399499894,40.556589025,28.8917590529,36.5587572315,35.8225461352,39.8514509881
9.13469784306,7.31699256667,11.7005394397,25.8437039371,29.3906519488,40.9998104695,27.9979680908,36.5577195277,36.1914065692,39.5918819652
5.82435235574,4.57314218885,9.11633892216,23.7639979329,28.1322866427,40.4864903078,26.1714400784,35.4037964396,35.746634506,39.1828286038
8.34340066437,5.24094334306,9.21045786108,24.5279779952,29.7982447478,40.9255613336,25.8422730359,36.6568082694,36.5622359198,38.1046038274
8.20517271502,5.26211854311,8.69978510178,24.8002967854,30.0597067658,41.4050245257,25.7942959868,37.5003126859,36.8268566502,38.2276367821
9.47726148105,5.75696196939,9.0222684958,24.9157596873,31.0122004737,41.1683775191,25.4007156031,37.9317390246,37.3204541875,37.5468331163
11.629809816,7.04917318435,10.0218572643,25.5299045963,32.1602795843,40.8627808634,25.305893716,38.6809408373,37.8874158795,37.0828306966
14.0302799591,8.56995442972,11.2912380962,26.1349361339,33.3906709409,40.4493400271,25.2518911614,39.5839247722,37.8924228045,36.5937227305
25.8508728514,23.8034557778,24.0101329344,33.7906455526,41.6465322484,45.6786355808,30.3004790745,44.4682039749,44.3959417153,40.1376865808
24.2696886777,22.7198269219,22.7532251039,32.773179538,39.0954910659,44.1313237565,31.8313708713,42.7716622228,43.513226262,41.0640161366
20.4725685165,18.6812394383,19.8097652317,31.6114068854,36.5118677883,42.3082776668,31.2936357862,41.1813636992,41.1123306432,41.1544801799
16.9422077017,15.0068512008,17.3061236264,29.9242520223,34.4861845394,41.2686481392,30.2862269219,39.9469190126,39.0507859842,40.9163359881
16.4932962517,12.9769998266,16.2886955556,28.4227362466,33.8002131173,40.0475560233,28.6501506556,39.1975994426,37.9298693101,39.6366704428
18.4846965297,13.6332584476,16.9141520093,28.7792848275,34.4223589188,39.645929827,28.2353538171,39.8204729095,37.6155231001,38.5331585184
19.0863091202,13.8793592106,17.3235558809,28.3203282409,34.2240080912,38.5714208805,27.5095563266,39.6448474942,37.1202680069,37.5511186762
18.5686610407,14.0191969345,17.3447743236,27.9205747817,33.7334855682,37.7311522482,27.2343455603,39.2874328971,36.3041473448,36.8363884056
16.4674691221,13.3014278712,16.3762027268,26.9364685022,32.4031983034,36.7587588303,27.0228079762,38.165146735,34.6885070006,35.9054681581
15.1567869299,12.8045511554,15.8348083767,26.0791252425,31.460105975,35.8566880732,26.7418965267,36.9345735372,34.1120885312,35.1646472084
14.9515698404,12.3721791997,15.3838438902,25.2945072207,30.9147889953,35.081139608,26.1993483241,36.3459136916,33.1340717869,34.2565301041
14.0585703063,11.4082605398,14.6686256757,23.8678177677,29.8365913221,33.7596892944,24.8932423743,35.2304038348,32.121280585,33.3170749236
12.7001307118,10.7842902434,13.759853838,23.0575979067,28.7143749953,32.7567189908,24.335648051,34.1780425078,30.9988784446,32.4125855139
11.4861738662,10.1747713251,12.9310320971,22.3266900095,27.8799499261,32.1286137018,23.95333644,33.3936331917,30.0324549241,31.7091497752
9.06487565783,8.9632832701,11.5408667114,20.8115186514,26.1715683079,30.9027643645,23.1118125025,31.5633877175,28.6237919626,30.6336027879
13.6039942211,13.8781355597,15.3064325776,22.2421540446,28.5437904494,31.840288325,23.6962282175,32.3483162743,30.1833885925,30.3549320445
14.6949021641,13.6485853898,14.820172806,22.0714842455,27.7626125535,30.3250160901,23.4991888872,31.6258794623,29.3137829917,29.3665195703
15.6099492938,13.6538231963,14.8658919493,22.1692072529,27.2779632663,28.6386736499,23.1671150805,31.0031271217,28.2268759694,28.0278618097
14.71651295,13.3057134273,14.5941683959,21.8517877928,26.2858990593,27.345294691,23.1673133735,30.1554634669,26.9034698337,27.1381512052
13.9262992246,12.8783341085,14.4129544048,21.0421190033,25.3595139527,26.1468611382,22.8346151286,29.1379917427,25.7726222088,26.2217868726
15.2032394123,14.0359981617,15.4270756133,21.0301969126,25.4241628986,25.4166034073,22.8616369692,28.7991398805,25.3577942025,25.3296499478
13.1623455666,12.8263631725,14.5419045534,19.5351229473,23.6998922029,24.010868568,22.0480795474,27.297006014,23.9614648525,24.675795427
10.6563163908,11.7898254569,13.193546506,19.017919054,22.3838644956,23.5437957086,22.3082211774,26.2009114638,22.5874393071,24.1957063948
8.88238573427,11.1391012964,12.2192708201,18.9458252589,21.6422088891,23.7750670135,22.9684923697,25.5031159738,21.9308228802,24.0190931825
9.99553961239,11.2249300537,12.5054161215,18.4884371003,21.6709639553,23.6043022674,22.441309845,25.1996192633,22.0665690181,23.4760640351
10.4362816851,10.8672800685,12.2297948573,18.0841478238,21.2563303439,23.0246453235,21.7640092217,24.8157356279,21.7369581633,22.8765804207
9.45049480404,10.0680294226,11.5218333488,17.4110517692,20.4488864541,22.3004111141,21.1019632439,24.0144786372,21.1960375785,22.3703855236
9.58306729602,10.3169684369,11.6196057984,17.183871202,20.3731377284,22.039835152,20.7667123796,23.7079422152,21.0937632487,21.9727699508
7.82380658249,9.43591839567,10.6096062082,16.7668922654,19.4544269034,21.5176068381,20.7814459891,22.8478632141,20.5986905623,21.7257310055
5.10435684058,7.84369299115,8.99187498361,16.135587483,18.3714594724,21.4638303872,20.8250653654,22.0363371178,19.764149011,21.7560268343
2.63810062931,5.79691196391,7.09167861145,14.7969617433,16.8943618858,20.8514155744,20.0926581106,20.6532885018,18.7255451808,21.0535202265
3.32150681084,5.50540001418,6.99034525917,13.7572678865,16.7435932654,20.6620570335,18.6725100855,20.3606546632,18.9328445231,20.5652127915
8.00568999227,9.67666545888,10.1062731777,15.6467340326,19.1408996755,21.8114339708,19.3574204137,21.9749488852,21.2115582868,20.8273732834
8.38516157579,9.46087826733,9.69577576307,16.1451539475,19.0404725822,21.2462308217,19.7142682913,22.1177918806,20.8209103284,20.6066272693
8.54094408437,8.77182676264,9.43472732674,15.7105126696,18.7627299567,20.329453388,19.0344299615,21.8796015654,20.1430741281,20.0493079146
8.03476726009,8.78183142473,9.61165810739,15.1225570387,18.3600880572,19.5887665325,18.5333610345,21.2778407891,19.876374576,19.7325093693
8.96662488023,8.89958368055,9.79735223198,14.7357605165,18.2614221187,18.7550946596,18.0421142771,21.1718485882,19.2847216541,18.9509105481
11.0009091458,10.7745762925,10.9276518201,16.1850595335,19.4505767245,19.3401838383,19.0105087325,22.294581021,19.0385140205,18.7347223212
14.1596324767,16.8907985479,15.6158560187,19.3103275093,22.6402786116,22.3681819876,21.8265060364,23.8469076055,21.602410767,20.7552309452
21.1378658995,26.0281738199,22.9791521711,24.6084486192,27.1117921041,25.5293482522,26.6157736582,25.9051284607,26.5590057741,23.4861846698
42.3784086523,49.6941869982,43.2281358112,41.2093788856,41.0726884296,36.5957441731,39.2527910117,35.3087605132,37.4076115138,31.2346961009
62.4681980079,63.938143381,49.7755560745,57.2360202377,51.9247982557,44.249732321,56.2987979889,45.4564170518,42.0371817755,35.3338973156
77.646018054,74.0745297521,60.8046186028,69.2393824506,59.9520410318,49.5092541061,66.0817450384,52.5042335608,48.8162779558,41.778519621
75.9143939437,72.2781849141,65.0231962264,69.1833269346,58.3341082983,50.0652299012,67.682407732,52.2521157725,51.9330955521,47.3313708556
64.8215023458,62.5311470585,61.9964799692,63.5785990112,52.7254248331,48.7952479134,63.7606510969,49.4650708339,50.6065749643,50.7003287973
70.4774762491,72.1583916833,75.7504844351,67.5122630314,59.0833201586,55.557520314,62.1826464608,52.3745971431,56.3910584078,56.6158723506
54.3780258744,60.4223416842,64.3513376914,55.8146069725,49.4140066708,53.0648240314,58.5167254931,46.8887454049,52.8037007192,57.5127936371
48.8561958784,49.4670419396,54.1829709744,51.3784670723,46.4777650853,51.1739326128,53.1088428582,46.7491582732,47.4747502314,54.7882861633
55.9683306307,54.1868998731,57.344433482,55.4692052195,51.8175138208,53.6583895531,52.8764691129,50.4436512134,50.2743288247,54.0281892967
54.1135033081,51.3184607326,54.241437384,53.0867035455,49.7133468238,50.7489519721,51.243452382,48.8241530793,50.6680494683,52.1038110599
64.405866605,57.2943506223,56.3509169337,60.6586855207,56.4501017154,53.6711736937,56.1397240808,55.130986401,51.4537243826,51.0140834497
75.1372211242,64.8874648502,62.2514115948,66.7422737978,63.6450887358,56.3866050968,61.149408187,61.2387743472,53.5971752858,51.3150608858
104.666651911,96.9733617831,93.5740507102,87.1279704156,83.5433772817,67.7662529033,70.7115625789,70.9864605963,66.2781542095,58.7603311358
114.335670467,112.401236925,101.900005641,91.7613988431,88.661434069,75.5344665318,83.4996996608,74.8612846422,70.1339422378,64.7192444137
142.759203762,141.327860767,113.994182544,111.87755759,104.559460218,84.8883659524,101.033745351,81.8903482121,80.4574273921,67.6932650448
145.961874085,139.795433581,119.176172858,109.448557392,101.873065375,84.4361272906,102.594080036,83.1452685197,81.8151934486,72.5421849887
131.547497533,130.800889361,117.104926546,103.309084634,93.5787387054,78.9916947457,96.4440130234,77.3259968898,80.3215148283,73.4648315566
117.848046091,117.787500559,109.780454462,96.1269140858,88.1510764198,75.7701006892,90.382462999,75.6070041967,71.4418646958,71.9082911387
105.973193429,114.518594463,107.253918596,93.4270205955,80.3024014278,70.3140483022,85.5649955246,67.0186170796,73.2935367938,70.6050426328
84.7312187937,94.5902499268,93.1277304375,80.456245434,66.7492256108,64.9567055737,77.3783901913,60.578322237,64.9128312872,69.5692868013
77.0325693279,84.3836981521,83.5625056449,74.6041665077,61.9507860295,61.517799717,71.6017106419,58.0080503457,60.8905632592,65.3991520487
70.4595437155,73.8224863723,75.7020199136,68.4758630002,57.4010717682,58.2864315249,65.5775288494,56.5096708369,57.3338567124,62.4016369221
62.4713097436,62.9792346074,67.2533594648,62.1114051398,53.5873019246,56.1778075326,59.894652351,55.8359790471,53.063990026,59.8584669268
54.986933457,53.7361657948,59.4331257023,56.1645232084,50.9695618285,54.494574397,54.7428087488,54.8448971,49.3480774061,56.9718078908
54.8946666177,51.7864862007,56.1958520521,54.7158106941,52.0716328821,53.1671949448,52.5045990487,54.331543644,48.9821038989,53.315162356
54.0629571916,49.3526162749,53.4175983593,53.1324446128,52.0395189724,51.6338224454,50.5820964409,53.9057526648,47.7366729794,50.9942673077
52.2162326381,46.7919783053,50.9541378294,50.9572891464,51.3286354301,49.4883780117,48.2035336025,52.7022087095,46.0180454697,48.7412691363
48.7296517752,43.7584172451,47.9362878486,48.5954093374,49.501345315,47.3363425641,46.0573955875,50.8027412643,43.8644628448,46.8712707086
46.7814374362,43.6200029615,46.8189813336,48.1295571296,47.6812308829,45.1090497191,45.5356525047,47.9392113598,44.412428718,45.2996484199
45.2002556047,41.2040428096,45.0047269595,45.8776224708,46.1085658283,43.718257619,43.9045870859,47.264816799,42.1680954106,44.2681117934
53.7289606408,53.8790491654,56.1698107881,52.0086130769,52.4908334692,48.3570567777,47.1724512245,50.0832537923,47.6216469862,47.2304945942
67.171012459,73.0912873147,74.1055659747,61.4619832204,61.8696096903,57.6892907926,54.6746090267,54.8982575714,55.227374842,54.3887038632
61.1809550656,70.0509925752,67.0198760512,57.7453686448,56.3916883244,56.924951493,58.1917716772,51.6179904611,53.953754272,55.675086198
74.0858574301,76.9915157868,70.5059267604,67.9493929423,64.0478734702,61.9297923781,64.2979250488,58.0190270088,55.9183115571,57.1948950594
75.9200018341,78.2888308053,73.9187159672,68.8015782847,63.8868624146,61.4781279552,65.0637936062,57.3993110058,59.5156325705,59.2224197692
73.4168632465,74.8201794609,70.9660194456,69.0842052045,62.0141947931,61.6022728344,66.1839181055,57.3547903052,59.3961649767,60.4662104058
74.4811133697,73.4985523077,70.8667079497,70.2109809954,63.1808720415,63.0645178304,66.7023703326,59.4327795325,60.0632892608,61.5583352631
69.1342204083,66.7158984723,66.7637023757,66.3721659338,60.469086867,61.8720937314,64.3662529355,58.7329372186,58.9282011445,61.532708865
68.3094750916,66.2997167011,68.508078084,66.3937923068,61.8337243347,63.2770886152,62.1947358669,59.4795348569,60.1249292017,62.832665825
60.0001750699,59.0887869538,61.7195313641,60.7140363472,56.5435822022,60.0079185905,59.3181394981,55.5548086541,59.1850502062,61.3792279408
58.8058836949,54.2419855174,57.7005757644,59.0888082369,55.7654501762,57.9999129461,56.132217844,55.6697655276,57.0684848748,59.0567833035
63.1760237041,56.6454395052,60.2613175071,60.569769527,59.6319606121,59.6289407341,55.312960616,59.3755734301,56.5973201325,58.6821446196
63.3189015883,55.8853614639,59.2832054124,58.4713036623,60.8125781266,58.7752931395,54.1170751211,60.5228572252,53.9711036018,56.6993644372
70.2516356647,64.8994073707,65.2867995266,64.6748838095,66.3405035305,61.1985732387,57.936153886,62.8333296929,56.6348978616,56.9996879919
73.6409083355,70.9514038891,68.5540895079,68.0175035528,67.4647236452,62.511573689,62.8207094564,62.6338551564,59.2560807455,58.1779700583
68.9609373586,65.6134057109,64.5486191687,64.9525958476,63.588210478,60.5795662756,62.4774133134,60.6492789518,56.8037708958,58.0379455728
67.9679438099,60.7499146376,61.701032666,62.400345282,63.2814944805,58.2649499737,59.5498396574,60.6613665408,52.7515356105,55.4582657195
63.7504788597,55.4750225239,58.065754245,59.327945649,60.963167903,55.4099621642,56.3311327216,58.9352724366,48.9155526056,53.024416917
59.4983993661,52.2674054485,55.2321845207,56.8812436238,58.3486874202,52.4141050749,53.9059380428,55.6937177965,46.819725968,50.454238891
57.4800493636,51.0028366322,54.4974570316,55.1335010887,57.7229876627,51.6812151496,52.1683597627,54.2617282499,44.6456987576,49.3592684634
54.9728800738,53.3029838731,55.3478980728,55.3794420896,55.4300926026,50.8709348223,52.7000459841,50.597895689,47.1657571999,49.6094427993
65.9633869255,68.9210371464,69.9730403216,64.0316899422,62.2843482813,58.1376033417,57.6567772012,53.7815800713,54.9536427622,55.3904280955
56.2242288467,59.1124978018,60.0650359474,55.1017528746,54.9045017353,56.7877291099,56.9658703659,50.9934482319,49.9206835456,55.9098771068
59.8033683368,56.8452949586,55.3200481993,58.6876168097,57.3713111158,58.0090556168,58.7206846322,54.3272279439,48.5885087397,54.1000522526
58.7439773053,52.4094481524,52.9634876364,57.4228014878,56.613521613,56.505114814,56.9648800224,54.0830354235,48.5776837757,53.1405986723
56.0518457274,48.0410610151,50.8732391628,54.7172459137,55.0449513593,53.2358657362,53.0773833291,51.9703765355,47.869562188,51.0901994776
54.5109588965,45.2025599693,48.753478043,53.261438129,54.2522400353,51.1472931449,50.6703976846,51.4499115527,45.8869447035,49.1149347634
58.6380893829,53.0757865667,55.0672859172,57.5132954228,56.3468350317,51.2676085647,52.2489541272,51.0465429296,51.0135181054,49.6656637197
53.7222254785,49.0809860261,51.8686696011,54.3290279218,53.1908591135,51.7289628314,52.3955466432,51.2199230172,47.9246626335,51.1403640317
50.1897583671,44.366762836,47.7861838528,51.4679005899,52.14774633,51.8448502926,50.840082793,51.5445981401,44.6238666084,50.2600670081
54.5371896045,50.9375379637,53.032462747,54.5232031716,54.296837211,51.2824945355,51.1419979963,50.2100650993,49.9653647146,49.7607928944
53.7445511551,49.9320894949,53.0068929951,53.3675321173,54.7866515082,54.0787750745,51.3184157494,52.4318234388,47.3104000711,52.1194235748
49.5231243934,47.2810761799,49.1590955065,51.5358958124,52.0739405129,52.7745676977,51.1121903292,49.9712786922,47.3463196717,51.3221877904
47.6424074928,44.2437925865,46.5169214271,50.4376165478,49.6508390811,50.0430394966,49.3650103926,47.6633779007,47.6193228116,49.7952102788
44.7177555003,35.8952300838,40.9966956497,45.4524135525,48.8432480552,49.8367047063,44.735564301,49.6316424929,39.8075560946,47.9850964138
43.4255676401,38.5216202904,41.9216427516,46.5595604375,47.1327420639,45.9728198606,43.7157567883,44.9584543649,44.7621461546,45.3878158717
40.1056089854,34.3419827925,38.2433295834,44.4078423797,45.1856795164,46.0585420448,43.0525505126,45.6589337784,41.0027182464,45.34602746
35.5157956381,29.8797840507,34.5161492318,41.0114818804,43.0389402702,45.0498432386,40.5385255152,44.3240157161,38.5190711516,44.0628272477
33.9440934689,28.4749173054,32.899476284,39.4606473871,41.7825774659,43.1171861655,38.5545309474,42.2868650173,38.6435753188,42.0520309003
33.1186983544,26.5031489689,31.0703945227,37.5195301097,40.833452799,41.6880471658,36.3167204318,41.7229778368,36.8740263131,40.4117079129
29.1518289873,22.4309533255,27.6368821614,33.5834699638,38.2488334248,39.4636088508,32.3093631394,39.6394606838,33.3668502308,38.385227614
32.68040723,27.353706959,30.7999046661,34.7868002284,40.6817782418,39.1983678466,31.875066184,39.4698132689,34.7910906649,37.0130312546
35.5717832356,34.0648662261,35.4875606884,37.0532618737,41.0648868266,38.0392162397,33.9329813735,37.8784458787,38.6493312345,37.1630490229
37.1665595586,36.482338273,37.2857453352,37.836277433,40.9351740554,38.0223079386,35.6462492147,38.5003477244,37.9801309614,38.0601608357
38.1721174263,36.7570750453,37.767427933,37.5235481311,41.1661689473,38.2021683243,35.7855987592,39.4717969086,35.5849707119,38.2146567698
37.655857274,38.117097121,38.7192183497,37.933083504,40.279900508,37.1899430382,36.1923392105,37.8843920156,35.9916201905,37.948420998
35.2131599144,35.8067951854,36.7009891602,36.6385685983,37.5609179268,35.2823152528,35.7614161651,36.0576836531,34.4324398158,37.0808875801
33.1834540329,31.9992448427,33.5836474524,35.1545206676,35.3931298376,33.813286182,34.7385235367,35.4949127107,31.6275047054,35.6070073912
31.0315782004,26.5079186286,29.1335338184,32.9200529334,34.8343700752,34.6271010009,32.8025903282,36.4600762334,25.9241645513,33.8659045578
30.9113912931,25.4432357198,27.7673150285,31.7327312964,34.5971445786,32.7840007982,30.256466957,33.8235889901,25.1995993226,30.5102001032
32.2808923535,27.8716981089,29.2038022664,32.1919151797,33.8469207531,29.5734072847,29.6568431001,31.0965664182,27.6033470102,28.1107146665
33.6700011573,28.8868018464,30.1102795781,31.7964026702,33.8865777282,28.9122112394,29.5210642754,31.3799130597,26.2321507101,27.6003528422
34.9931533624,33.416439692,33.660922021,33.5924436103,36.1165477518,30.9711758876,31.6790790228,31.7078407286,27.2099641175,29.1335950722
26.9946746075,30.2186096095,29.9601885681,31.6684638249,30.511314943,28.4008199861,32.4471342782,26.8436968918,27.3479566582,29.2983692173
23.7514826386,24.8328566032,25.9576194082,28.9778507028,27.4538676537,27.5846786371,30.8042610606,25.8664865687,24.3074894793,28.7498991114
21.4706704712,21.4568425195,23.3806518704,27.0997901726,25.5534644403,27.0804990731,28.8099746555,24.980315532,23.2966171803,27.9425466847
20.9322403624,19.1561379123,21.5714172163,25.3623596045,24.5264709844,26.243148961,26.4402918363,24.52451797,22.6493185644,26.5322104307
20.0117913889,15.9335064949,19.0023119254,22.4473819388,22.8204406294,24.7045579822,22.3134541105,23.3687438065,20.411656394,24.4048898729
23.3250820995,20.6980132536,21.997610928,24.0456841705,25.6172208005,25.2657013681,22.5181865521,24.0708810053,22.8511640989,23.8141716192
24.2290439857,21.3621618193,21.9650637293,23.5458284093,25.0363061359,23.1063774676,22.1430289437,23.3405064345,22.8482574115,22.424525596
22.5263251114,18.4900433061,19.5864164418,21.4437306592,22.7892276268,21.2004827648,19.8832859954,22.0463939974,19.4192146516,20.8900662921
22.3092901128,18.8525486577,19.5226287234,20.7720958701,21.8031217267,18.9947870892,19.0084693141,20.6495934582,19.2008463595,18.9654794962
22.5223108005,18.6349994332,19.1772306176,19.7025492315,20.8547073323,17.558809655,18.1477217294,20.1286057849,17.6267902457,17.5470364077
20.6720382643,18.0412933997,18.652481013,17.8818675979,18.9512622712,15.6284137399,16.9080744897,18.2725405612,16.5936176807,16.216132492
21.8417621587,21.5615682674,20.9134906215,18.7980449445,20.287201864,16.7506506813,18.351289121,18.4477818868,17.2349601001,16.619562922
18.218299561,19.3519873094,18.5820741912,17.39230305,17.4948856041,15.6961085829,17.9237593227,15.8546113422,15.5279807005,16.1419300245
18.2204714026,21.4996685672,20.1476481979,17.6010202189,17.6003074323,16.2322094699,18.4800611525,15.0145777952,16.971251819,16.7237138933
16.4631122989,20.9569074584,19.2577704877,17.5363122383,16.5555795146,16.2952528437,19.2835908419,14.1571340901,16.966888967,17.2711821597
14.9603329138,20.4140384903,18.7803054234,17.3614574268,15.7291691108,15.9238790909,19.8920142119,13.725953846,17.7164045632,17.7271487412
11.2898300882,15.1221356185,14.7370946437,15.0247252266,12.8141393291,14.6814524148,18.1803030198,12.5631586553,15.2046189393,17.1688355652
6.25568418349,9.94779696755,10.4142380075,12.8745915293,9.97414937553,14.1331308245,16.0906538974,10.7690464233,12.9976431659,16.3440137388
2.83191698237,5.89973011379,6.73151823271,10.8803097334,7.59613921068,14.0066167133,13.4978514288,9.14712014015,11.4504036675,15.0176907127
4.12728990052,5.02137121592,5.92484865818,9.66471955713,7.78709978572,13.0632498346,11.5983928572,9.81549083362,12.4578387249,13.3132016685
8.0079891752,8.75089292108,8.39298941845,11.1415686444,11.0224259888,13.985075056,12.6693840815,12.3774782286,14.8649921372,13.2230565322
8.2614448492,10.0171824285,8.99089963383,11.925358397,12.3399404758,14.0281657872,13.9196942306,13.2271917309,15.4910205259,13.4377538684
5.27573162387,7.13882212197,6.5526967614,10.2176218562,10.4473829692,13.1469158417,12.4263529136,11.6673264425,13.2473099132,13.0046901448
7.18625842232,7.8200264197,6.97364755767,10.6058746507,11.2003450847,12.4458333758,12.568315659,12.33003699,13.7696481851,12.0953454172
5.27097353714,6.8844114052,5.96480589918,10.5220852919,10.7374133403,12.2424867783,12.9676049284,12.0583277177,12.7958761708,11.9600584451
5.64190535633,6.84729760717,6.19423682576,9.96829735336,10.7557162727,11.3978730457,12.9347779217,12.1260915829,12.9945504115,11.394822946
7.9138590783,7.29249437666,6.79573904973,9.58215312479,11.1601368161,10.9516839439,12.2201574616,12.9321924725,12.5214324074,10.7695636356
8.51565816914,8.5438265564,7.88943047269,9.48170281887,11.5912018892,10.4591422298,12.2530047071,12.9549778621,12.7768427246,10.4955135905
8.42126888454,8.40767933107,7.63506652934,9.10423716102,11.121901222,9.95653875686,11.8339626547,12.5725999582,11.669426778,9.99731619534
8.92060130368,8.53214216521,7.51700607211,8.93373056792,10.6508770338,9.60319521938,11.1778219854,11.9692445082,10.8249534693,9.31935667035
9.92806024797,9.69674799245,8.51179035714,8.83607401616,10.7935101399,8.76241994634,11.2029458687,11.6368632119,11.1672454866,8.68260708976
8.6429220392,8.8906510751,7.84682197406,7.72411029546,9.42194563506,7.96514243688,10.2667702362,10.4303696551,9.94174192434,8.21374450284
9.48911475645,10.1410856508,8.85146014222,7.1778722524,9.37993829114,7.31646537046,10.0114099373,9.9913600343,10.2677529996,7.7439290418
8.44345675224,9.19182778088,7.92836730956,6.11315785122,7.93523640978,6.38287911444,8.99606466272,8.78549905847,8.99658077933,7.10333340736
7.46650477694,8.41346116108,7.19516268874,4.83225968751,6.62083112925,5.27245839359,7.88706716346,7.54170902108,8.17486130826,6.24660466761
6.83903718554,7.5492806287,6.31429110971,3.38880661208,5.14973178766,4.28634347588,6.31506291888,6.27930388668,7.19050111673,5.29062629206
9.90669320097,11.6641311183,9.27061114729,4.1843540282,7.08806863363,4.79559071491,7.36847742788,7.13156260139,9.07476762496,5.36460667979
10.0743677842,13.8301793144,10.3788242074,5.7899078627,7.79823092201,5.56727633774,9.09822276021,6.81574949709,9.59927222995,6.09051947531
12.9718460239,19.7016305809,14.7361250801,9.58491691406,10.885930858,8.08060637373,13.2501798018,8.14334838403,12.6886679212,8.30603288471
7.41084298792,13.2580928437,10.0123230313,7.1381458882,5.93896736712,6.07769103543,11.1799500077,4.65264420564,9.34507152873,8.19450753756
3.60462756319,8.51455073509,6.3324281244,5.77021786207,2.79994445326,5.22767572949,9.46960270121,2.78852673817,7.3813947396,7.50528616211
5.05395380593,9.67433651272,7.44245869507,5.85470174362,3.9538292966,6.05629659768,9.66388184462,4.24223716916,9.09417152083,7.66591646374
5.24835164994,11.0529779064,8.62171963833,6.14502237254,5.32506326568,6.7701134858,10.5890780531,5.2149306786,10.7159812949,8.41612662543
3.81560365482,10.1904971224,7.44580919015,6.88580697499,5.12703058589,8.05729646585,11.0130086654,4.77526828923,10.2269320386,9.2429963509
4.67206135147,8.67740477296,6.44955169784,6.48151789671,4.94445483598,7.18887465598,10.2800297638,5.46861925912,10.2813598422,8.57681186965
9.18742623613,15.4687231607,11.8627412945,10.0364872089,9.58417567845,10.846473796,13.4789061058,8.4039776186,14.3085114504,11.0351425525
7.24754518565,12.0088114061,9.33103162901,9.13801923809,8.08309745394,9.19473905703,13.0048987084,7.7714148802,12.9157721153,10.7921481723
7.71274954734,12.8478918378,10.2484882217,9.9908806756,9.01105324432,10.561587545,13.4846942624,8.43476661202,13.3544764434,11.880255467
5.11312961064,9.17521182357,7.49878022081,8.43304972717,6.73567814453,9.76417401898,11.5677099427,6.92819231728,11.5540329249,11.4379457381
4.15398308539,7.20472575572,6.00145342627,7.38100885452,5.74182200994,9.21656383166,9.9913365956,6.52188001089,10.9697081017,10.6713693863
5.83901815928,7.45480574685,6.29931045858,7.02120193377,6.48281733716,8.83302986282,9.27576307199,7.56310728795,11.4435910892,9.87773375558
6.85956605344,8.76433600907,7.32399116972,6.92524269964,7.55886168149,8.77644102047,9.25360264292,8.28591630379,12.065648311,9.68560440719
6.36038486532,6.84138022863,5.64412354838,5.69471783301,6.10993811174,7.80607407477,7.21841685036,7.33977576795,10.0830005083,8.62168036383
7.5505183189,8.90140620243,6.21885109385,7.16262667653,6.35581911015,10.1025316861,6.6115929447,5.9459593641,9.95754834841,8.98664372347
6.79096237737,8.66355477619,5.75335983798,6.82549382877,5.70206549926,8.54914174321,6.32112996271,5.25069632676,10.8456067107,8.09855845747
5.09931689497,7.7179255383,5.14837073516,5.87324756834,5.29630097626,7.04925299909,6.76836033476,5.22157970364,10.68714832,7.54824328798
1.21094192483,4.49675049959,2.29424811548,4.31113038186,2.19054452022,6.66783189043,5.15764510156,2.5880006674,8.09327192446,7.05402735998
2.19384705337,3.45258312259,1.57304461043,2.7526084059,1.54881461979,5.50270788342,3.56115042302,3.00613242706,8.05304848275,5.77941888475
11.5312874258,18.0307682128,12.773076446,9.66437142186,10.9510498935,11.3249904997,11.2692120083,8.84756868859,16.1053509786,9.46568018663
11.4849257509,17.0919860319,12.1182108744,10.5595589512,10.8765447002,10.2135358221,13.1718782386,9.00046770048,15.2792254858,10.3085813684
10.6246123608,15.5682179628,11.5459276112,11.1465214481,10.3706979259,10.1366683792,13.813266252,8.80062516527,13.9654798783,11.2055638935
8.96902472011,12.1697420015,9.42266095082,10.4100308634,8.39923338814,9.56426769885,12.6695342757,7.83630476792,11.9048212898,10.9895594206
7.82065732414,9.52028910083,7.99589080686,8.7171023603,6.68646834664,8.59516180973,10.4990790641,7.02987388865,10.8959705657,10.170062228
6.21830302502,7.11831883187,6.20637478612,7.3373456623,5.28265028651,7.92532712702,8.71080043767,6.29964569368,9.66168856552,9.13443188436
6.25428769492,8.34611821884,6.88848519432,7.15209039802,5.99454672047,8.66956279544,8.53329358356,6.46879364917,10.5719228806,9.09657297199
6.55851044064,7.16987402678,5.90293032578,5.98410966923,5.44652417407,7.44924150061,7.23802255048,6.42448091552,10.0075841638,7.95758881874
4.91741457532,5.8321701449,4.48540596991,4.96844033288,4.30287832588,6.82954433712,5.97548496917,5.31546391963,8.86357773041,7.14294724917
3.84182920001,4.75724244417,3.1063784428,4.37310511682,3.28203353014,6.31282001624,5.04802559471,4.39583034116,8.00524459864,6.14858714644
6.631951991,7.99623902867,5.39648904809,5.43055486794,5.7658642703,6.60757162124,6.74293521485,6.25023698193,9.95238912584,6.0263807385
14.1488324638,19.142799057,14.322415345,10.4583736754,12.5086953962,10.1903094867,12.564323699,10.2531816691,15.7620175591,8.90321996725
10.956590416,15.0844834393,11.3324500956,9.58582650032,9.8314719407,8.62998643855,12.4549410729,8.49077079158,12.6218822175,9.29350974546
12.2441571535,15.5596561505,12.2405603998,9.93738058336,9.87045984658,8.66003312253,12.3932323336,8.54991432595,12.6509767677,9.72487149416
22.6404082341,31.3696898484,25.8534936117,18.357297015,19.0761446886,15.4558275619,20.3534183159,13.7386113424,21.1672742875,14.8347457819
23.2189274516,33.2929064586,27.8910136793,20.4401406156,19.7951830153,16.8826905483,23.8792330595,14.1264551794,22.0409404375,18.2373167305
23.3465382789,34.0586817329,29.4543779281,22.4190380099,20.1633693418,18.294290843,25.9481936623,14.5235395226,22.9043533969,21.1879000098
23.3184000836,31.2519070954,28.0277350939,22.1566133531,18.8755418645,17.9842112144,25.53011369,14.8007838851,21.7664423069,22.0076100649
23.451122264,28.2140438959,26.8500638376,21.3131998002,18.1189217961,18.4549240428,23.3962190397,15.1256344518,20.0553478956,22.3855373096
27.8526674158,33.8893790509,32.0951978929,24.7654435118,22.741604345,22.395938472,25.2382319775,17.4519976356,23.1683915501,24.4912024878
23.3565131381,29.6341177582,28.4127865176,22.4201534831,19.5070876138,20.8247600459,23.6180615857,15.1350595202,21.8265957457,24.2093627479
27.7394080402,34.9796033492,32.5289183722,26.3122073582,22.976979321,22.4257335278,26.4384414039,17.7903178648,25.6566088028,25.1538386389
20.9193472681,25.9000462201,25.8677444318,21.2638700755,17.5874127608,19.0721176718,23.1276054232,15.5558210374,21.473140543,24.1560725089
15.8165493264,18.0392964817,19.7641276982,17.5820767997,13.8090636013,17.4989720737,18.8414589904,13.9654050633,17.0064959808,22.1264223092
10.1303625919,11.2688849017,13.7712359937,13.9077758809,9.68553511051,16.3525096905,14.0591596099,10.882476573,13.3840993184,19.2908862325
6.67814407312,7.65935274842,9.99210995881,10.7629307543,7.18959690862,14.6498339215,10.1077820338,8.68742286766,12.6069516745,16.2269830237
4.10289398019,4.74618194961,6.4184574413,8.14639272239,5.10412903453,13.3162595687,6.84539017021,6.96992867788,11.3039369938,13.6272732578
14.8241312962,19.1267587017,16.4693760738,14.7609873921,15.1236630868,18.2562047499,13.574864032,13.4391479601,19.7340666379,15.6875266347
17.4150080347,23.3141478856,19.3113895556,17.3038240446,18.1059161248,19.0470713011,17.5228290368,15.051259106,21.8668321824,17.712815404
15.6386344746,17.8603001575,15.2439713883,15.6716687019,15.2329114737,16.1540491021,16.0907659303,13.8359731646,18.0316232819,16.7337398326
13.8227208631,13.884977098,12.5745801389,14.3793937825,13.0801822546,14.2261806141,14.0935771103,12.7250256293,15.2962793452,15.301245017
13.3926290715,12.2170451257,11.6331952602,13.0426686455,12.053276694,12.7293651697,12.4496519595,12.2598315045,14.1947070889,13.7452293607
10.9886546419,9.85035413539,9.74895042751,10.9908406294,10.0715499354,11.5663185059,10.3979708208,10.74529741,12.2599891684,12.3604054415
6.7391914348,7.04906912377,6.93814900105,8.79854349398,7.13810242511,10.676746039,8.22748436454,7.83671771152,10.3014197071,10.9664716639
5.0299164953,5.53478267957,5.13175237829,6.97323181778,5.38803781226,9.55629510731,6.46972992247,6.38358780113,9.71266669878,9.38716535986
9.30442348603,8.90960929914,7.53656397282,7.30172004107,7.95379569223,9.01470384305,7.3441887103,8.59335583711,11.8755976991,8.4773850069
8.87262157535,9.27906490596,7.2925763738,7.40091069885,8.06652194668,8.80567951,7.72994330802,8.37510770132,10.9717222658,8.2538864489
7.25612156765,7.84886466948,5.57212057468,7.46553152126,6.60625235279,8.40143337719,7.4072228555,6.83113041841,9.35237794816,7.55032159399
6.25009996594,6.65899732325,4.32215788672,7.11393803079,5.09795951844,8.02088685311,6.56316507608,5.4397903828,8.56841423937,6.83579023121
5.90840338651,5.92109175303,3.75097863148,6.14176294102,4.19497692778,7.18424326503,5.5602928051,4.83630039571,8.52642729785,6.09333325321
6.74208327718,5.99141803523,3.99434455082,5.05602764317,4.27287238913,6.1023323199,4.8292896356,5.16260717723,8.7462103834,5.3001429753
8.11272253969,6.98796669217,4.73192742931,4.94841933972,5.14496219736,5.42366835694,5.08851126823,5.89110402734,8.80754860511,4.64924148376
8.52170700819,8.07318640994,5.69063376565,4.61199230871,5.77818824538,4.55901236797,5.65655657623,6.17255261582,8.85754882609,4.23135575953
8.45867996828,8.76844830149,6.20695957878,4.65806030615,6.09441762569,3.83050769601,6.67799715603,6.33227009716,8.36228527889,3.88556477563
10.0275173201,10.4846127441,7.62408855699,5.31320218435,6.99372529688,3.61459680951,8.00884137066,7.04517713334,8.34237285654,3.76186656179
19.9036317266,29.4523614147,23.5318306194,14.6625930801,17.1154449589,11.5755439221,18.1765343123,12.1860203287,18.4631092599,9.91220263538
21.9207388826,32.7878650532,26.6211087272,17.0544099599,18.0791619587,13.1591631759,22.0504109855,12.4346263196,19.6286404578,13.6766998374
16.434526153,22.2519745651,19.0341509772,13.6130919864,11.1600064713,10.179840932,18.0514207999,8.71349033975,13.4191227926,13.3318387397
11.1371537681,14.4459159995,13.5190611399,10.8057562309,6.01923513529,8.50599717999,13.4633006414,5.43513534736,10.0381962752,12.0125651394
10.0533388285,11.4952520481,11.4593622404,8.68586318249,4.58383307524,7.57941215326,10.4362279209,5.21971169046,9.70409355949,10.3920245539
11.2332929898,11.8830544554,11.8786613653,7.5099503698,5.88973893242,6.85454993977,9.48851573305,6.64812095399,10.7648364918,9.19524307723
12.9591123585,13.8962392342,13.0963256418,7.57816799454,7.76378136499,7.12799095085,9.72373177409,7.92540361162,11.4728400693,8.88269088955
10.356907814,11.0896507635,10.2346251878,6.48273596049,5.92196193236,6.18286202427,8.24645333682,6.41618121296,9.16584177183,7.84726781198
11.5277484908,13.3938916042,11.432334755,7.27385324885,7.26478414448,6.92807080949,8.95811661276,6.82540350648,10.2814963448,7.76290369258
10.4466146282,11.922429545,9.96967406789,6.58292103789,6.20044113275,5.86458334546,8.36806127692,6.08167835828,9.30213307176,6.97616340814
21.333391593,28.8241820297,23.5305437919,15.3676609076,16.9599839967,14.0678260681,17.0241517062,11.5509985886,18.0861636581,12.271717657
17.4544880941,27.6477108984,22.1741062431,15.5142120633,14.7481717263,12.4843505076,19.2902848839,9.7626853645,18.6462478434,14.1779311789
10.5664328546,17.1475986181,14.5746842182,12.1261624321,8.47165436889,10.1232437651,16.0537273066,6.42619235656,12.6517882735,13.8142229873
9.39315322197,12.1754414615,11.3436543589,9.9424622433,5.93362137091,8.5223762808,12.7102908965,6.10662411789,10.9816848079,12.0815522135
8.15989078596,8.70606671222,8.8671090685,8.06239648598,4.47884575485,7.93809502763,9.73424219104,5.86212230516,9.55974818092,10.5823280113
7.48640815026,7.09836409503,7.49926741463,6.26077825554,4.03555728488,7.16612060726,7.34354330998,5.78408421243,9.20325483536,8.93923298624
8.37367513156,7.60639105232,7.50611383423,5.58228735573,5.21684109187,6.45267748317,6.80701515546,6.74631884231,9.54865126242,7.52747964452
11.4855191992,12.4455478535,10.810876244,7.02811653218,8.60545588079,7.24543215625,8.95103202134,8.71671148966,11.7336942599,7.64771755768
13.9243369718,17.3105528006,14.0993640369,9.56056242777,11.4613110212,9.1464317881,11.8574177111,9.88402134585,13.3326402759,9.13924105554
12.8497467303,16.5412923176,13.4366743203,9.43023343103,10.4332657621,7.66439230487,12.4865852618,9.06702280979,12.6844041739,9.06229723151
8.31081084351,12.0456460144,9.93122128057,8.22073705456,7.43426048249,6.57652106514,11.752317036,7.12913541741,9.69028827,8.78255276364
6.18843680354,8.92085569163,7.58952312686,6.70226088817,5.14082706538,5.99691702535,10.0250326822,5.80607506226,8.09895409117,7.9631529139
3.99655692529,7.1902084572,6.09372065484,5.50491989518,3.9277610306,5.8517861698,8.94327962009,4.87532595337,7.74290154251,7.42435312631
1.44954748158,5.37976851426,4.51230538677,4.02667116273,3.17715292315,5.0582926923,8.42063179555,4.39682636915,7.5433017243,6.76801318421
1.14467103035,4.29022233541,3.27260162444,3.53694849075,2.96180007199,4.96515232623,7.94936306287,4.67334618202,7.02629556787,6.10530875115
11.6319787739,18.4572282699,13.9227550394,10.52517762,11.7648142417,12.0877926751,13.9411678095,9.97730574625,14.7934477213,10.2060511142
10.9529913583,17.1462137417,12.8514536401,10.9250629408,10.980211509,10.4760706125,14.9166163762,9.3359118908,14.9561491712,10.8836873644
6.23141675154,11.3477326262,8.71691091267,9.84590698309,8.12940037836,8.95549178434,14.0999120041,7.75381778174,11.8095156173,10.9079361236
5.95851809295,8.85186548924,7.21271237485,9.61742448169,7.41263144598,8.77739943264,13.3968532925,8.17733890663,10.6687309453,10.4033295149
4.52279079978,6.13213892673,5.64794419216,7.7777452969,5.94918369396,8.27540468303,11.1076440623,7.52017898246,9.63294259873,9.72534088728
4.62170279329,5.27969448913,5.20585632756,6.44237440185,5.80512723279,7.58604081033,9.58373588021,7.66001654457,9.62485176106,8.69507539514
6.18015872418,5.70084764075,5.49314589943,5.78519221659,6.44502121519,7.1134416937,8.56659689247,8.37390880789,9.61105931469,7.73295716428
5.80552694131,6.82159469682,6.09147196273,5.94925674679,7.43173364593,6.57778069809,9.4901634114,8.7932854523,10.0010538185,7.25047834317
2.92022829887,5.99406841823,4.87465762223,5.72812354678,6.82969318671,6.32766831979,10.2683036757,8.14207542623,8.89080658139,7.15066842415
2.00525293626,5.3920931424,4.13004075772,5.44453378236,6.36325526404,6.21994956396,10.536944506,7.83970253174,8.28870340789,6.91424480781
2.46467501003,4.95397279842,3.82577726865,4.86864987678,6.00102634272,5.9782093555,9.93650831943,7.78733734091,7.93998365674,6.5432270731
3.22919893667,4.90740179266,3.80296407725,4.4604429776,5.86009742596,5.70976925478,9.16781117837,7.75310589799,7.76535951891,6.09992279091
4.49431003499,6.07643013484,4.73520045657,4.84883223815,6.71963503586,5.44161096818,9.64281488409,8.31405000533,8.27353304258,5.76994536991
4.23020933286,6.14868733177,4.75902730751,4.66905264675,6.57736969535,5.08441758878,9.62960005792,8.13396418221,7.87047406952,5.56844768654
4.55472169783,6.48258153822,5.03920842139,4.52286855733,6.56026636286,4.73879702669,9.63784689591,8.03027610135,7.67665500072,5.30836493011
4.76337181338,7.07230844524,5.44318998915,4.73826698522,6.73145385957,4.40753831431,10.2091718129,8.041023479,7.57270519919,5.04693309534
3.66762034923,6.67895705568,5.19137034853,4.22023632798,6.14490940115,3.94660730837,10.2319570343,7.47271215623,7.06784081842,4.95216677865
4.09796691021,6.92362498731,5.34623086018,4.17276849236,5.98109052532,3.97935529849,10.159623574,7.37888862846,6.85444642389,4.87575225428
5.81919031445,9.00876015597,7.0953655045,4.8038442814,6.98332838269,4.34412149425,10.9169540968,7.94516831182,7.89731129456,5.1787287528
8.26240953055,13.0744469513,10.3328441047,6.64976103212,8.95772327357,5.76740942897,12.835004022,8.98797957652,9.97332181448,6.49936725025
8.53787177395,15.6087743547,12.3616100878,8.14338305284,9.8497334996,7.24109154878,14.59269845,9.02217024189,11.4076805411,8.40768840484
4.52989408223,11.7999629825,9.33697518742,7.00400840464,7.31280468635,6.25467295802,14.0676045295,7.12796005335,9.69595326829,8.81048548834
2.19274583239,7.76431701358,6.38854246374,5.55706820655,5.08736185503,5.40330578037,12.4555983544,6.05100926951,7.88168656647,8.35141191093
3.02857696046,5.82636534363,5.23771259805,4.41880066471,4.264751889,4.9862073557,10.38019879,6.20211412933,7.19847467644,7.42534563177
4.09259112441,5.53541416713,5.13954508692,3.91727787564,4.56965112862,4.73408205494,9.11700087779,6.70174790064,7.29359615654,6.57782423611
5.8213445765,8.82329322092,7.5061167702,4.64947743591,6.43744160478,5.831225203,9.64886745383,7.55012397221,9.20488576257,6.98801050112
7.43034189567,10.7989434274,8.79615760312,5.33293312414,7.49655993741,6.10660255303,10.1770543422,8.00223842436,10.0253054136,7.19624423659
8.7201452253,12.2783003298,9.79047208594,6.04795566699,8.06246265198,6.45143654734,10.4734497586,8.07928858166,10.3752560848,7.57355392708
17.4882049334,27.6068329477,22.4306897132,13.9035056228,16.2003368587,12.7390664466,18.1353272269,12.2715475737,18.8430794769,12.4329370508
15.4548003527,28.3740043079,23.1164332938,15.5956226225,15.9843219942,14.1079717582,21.4830698925,11.6533228828,19.525683366,16.0972885039
12.6313644043,24.3798484388,20.1619473984,15.1431910732,13.5849531926,13.3239866063,21.6141301356,10.5334396383,18.1159651789,17.4097396178
10.8669898097,21.2005585664,18.3827310684,15.0299725857,12.4554804609,13.7731884302,21.3041007183,10.6353895205,17.466447532,18.7078117666
8.74178686437,17.8853642042,16.3649760458,14.2695633819,11.4501737411,14.1399173129,20.4763761939,10.8102108536,17.0850675647,19.4398453438
7.59586494185,16.2178506825,15.4284691508,14.0800949852,11.5501067888,15.1611426639,20.1025903248,11.6487144054,17.6290504532,20.2060351969
4.90313864387,10.1736047242,10.9563841128,11.6402806723,9.5782780329,13.8219495821,17.5259148949,11.4099523893,15.4266970204,18.9741295788
3.56758252468,6.41623412402,8.15661640945,10.0643370763,8.88314738809,13.1616818093,15.1183519407,11.8254954318,14.0670723945,17.4758315029
4.94911095464,5.4823508984,7.35954213467,9.49012920294,9.67160119269,12.9676393082,13.4445721701,13.1026802155,13.75031595,15.8079825581
6.0313448984,5.84664988285,7.37420083508,9.26019304495,10.734544618,12.6205912836,12.6076831556,14.0085809854,13.8372899077,14.435716383
5.81114862602,6.73488682239,7.5189746112,9.49871815431,11.6198877206,12.4275818951,13.0468471175,14.4466862264,13.9291526046,13.6527204775
2.41790539995,5.50300483602,5.86954383001,8.73121419394,10.7728998494,12.0281312198,13.2212831603,13.4878397171,12.7980898374,13.2621086695
0.811273017659,4.51548309141,4.63101692383,8.0741123847,10.1526110251,11.7124912271,13.1964532764,12.8275697869,12.1060662868,12.6983449149
-0.0470728623961,4.12428366815,3.916096946,7.96848176973,9.94774427741,11.7977890329,13.4736287937,12.6490148783,11.8961350613,12.4637294945
-0.312378840149,3.21189418756,2.89985001274,7.56080034491,9.42815569716,11.970302993,12.7297768863,12.4093821217,11.1856239374,12.0787949984
1.78395229367,5.52277562198,4.5334772604,8.63370224056,10.7900682241,12.8009532053,13.4128639896,13.1129518877,12.8742114544,12.3271436204
4.28638425683,10.1351917531,8.03342252702,11.0925711578,13.2770162676,14.7609418116,15.927480461,14.5484663109,15.8799822527,14.0758657663
1.7089492016,7.39224059212,5.9010452723,10.4891629967,11.8921758016,13.8869704531,16.1895646446,13.6678677421,14.7456660672,14.452752205
-0.525655640378,4.58928792688,3.91377753677,9.70309836196,10.7054212976,13.4062103381,15.7160497578,13.093615343,13.5556897629,14.4821028912
-1.461387179,2.79268848516,2.72460101346,9.10836088872,10.1328143304,13.320632386,15.1108556129,13.0589382046,13.0015437217,14.2822998518
0.203173513541,2.52577906282,2.77841408318,9.03516179802,10.5798429155,13.4745877247,14.3657506669,13.9314088735,13.0863826113,13.7735472049
1.67335570404,2.83009117026,3.21052672124,8.89229226799,11.0914676961,13.3045743484,13.579149235,14.4980589295,13.3154601079,13.2195004176
1.7422217298,3.16222704021,3.50978424164,8.59189955451,11.2842562407,12.7796653534,13.2657728997,14.4389331603,13.4722400055,12.7760067601
1.96718155465,3.62272679926,3.75854100258,8.53959760595,11.5455420072,12.5056634778,13.3019083917,14.5920085387,13.3133855868,12.460974577
2.03579720431,4.01067010804,3.93773827553,8.51274431745,11.6441458967,12.2558806055,13.4218372388,14.5789748676,13.074175161,12.2186923802
0.57296720226,3.82956145457,3.38850899973,8.77669259021,11.3519915524,12.4631509059,14.0135415606,14.2486632045,12.4765113463,12.3234933351
1.03407423656,3.94627841551,3.53758466642,8.69533613188,11.3405298459,12.3465762383,14.0466619716,14.1134060304,12.5331590708,12.1401188643
2.97455677111,4.52178183365,4.21295516812,8.6267690952,11.6337532203,12.0660466685,13.5923348625,14.4608879043,12.6119143379,11.7560661586
7.34714247178,7.12840372713,6.67299520871,9.21882685986,13.0656295204,11.8230989745,13.3357521166,15.486469832,13.5828948914,11.3667167258
10.7225454958,13.5355598618,11.5499126409,12.7418319246,16.2106277486,13.8005167196,16.6858870177,17.2598180044,16.4284524943,13.0400823979
9.65159542924,12.9596875502,11.1581196615,12.911906466,15.3081887686,12.9457030637,17.7773114825,16.4695440629,15.4225389713,13.2521353962
9.10080795289,11.5634896912,10.603826387,12.2087840841,14.1854357485,11.9766074506,17.3732309323,15.7425073969,14.1652322929,13.0338464364
7.47062881603,10.2708582031,9.92810477278,11.4752761403,13.069510358,11.3366187588,17.0915966174,14.92739201,13.2842564455,12.9420510148
6.13431148732,9.29472658445,9.28496903601,10.7644262602,12.2326048244,11.1387161766,16.7913917986,14.3558208777,12.5807599541,12.8348848645
6.75057421083,10.1763663518,10.0343641403,10.8187222613,12.4934557937,11.6218529029,16.8574959637,14.4676474462,13.0491431404,12.9937337445
5.22207799384,9.22002768888,9.14276716148,10.3932955671,11.7569591623,11.3241221621,16.8465894294,13.8352805194,12.6932693586,12.9564456618
11.6071288922,22.2861498275,19.8068215717,16.6488478657,18.3309444423,18.6847291722,22.3451666655,17.5848652311,20.3866637666,18.3334583182
9.6115684343,17.3695885155,15.4443006574,14.7235921446,15.4828559383,16.7173523606,21.6687723653,15.8365353542,18.5446806961,18.4279452071
8.13838589184,12.8206325792,12.2418469436,14.118058493,13.9204760703,15.4182760429,20.1572734189,15.4417859389,16.71264539,18.0412268867
6.20194558026,9.76742761983,10.1523823959,13.6142633942,13.1044515336,15.1272399728,19.2689451664,15.4640627462,15.6804259594,17.7905265597
3.0694885388,7.2845921351,8.1599121931,13.0938472595,12.4111460344,15.3727537358,19.1104147286,15.2813715801,15.1553292709,17.8100658026
1.05916329826,5.20357102799,6.64691922911,11.8529690007,11.8584475733,15.5809248938,18.2320475732,15.1339989949,14.9529547933,17.6616852347
3.27380019117,5.61263805803,7.11361969435,11.6084579789,12.8486968115,16.1461874533,17.2615501548,16.3068812343,15.7431151219,17.2378508807
5.09059941311,6.20804552001,7.54325148338,11.6809809976,13.7332451684,16.0776952516,16.5823434337,17.1618115747,16.3357976291,16.7239654105
5.24883138443,6.28426094252,7.43670848736,11.5828299015,14.076922111,15.6879465581,16.2074313559,17.4413989929,16.2952859842,16.2903155385
4.63794515899,6.37574203909,7.14495487099,11.7779068214,14.2724053908,15.5621992451,16.5112743101,17.5533476952,16.0035564353,16.0222019184
4.03031621821,6.2629591041,6.82784396582,11.6582805197,14.1862269852,15.3544898269,16.6835251381,17.3725518655,15.6478566278,15.720200524
3.89777584381,6.00748107042,6.60254335079,11.2695906386,14.0180212585,15.0424992774,16.4462294745,17.1926963884,15.3429731621,15.4216324469
4.03247637082,5.98577799384,6.52102782184,11.0428019124,13.9426572104,14.8323787639,16.1894575304,17.1273318765,15.0689243026,15.1411337344
6.22104742278,9.56628863356,9.21141926591,12.5015578921,15.6544442322,16.1820539748,17.4194289398,18.0411058082,16.9053800128,16.0326600377
8.80591104984,11.7120167973,10.955892765,13.5277196254,16.7234123492,16.5793732117,18.1898921526,18.6927711775,17.8161368505,16.4958173078
8.65948704378,10.6472297415,10.4486617513,12.8925699095,15.8845922827,15.39718186,17.5311792698,18.0755347448,17.0365680532,16.2390307479
8.12607136099,11.0391295056,10.7304958721,13.4724763375,15.9343743632,15.5195390748,18.2026116856,18.1206603321,16.9082356721,16.5983466585
6.465784492,11.5956190554,11.0885714463,13.8249418606,15.8598919636,16.4109611638,19.2095754894,17.8504098427,17.2627294555,17.7077098034
6.2359173837,12.1004639041,11.4975345173,14.0947554374,15.9746338532,17.302668257,19.857772745,17.8036414808,17.8789683082,18.6320688258
6.16132914312,10.8273538767,10.6092968044,13.8177870742,15.4380811647,17.1140553646,19.5904885536,17.6457471738,17.607851172,18.6771511027
3.905760917,8.05678097811,8.53815934277,12.8281356563,14.1443944814,16.559016646,18.7244539849,16.995704213,16.5913214766,18.5554957014
3.70884650778,8.16447527344,8.68543486738,12.7352048233,14.4420564189,17.4000498481,18.3749939943,17.3049981854,17.1172928413,18.9591596662
3.37929789951,6.80983589836,7.66663546264,11.8965380095,13.9674399636,16.9880476228,17.3631164089,17.0633793205,16.9100508899,18.5331510478
4.49945232797,6.67916111903,7.49981749806,11.937652679,14.2959149323,16.7336450848,16.8179477401,17.5405084698,16.8787993485,17.8337499884
5.22048256481,6.85438939347,7.61010649591,12.1550075569,14.70734204,16.4296890755,16.7249488915,17.9916531123,16.9622242595,17.326149697
10.2511682308,13.6062803056,12.9763131667,15.0036712379,18.4938631186,19.2025624993,18.7327274105,20.4484430701,20.2485072437,18.9475076253
24.3361371223,32.8890797303,29.5470694101,24.6894446668,28.7436100563,27.3002456359,26.307789774,26.1761098341,29.8931108689,24.8422451829
30.0334543609,42.5711512769,38.2770408223,29.7500674911,32.5601865712,31.3733512485,31.9935381793,27.5451329928,34.9082429389,30.596457912
31.1098530523,42.3661693561,37.0217619246,33.1712079734,32.5102596107,32.6354434524,36.2577195656,28.3835469794,34.4681381234,33.5956219924
31.7595957043,39.3046439537,34.8216574139,35.7739726075,31.8535358244,32.451642747,38.4663323566,29.3813510414,34.068831742,34.8108842497
25.8882617045,30.7048004476,29.6914032794,33.7207521955,28.3742537377,31.3298720418,37.2401021388,28.7547813866,31.5035194691,35.5821459221
17.3157470204,21.4613388734,23.6072473889,29.9191589676,24.804228501,31.1147537895,34.6915704412,27.5320322466,29.2555058876,36.3308678512
12.7977549701,14.7566107032,19.2254636599,26.1151243015,22.9612959417,30.8912030232,31.1540128007,26.9084671148,28.1551468297,35.4249167137
9.98413605408,9.96309255153,15.8285346009,22.7210385737,21.7263539289,30.2526592932,27.1899730103,26.4839306765,27.7342972989,34.0685603495
10.023626516,8.12817737223,14.0293573713,21.1938084905,22.1051337417,30.0478646336,24.5017303504,27.3183737431,27.8300451952,32.465861102
16.5934350141,16.2026758331,19.6993452692,25.0406308658,27.5852697272,33.8674373726,26.1594088812,31.4471051698,32.1788903315,33.5640983863
19.7452851344,17.7671686905,20.2369018762,25.8756640916,29.0883244812,33.3719079153,26.6774706878,32.5464239532,33.1288860261,32.8495877726
21.4519029452,18.4295776663,20.561529014,26.9871782765,30.0694748797,32.5563742493,27.0323900352,33.5689992272,32.9846342635,32.2943382833
20.4390307704,17.7167930727,20.1580485344,26.5874083531,29.724871708,31.5370938399,26.8283864703,33.5847755169,31.9994752829,31.9574644808
21.7936828676,20.6010673518,22.8518452183,27.039674903,31.080328042,31.9511132547,27.1689394422,34.0891560694,32.726839678,32.3834198536
23.6822540607,21.8241806858,23.9526839727,26.4405115654,31.4993836515,31.1376837519,26.5911826271,34.0793634007,31.8956342686,31.7158042628
25.8190832889,23.9708399708,25.3151056465,27.58254675,32.3514400598,30.8087642892,27.2352191507,34.5519384752,31.2312891166,31.211051329
29.2739164443,29.3422889153,28.8464896375,31.9769903789,34.6033017927,32.2445469364,31.3787738714,35.8683405426,32.9248801132,31.9668481608
29.6033606425,30.6159596811,30.3119238435,33.0531305659,34.48969603,32.541714355,33.5109908505,35.8608495767,33.1552812471,32.9411989012
28.7783514681,30.2955298406,30.5182300951,33.5010440766,34.0286272714,33.1698459537,34.807852096,35.9196444094,32.8407566275,34.0162179078
25.0930704302,26.4113598967,28.0658764074,31.362763324,31.5444918971,32.2082236628,33.7814489372,34.2976570811,31.5822028099,34.1578125022
22.6262318579,23.1665287384,25.9234539127,29.5761850808,29.8276964623,31.376599245,32.2608821173,33.1557116629,30.6505996842,33.7051548216
22.7186960697,22.5336880245,26.0350092586,28.2036791582,29.5239925065,30.9285350255,30.4797376727,32.7336488373,30.8758799781,33.2250090599
22.387124725,23.4187591151,26.5527791489,27.9439352779,29.8792535569,31.9355905247,30.0501513312,33.187788083,31.209834903,33.8749360235
25.3800314391,26.5383081378,28.7994395436,28.836873487,31.7938577761,32.9850527856,30.2571608188,34.0299407571,32.5082697672,34.0665851559
25.9554313727,26.9916772818,28.5972466406,29.2338418487,32.1139417572,33.1911640536,30.4165553888,34.2674781868,32.1340603267,34.1534423597
25.629918461,27.2278086654,28.3933076489,29.8401297623,32.8899893063,34.5150096005,30.8033023573,34.8101401059,31.2494529353,34.7669215907
22.3204254591,25.4193075925,26.9737796344,27.8308555963,30.4578081997,32.3621674016,29.1734495625,31.3607222648,31.763498131,34.1739666469
21.4765959012,23.518087199,25.4292426796,26.333089136,28.9701373109,30.73261529,27.5679985594,30.0990912046,30.8366030493,33.2407337232
20.6931470351,20.0455300614,22.3390436421,24.7715976869,27.6220609692,29.5129336026,25.6641801088,30.2255953218,27.6873949414,31.635547811
21.3972909996,19.397854199,21.5661981393,24.5070101504,27.3797469672,27.9226126013,24.5123691215,29.8168367039,26.8665889188,29.4274229381
19.9103314991,18.7272238166,21.2101108238,23.0009390398,25.5408997791,24.9023422504,23.3765634606,27.5061234535,26.8292173988,27.3864975886
15.9739328799,16.3351141383,18.8702224568,21.1647960106,23.3720660052,23.5185980127,23.0107888295,26.5689491714,24.487115332,26.5197009282
15.5462235278,16.0833542105,18.0682201448,21.0244134274,23.226607322,23.3950472287,23.5821929868,26.7906150804,23.3012693621,25.4074191523
14.5676612151,15.9217290117,17.3976096846,21.3276570528,23.0025385289,23.6042137734,24.5693365511,26.745418017,22.8275201569,24.9173972265
14.7702348777,15.8310217396,17.3097175189,21.2532512591,23.0333899734,23.5693183719,24.8519140179,26.6280116334,22.7894129155,24.4001809892
15.8388047201,16.314580765,17.7292258936,21.594080966,23.4467275677,23.6536809811,25.1188556982,26.8908867971,23.015679412,24.0865332603
22.0923900248,25.7870174212,25.672976408,26.0686839781,28.512367834,28.0916102611,28.4338479733,29.7926836157,27.9553197679,27.1364809839
17.6848035805,21.5167994864,22.2016506858,22.9716276089,25.0802724953,26.1430971401,27.1365608982,26.9576997056,26.340177281,27.4474430705
14.5024584162,18.2537287759,19.5530161489,21.5057026926,23.2937341081,25.4946242138,25.5477496046,25.5662271553,24.8201369291,27.5730866313
22.9421649887,29.463829051,28.6291774196,27.8772564855,29.6171757131,31.0496216085,29.8554287688,29.3157389395,30.7354811721,30.7553959773
22.1594805594,28.2963660872,27.2012894628,27.8355498243,28.5458009226,31.1087510821,31.2006909906,28.7868375807,30.9953732729,32.1097554751
19.0330206578,23.3263740363,23.5534989552,26.5527654692,26.3093650276,29.7228600021,30.0115630083,27.6834439983,29.553389007,32.2008882016
16.6887861455,18.8087733291,20.3931361141,25.2524794419,24.8683761399,28.9218723072,28.4881417213,27.4841442659,28.0054257864,31.7026729059
14.8285151899,15.4031363628,18.10073632,23.7898593148,23.8473969276,28.1373881588,26.7810470111,27.2911553641,27.1181788332,30.8002122198
12.9973044578,15.2978096597,18.2041420221,22.9955039129,24.0217846942,29.1848960718,25.9425476529,27.5021336193,27.9538070353,31.5321761931
9.79064623519,11.4499414032,14.7222771792,20.6236946616,22.2560654096,28.1002350443,24.2764396468,26.3763390671,26.6787275017,30.5386894215
8.87636747841,9.90695510331,12.7623155823,20.7010857996,22.2490767003,28.362990244,24.1030290128,26.9659532929,26.0825177627,29.7048217509
9.70273261914,9.82403325999,12.3051230027,21.3726621465,23.2360767502,29.1188368021,24.4141468174,28.2091815795,26.3347633354,29.1119783433
8.61130393638,9.66546898489,11.8382071458,21.5179566308,23.6225311806,30.1466598247,24.7034094634,28.7251509611,26.7430557891,29.4874758196
12.4184295225,11.169601656,13.2160267882,22.303343538,25.5662195995,30.2862372592,24.5972377133,29.8334807724,28.0934951909,28.6885357482
15.1658984897,15.0191171322,16.1132766202,24.6267151807,27.9150301759,32.1444002226,26.1840020913,31.7228212007,30.0965377742,30.0712611794
10.5292947291,11.8726090355,13.5961271071,22.6171398952,25.5228487965,30.9412862878,25.5321486814,29.6613601474,29.3412249153,30.6319263772
4.87897668708,7.55661556311,9.727015714,20.6183201516,23.2229370494,30.7566727519,24.6187688392,28.1106538298,27.2744395602,31.0119376404
6.05451718251,7.88124974163,9.73037657522,21.3964606127,24.3399266755,32.0831558496,24.9637242316,29.0123635929,28.0561967356,30.9142815778
9.22233737065,8.58050648726,10.4167751968,22.1374357329,25.7098405127,32.5744576411,24.7514987599,30.3540795957,28.9749912312,30.4940093522
11.3317520727,9.03732755796,10.9471209005,22.7426406694,26.4863516517,32.2436876956,24.4689560403,31.1558301679,29.508636073,29.9890605204
13.3992072303,10.2258460346,12.0289147231,23.7561491339,27.7299114769,32.3230201623,24.7850394836,32.3236029289,29.9347685605,29.7928541646
17.0926813436,12.410283423,14.2453249256,24.7113642366,29.4158793589,31.7251100145,24.8858261271,33.2727331434,30.7136303522,29.1515895053
15.3978744673,12.5157569409,14.6476090281,23.783762369,28.634858754,30.9906952632,24.3535415452,32.6308849137,30.0277930904,29.5929082745
15.6639267815,12.7934690345,15.0404416931,22.9282928784,28.2887273811,29.6542211262,23.650975105,31.7070640158,29.3739859796,28.7638009297
17.1202892197,13.7061094208,15.4580175525,23.4747502558,28.7852645606,29.4489193499,23.9451908149,32.4087604617,28.0281140302,28.1356679264
17.4088652462,13.8630612835,15.5628587108,22.9867449638,28.5680280599,28.7251283303,23.300798644,32.0314556705,26.482149411,27.265485496
18.2064685318,15.1485137129,16.2902527876,23.4857960803,28.604544684,27.9705465603,23.6352613992,31.277262524,25.9779949885,26.2943367469
18.6217671342,15.6791072435,16.7098653471,23.156186449,28.1047679311,26.9573876253,23.3887220996,30.3325726283,24.9572701796,25.3962678353
21.9062550747,18.8568463284,19.3271773008,24.4487024373,28.7662001211,25.7586383063,24.3257276707,29.8020307398,25.9631549145,24.4383461117
20.983054407,17.9810162949,19.4241502566,22.2928308079,26.6972085737,23.5430443561,22.7281718416,28.2637619557,24.2263633863,23.7019532578
17.5814845901,16.4793068718,17.9886344532,20.4869606424,24.1782906056,21.9164515174,21.816274429,26.1738446019,21.9178690805,22.796800307
21.3008719347,23.1157982068,22.7120282419,23.8156789507,27.780059756,25.4825970751,24.9664171374,28.0501942109,23.792713654,24.4922939685
18.8675344805,22.4837083841,21.6651253387,23.4516142725,25.3272863377,23.9104810784,26.0744665798,25.2174354046,24.2443563104,24.4580339962
17.0775273927,19.0964315139,19.1584475943,22.1904538152,23.0584132108,22.5425926757,25.3703504456,24.0906338685,22.0178412687,23.7338804556
15.7419564672,16.4307622003,17.2919406501,21.1445333714,21.7065206254,22.0849175193,24.2438419827,23.6097968358,20.3794814058,23.0738872133
16.7837574394,16.3467476208,17.4975391357,21.0154978155,21.6626222543,21.3926939264,23.6023438172,23.3593034097,20.8061058538,22.0690502654
13.6981275578,13.4412300617,15.6392573119,18.1917987009,19.4387263637,19.9215484898,21.1304531802,21.7189270691,19.3976737413,21.359247947
14.8010802389,16.7975626978,18.0930857256,18.7677565172,20.6964393077,20.7389463854,21.6155531526,21.8629211104,21.4313945125,21.7546883542
14.5070105442,15.9592168242,16.7078262816,18.7487113668,20.1326200746,20.1146134474,22.1174259647,21.8189193592,20.5310877939,21.1700870254
14.4391390393,16.9313023764,17.2747144926,19.7142556748,20.7296183269,20.9104077206,23.1620524068,22.3661728082,21.0180367035,21.7828813839
16.9453029444,17.3715304459,17.8173968898,20.0084709288,21.3510723787,20.5838463394,23.1232912204,22.9837714088,21.0295702942,21.1727227585
17.3431129215,16.7337050064,17.6403197257,19.6612610586,21.0103639674,19.6825088894,22.4285092148,22.9168368431,20.4121087397,20.585248347
15.1461776642,15.5802827949,16.6662497149,19.0568255865,20.1466825848,19.3226191206,22.1561934966,22.2993395728,19.4304666032,20.4260724527
13.4499696479,16.9034103307,17.7071319808,18.7145051026,20.1988924655,20.3155547825,22.4105938724,21.5290912755,20.3735396651,21.4389899284
10.2252441973,16.2117504052,16.4912583051,18.0538581157,19.2031774677,21.3727133608,22.761994325,20.2637596338,20.2443376969,22.5921035609
11.9361609158,15.7874489723,15.6232054834,18.7890241971,19.4889745424,21.6903573858,23.0566600448,20.696200037,20.407472351,22.2189214478
14.9626381675,16.255679532,16.1714180946,19.6865409295,20.6261119852,22.2672242113,22.6179620633,21.9452609952,20.7142259547,22.1160909322
16.8449767086,17.7516859587,17.2989449217,20.6131363234,22.9936085676,25.9319712995,21.7197939297,22.6105040614,19.4786625055,23.5167799563
19.4582730576,23.281274389,21.0475747535,23.5988097954,24.6512262517,25.5699918138,23.81409325,21.588871517,24.9640577875,23.9211270636
30.0300764464,40.2952816234,36.3503983547,33.8580334529,33.177121742,33.4389423349,32.67552741,26.9297988295,34.8356476635,31.1037682247
24.6153313158,32.7521197488,30.5495571746,28.3740262314,27.9396645721,30.6468255435,31.4728264108,24.4274828769,31.5502345125,32.2886852937
23.0805137496,28.723344445,27.8990210052,27.9597502335,26.233546004,28.8756452831,29.8575526369,24.0201725396,30.6062800825,32.3097134498
19.5563675113,23.4488681023,23.3271999941,28.1681354236,24.970007883,29.4923523059,30.5880416208,25.3295755628,28.1208212564,32.7498888813
21.163034389,23.7375117351,24.0784875055,29.9032106999,26.8898394918,31.2981115319,31.7617321103,27.7250500989,29.7757389445,33.1710091052
20.2844823864,20.1092491265,21.7412627383,28.9019272524,26.8213750189,31.7226442418,31.133495166,29.1177851953,28.7447492254,32.8565795572
19.3787429239,18.6946244389,21.1155756637,28.5400859653,27.2384470623,32.0360974204,30.3252829189,29.6792854082,29.5862167977,32.7563835817
20.3161310838,18.5066208873,20.9813896436,28.7900475802,28.7682962835,33.2781736486,30.2346341374,31.4393994535,29.814664375,32.7379018918
25.7561102722,24.1625763509,25.9507838037,31.1934029773,32.6557204681,34.8819002849,31.1390979434,33.4735384792,33.6275055054,33.514536806
29.7271009831,27.8620409729,28.7855944426,33.3408283029,35.0408441635,35.7955757659,32.9105409779,35.3320831249,35.2987708256,34.4276443724
35.7921285247,35.3302760884,35.3975538171,37.5658531871,39.3993176823,38.4179858083,35.9532899764,38.1328950362,38.5901684802,36.8987524367
41.1625327452,42.1477701714,41.5489433533,41.0858935296,42.9014868293,40.7533716012,39.2314444015,40.2420646067,41.2035178734,39.5623023292
39.5710564989,40.0418597206,39.8005440205,40.2823347271,40.9464625132,39.3873838883,39.7585702558,39.3900792742,39.508684824,39.8994425577
35.0124040635,35.0199272683,36.1222157408,38.8667373169,38.4459605446,38.7223784315,38.9525646526,38.7386310708,36.5428027867,40.1898382059
33.0575247861,34.838270992,36.5959493522,38.653022048,38.097760105,39.4607273722,38.6929127489,37.9891127167,37.5144543043,41.0526351638
27.0974368244,28.2147519689,30.9334323183,35.0585610469,34.7461454007,38.9824160931,37.0234139732,36.5102658885,34.5439802632,40.7591196564
28.860435526,29.6713326221,32.1097144357,36.0842275062,36.4126624373,40.2987290988,36.7364816145,37.1997432576,36.5791316514,40.7520022716
25.1951148379,24.1587009489,27.3942946551,33.0737124857,34.031510299,39.3794806936,34.6087629168,36.3264704379,34.3219960695,39.9113528369
23.7729442437,20.6915078005,24.3035620123,31.6818196966,33.4967982264,38.6154393892,32.3116836212,36.1137973494,32.7892413179,38.1475955859
21.5391527834,18.1276090985,21.9835921452,30.0124340316,32.3139440386,37.1238611952,30.1026093134,34.7792895293,32.3141665788,36.5427458663
23.037664869,18.2516731229,21.3351312588,30.4772355177,33.4849053703,37.0772309189,29.8398342699,35.8219166074,31.8533225318,35.0265888079
26.822951049,21.5529910111,23.7939088761,32.2528550037,35.1177488011,36.0178704284,30.6148222625,36.1820946587,34.3223504477,33.8797158129
30.725730312,22.8439039625,25.460013389,31.8936468644,36.3752358955,34.5723439796,29.5769922149,37.5255048547,33.2425304336,32.6459335765
31.237007674,23.886617011,25.9529777851,32.4495844809,36.8667713487,33.9291641337,29.9958773949,38.3050507703,31.3654329301,31.9214059029
31.0026533309,25.2119744989,26.7814902678,32.7242586289,36.7557330533,32.9090810863,30.6767689747,37.383597291,30.5531263293,31.0083328301
31.4369290661,25.8372938717,27.3410681725,32.2272546215,36.347615568,31.7100592925,30.5548827638,36.440473247,29.0833420936,29.9091325254
35.0353190709,31.5541736238,32.0282901076,34.4439092834,38.0685082529,31.8417270823,32.3495951852,36.1742838321,31.0301511327,30.1338272516
36.4002008911,35.1559343388,35.1111023348,35.627484626,38.1399014814,32.0080850379,34.3647258783,35.7093755398,31.7585870591,31.1981507187
32.339919232,32.2610735149,33.0687027374,33.3099616882,34.1175824345,29.6783767296,33.6277033269,32.8495623545,29.9305092423,30.951545726
29.0744323951,29.2355207246,31.0074313387,31.2967080395,31.5443695832,28.7948198548,32.2959578432,31.4925346733,27.7401491768,30.7248954856
26.9504797886,26.1267687026,28.2426832919,29.4456017304,29.671017184,28.1494820381,30.9041095079,30.5478279569,25.3670457895,29.4807256948
25.4836072303,24.5435046707,26.6897764555,28.5075028134,28.6433763218,27.691590456,29.8301213498,29.4970837349,24.7346717036,28.4543069648
26.6350374657,25.8026737279,27.3697342509,29.0591570565,29.3176734343,27.9210854955,29.9828427599,29.4839212238,25.6584677743,27.9547396713
25.6709705298,25.4036376941,26.7626402648,28.8317119294,28.9316514469,28.0788317856,30.1181322164,29.1333463081,25.5769919956,28.0366331792
23.3771589839,23.5129685013,25.0701095279,27.6623033504,27.6594365278,27.693627909,29.4057761992,27.9911258628,24.9361557524,27.836653751
25.3327813844,25.1033660925,26.1060163119,28.5953773986,29.8848700668,30.1470961692,29.693259689,29.2983830042,24.912453753,28.5854845763
23.8755081636,24.9966508355,25.648770812,28.0096920838,28.8321604571,29.3887621206,29.1150051765,27.1399222965,26.1179476815,28.5247021489
27.7105986882,30.3235096037,29.5467157745,31.5904479171,31.1856306479,30.6956332519,31.8814319059,28.2635170506,30.0663239472,29.8751511028
24.3471574976,24.8597540034,25.3089543845,29.3647455475,28.5487618545,29.9346405581,31.2316116941,27.9485779536,26.9119117513,30.0995483186
22.2385262664,21.5840456683,22.9059332545,28.4588087346,27.2099780428,28.9351263085,29.9534342247,27.2705505014,26.1228669024,29.3031919755
21.4411162561,19.4456991911,21.3841474484,27.6537700234,26.7750577689,28.6250313229,28.8843154876,27.4804847264,25.39488439,28.527655777
21.2685093786,18.5921022249,20.8441653765,26.9758194174,26.676796277,28.0812719208,27.8754609258,27.508873794,25.5155792234,27.7067026661
22.6446430754,19.7893233412,21.7227723342,27.4791406382,27.7447407675,28.2544270606,27.9991962515,28.3911058491,26.3195550205,27.4236086378
22.3698723442,19.9486200322,22.347927573,26.1581386991,27.1196421821,26.7948698006,26.7971704195,27.5447410034,27.0176075358,26.9938339661
17.5538247496,16.5737260348,19.7832888842,22.8224117404,24.100993915,24.7387465605,24.5063160415,25.4917349748,25.2106397244,26.5650863605
16.058119739,13.7479039524,16.9410248302,20.5277793833,22.9429328626,24.4729155839,21.9954780855,25.4595816019,21.617724341,25.2190834901
16.3821317498,14.6089399391,16.9481796977,20.0959036946,22.7825523131,23.2820227833,20.8986369327,24.2609598701,22.0981193291,23.5110835896
15.4484850674,13.6915912444,15.3036434545,19.569205825,22.1481222779,22.9270729842,20.3299872704,23.9170706994,20.2121056403,22.4294214513
15.7595657159,13.3866528033,14.5297827563,18.9753027933,21.704299514,22.0338288294,19.1526686335,23.0039741597,19.1737269479,20.8789931677
17.9553290051,16.0226670824,16.2474739116,20.1132761113,22.4487656645,20.8638544529,20.0232729578,22.6557106323,20.6986319497,19.7842358135
17.1905978646,15.346882989,16.0397584605,18.4741643003,21.0532219393,19.2368476236,18.9953220371,21.700475577,19.5015830195,19.132510346
18.1640601943,15.7641036119,16.5300202911,17.4559732402,20.3697678858,17.4830703144,18.0157016727,21.0197267198,18.8004842483,17.8753214576
20.0000680541,17.2966844889,17.5599258899,17.828043498,20.6838905801,16.600109622,18.3177465328,21.3502697451,18.0909217899,16.9246358228
18.9429236988,18.5972502171,18.4933157369,18.1511055307,20.1571748228,15.5562677392,19.6238879229,20.5130786458,18.0888107785,16.5582563432
19.0673591894,19.7981602996,19.3386295472,18.61314393,20.4546752227,16.4427770301,20.8526046021,20.9865249728,17.2436561839,17.0787560427
16.175431223,17.0908139969,17.0380138412,17.1026482948,18.0908212236,15.9253190151,19.7800982314,18.9333600226,15.0892323732,16.5995854181
15.3159693419,16.3860821384,16.4812734936,15.9203420954,16.6976465645,15.1141144752,18.369579973,17.0420564541,14.966792039,15.8114883945
16.8475730309,20.8533203775,20.0144780863,17.0605108006,18.1406534057,16.0971992302,19.8031514921,17.0212543179,18.0159608564,16.8679475749
19.8143539818,26.9030635011,24.8694549518,19.7223724592,20.8431163975,18.789111774,22.9473244453,18.3764606898,21.320935648,19.6062565804
15.3642706403,21.2841339917,19.5555662051,18.931751944,17.8513368393,18.1888520814,23.331927188,17.057920751,18.0565891847,19.9882214763
12.4401703556,16.2409441931,15.7448139681,17.7653967723,15.5038321629,17.4383997208,21.6523589032,15.7635219683,16.115527988,19.2621653373
14.0359943303,16.3798766544,16.3105036285,18.0232111096,16.1344604426,17.3976221107,21.0638315363,16.4304523677,17.6117990596,18.7829761828
14.112793972,13.8586826648,14.7219839611,16.5854613481,15.4325421604,16.7105004335,19.0713094984,16.7487250494,16.4008067462,17.9001506503
11.5106771115,10.321468171,11.6606695566,14.6188810439,13.4963046689,16.5667117081,15.8609821633,15.202098003,13.7576138193,16.7333005513
9.7536526631,8.25784608859,9.72461499415,11.9904511265,11.3747082605,14.8205826817,11.9915139272,12.5827000291,13.1791628141,14.646183109
12.1812620654,9.5654231589,9.93244349871,12.1110521453,12.3280083625,13.796304755,11.3372899813,13.1714029566,13.7660924498,12.833832609
16.0930514286,12.7887088806,11.7822261547,14.0337043939,14.8910737352,13.4607074344,13.0081904886,15.0864343847,14.6722194675,11.8663372775
18.1081463527,14.8981060599,13.5007090849,14.7038443872,15.9951783601,12.5670806024,14.0246174826,15.7133248955,14.7982896477,11.3347436035
19.1306821136,17.6618757355,15.6171139968,16.2897928137,17.3068928594,12.7599353752,16.3744871439,16.296832054,15.1414544788,11.737680943
17.0653894601,17.2022891064,15.2281907784,16.7511741062,16.4736437333,12.607176876,18.0735955395,15.5719221544,14.0883886266,12.1263642311
14.7876896067,16.3810036899,15.1180246301,15.8465831109,15.0088847195,11.7706946752,18.4837503956,14.3038652727,13.9498890314,12.3518679591
10.5188745617,13.2872717592,13.1110226861,13.3429013628,12.359435579,11.158314663,17.3185263636,12.5093188135,12.4797335394,12.668542632
9.65758596252,11.5841120975,12.0769014736,11.1821809644,10.9056854992,10.1886564026,15.5997628091,11.7136777827,12.018676341,12.020323325
12.3464388393,13.1610549799,12.8006045088,12.8012882071,12.5214984845,11.1024133879,16.6336469816,13.5201980583,12.5052711536,11.8388824953
13.7963990897,13.5998758751,13.2381993654,13.1257679644,13.1202960625,11.2334849832,16.4371707089,14.1666009183,12.5856954511,11.6322507813
14.640814623,14.8166988329,14.1707829493,14.1045859022,14.0418613702,11.2610412899,17.3316118801,14.6714910237,13.2488274184,11.5802549469
16.0680633774,18.3868710203,17.0420175373,16.1874732498,16.0546838517,12.6086492314,19.848965339,15.8551741285,15.2214622351,12.8574781016
11.8563312267,15.4617248393,14.8585682077,14.8551605978,14.0865641627,12.2884254345,19.8659478101,14.5532099279,13.791613281,13.6147466202
7.95032191714,11.7531404404,12.2756704374,12.130808734,11.5209666983,11.2892789563,17.8836480314,12.5793462662,12.4990878284,13.4959948063
8.00897976174,11.5154123489,12.1046175983,11.2112112231,11.3246653005,11.4940379421,16.889482328,12.555460911,12.9452333871,13.4970394572
13.4180682791,15.8213595075,14.9454742074,14.1961356861,14.6349781262,13.9054268478,18.4848918875,15.3508561852,14.963150253,14.2576136509
17.1161071078,19.6083885224,17.7812109626,17.1384683095,17.4191340753,15.7266831735,20.4852406163,17.1301921515,17.0424854513,15.50174407
14.4711679467,15.2900838291,14.6452066333,15.5877854134,14.9619493343,15.00546739,18.3889646813,15.39958576,14.3107748981,15.2693207381
14.3681798195,13.4083035712,13.4141974536,14.2843988604,13.5741388546,13.8017180119,15.6243539258,13.9853912196,13.6056891524,14.0174675682
26.5782678026,29.2611413347,25.9139030346,22.7453506866,24.1807241734,20.8726055226,22.3486379145,19.764157913,21.5304422462,18.050705203
19.7646037716,23.8365579712,21.8836428552,18.4664663221,18.3299048851,16.9108210472,20.1758699338,15.0809571111,19.6716743733,18.1540032257
20.3293464872,24.5539029312,22.7568765245,19.2475599988,18.8520434565,18.290241952,20.2569321683,15.136374974,19.1597440423,19.4601157543
15.2216785231,19.1938802266,18.2848599688,16.3926200064,14.4302723279,14.662409679,18.3167049438,12.5160287508,17.6265848106,17.9418840922
13.3338885082,17.2865037483,16.8144815599,15.6522646137,13.6398121824,16.4954845921,17.199367669,12.1074886985,15.6459652861,18.6088867688
11.4911554114,12.9504216081,13.2027227738,12.827766501,10.5005860327,13.88703509,13.6833807428,10.4346804735,14.3434051118,16.1154210191
9.05793566097,9.02204204408,9.7012703494,10.7255375958,8.04382476055,12.7501406614,10.4705840269,8.98052400125,11.9906641177,14.1375123367
7.85749482449,6.83067800441,7.3685168134,8.78937680964,6.31900416077,11.5566326289,7.3974707449,7.64963038566,10.8884457188,11.8949969797
13.4998687601,12.551877968,11.206131014,9.79546241875,10.2129884823,12.3381964235,7.90948258778,9.94474536753,14.0665027697,11.3855887349
18.5389598244,20.7911537075,17.0825889135,13.5179962365,15.5198555185,14.3595508675,12.1977706401,12.3258085725,17.7788069051,12.9810854384
15.6853877725,19.3352686551,15.5031870369,13.9368866804,14.0677967087,12.3705183634,14.1892034551,11.2830505007,16.6346430918,13.028143196
9.53865553469,12.4982482748,10.4474826077,11.5218128412,9.13997458672,10.9309121396,12.2818921571,7.97070830153,11.8004697764,12.4198416098
18.0203350135,22.9009142996,19.0598105507,16.0011367969,15.3179273739,14.2713373413,16.5457578668,12.2579153006,18.2060456481,14.2554433768
26.3788119101,35.8608299056,30.6414630776,23.2785896175,22.9849567706,20.0526111958,24.2522798487,16.8536574504,25.0586112622,19.5909360575
47.6770456964,63.2477056221,59.0557454745,41.2517468955,39.9356922323,35.395063141,38.7414224389,26.6640535588,37.9603229069,31.6025215832
24.8124985193,41.2319258367,37.9146315636,27.7394272353,23.52499661,28.4508686445,35.1558247431,16.9169906778,28.1555355074,32.4288200943
13.893717281,22.5949726799,23.7249837989,20.9163021259,13.7314234868,23.0419841473,25.201858997,11.0831888736,19.9030085914,29.0249426561
13.0318236477,18.2901220494,20.4262952819,18.7700287085,12.535398872,22.4788049723,19.9427670427,11.2936872858,19.7768873538,26.6638838142
9.78195466526,12.6403021144,15.2142914902,15.4616020122,10.3791879282,20.407424453,15.5395774637,10.6846872771,18.418571229,23.7698078441
14.8387740292,18.8628821881,19.2410844698,18.1729800195,15.9361665486,22.8887218522,17.1464231038,14.7493583574,22.6970313226,23.8072341349
15.133764072,19.310735778,18.6697218428,18.4160146426,17.3003081048,22.3465026524,18.07356177,15.9547651546,23.4867696877,23.5227284647
15.1325517955,15.9459608881,15.918641172,16.7671514867,16.3535328271,19.5969002553,16.2729821659,16.1853641876,21.4095790359,21.4912165267
11.7770688298,10.1152126089,11.1231663972,13.8689376562,13.0942815413,17.9921264059,12.0641404575,14.273450858,15.7113925764,19.1264743431
8.86534627638,7.60046837548,8.18800645588,11.9590374143,10.410636439,16.7760454296,8.49830717412,10.8469097543,13.299408475,16.2967096882
11.0135609015,10.6929613504,9.55327793015,12.626947765,12.1391550076,16.2624179765,9.06975746787,11.4756843406,15.4128589732,14.7258541615
9.74335868678,10.4152928877,8.72827314617,12.1897385021,11.7443195498,14.5081109872,9.96548477797,11.1479928204,15.3015712462,13.5816834674
11.5781304779,11.2316105081,9.45933054299,12.1056110476,12.4647998032,12.7933380511,10.9961466553,12.2763470454,15.5338318704,12.4268503534
9.60612297794,8.77259177816,7.3606663899,10.7377030944,10.2490159672,12.7200651868,9.3549595492,10.6067479524,11.8848506857,11.8407137226
14.83519213,14.7520207355,11.9628968209,12.8106514272,13.719430355,12.9699429629,11.4752144986,12.4704127957,15.5705325283,11.68745806
19.1531638586,21.1036677881,17.0287498188,16.1962501002,17.847735425,15.8602370464,15.319127599,14.4712679574,17.4739470158,14.0539148456
12.759754089,15.2582722033,12.4823267627,13.8577129491,12.5121661966,13.466528168,13.7387112126,10.0108517483,13.9219776803,13.5550933111
7.71687544554,10.2543078997,8.67480379083,11.5040265959,8.15507926978,11.6400831947,11.4599696159,6.9430035164,11.6518145093,12.4118070952
6.21653785246,7.5440065258,6.62343032556,9.58905516985,6.08410253465,10.5891575667,9.49721769623,6.29408147688,10.8234879232,11.1095533295
8.81387281848,9.88418340427,8.47189904867,10.0224228501,8.2821900671,10.7278901534,10.3814940391,8.5326140481,12.9166399233,10.7236206764
7.02049894338,8.09472053574,6.95074900242,9.09610139065,7.70410422552,9.88831110636,10.1649631788,8.42250551039,11.7154711187,10.130341909
6.48485976059,6.947765544,5.78827543693,8.58255499639,7.17625217915,9.70694943896,9.42712787537,8.19249365327,10.5967176399,9.41427120034
8.77101847995,10.2517339127,8.26647856121,9.98154567713,9.66473657617,10.2096998877,11.3733678654,9.86763675908,12.8266854317,9.59549527419
18.0500629006,23.7445552236,19.2583445823,16.7651864759,17.8276043616,15.6397522819,18.3478725843,14.9206453041,19.837017736,13.708855623
20.4154703198,26.5463943522,22.0549445179,18.5616270933,19.223594736,16.4005888711,21.1930510274,15.7864887866,20.9415064324,16.2213363001
21.835947379,30.1002734781,25.8408427359,21.5329102865,21.0416690837,18.3622016141,24.3961080649,16.7295887627,22.8990204352,19.5459338374
26.8882794599,38.4707107429,34.3857293304,27.0876657328,26.304975124,24.6261342738,29.6514911238,19.7454106837,27.0947571411,25.4502437238
22.2031245378,31.6185185848,29.020408417,23.6332022022,21.6961124096,23.1891977031,27.7311370205,17.0640721407,23.8946967528,26.3196627896
19.3150357117,24.3866452915,23.9326544586,20.5402836106,17.5058768633,20.2241544183,22.9252380227,15.0460046124,21.1607466878,24.6115335331
25.3405589452,31.6735849627,30.5308668706,24.5816225604,22.8431161187,24.1223397694,24.8240747162,18.5225082291,25.3872860476,26.5613111767
23.423260838,30.2643820955,29.0312553261,23.5345636398,21.5426154813,22.865174782,24.8247550246,17.9313449661,25.682382942,26.6184916241
19.2127149146,22.246096884,23.0246725019,20.0430724146,17.9348156384,22.4355457937,20.6061410128,16.1115681098,19.3920049555,25.6150049372
11.6807522543,14.5114982523,15.8122968924,16.9129291953,12.7056614724,19.9131512487,16.4242214239,11.6842443824,16.0895362863,22.3024674529
13.5745674538,15.0909128843,15.1299459671,18.2374522819,14.3567612276,19.8126794092,16.909715804,13.7551406936,17.6878801141,20.1076388808
20.5446317953,22.4419448883,20.6047761428,22.3256991177,20.3644447517,22.3889850038,20.7508393235,18.3091890695,22.2361887321,21.0362343789
21.7995417493,23.1120697057,21.3389846448,22.7419812173,21.8884176111,23.0238196142,21.934352622,19.4737174497,22.0307470798,21.914422837
20.3931072474,20.5659043958,19.7970933097,20.7379478381,19.9927671845,20.5236267013,19.8605868625,17.8897469586,20.9500081035,20.8617507327
13.9119300902,13.2121950682,13.9788407858,16.9929234982,14.8019058628,18.8189643641,15.7344809474,13.7946530645,15.3426199635,19.1924122774
13.6374867886,10.6230443545,11.0820830826,15.9393617297,12.6264266074,17.8725494523,12.5266180344,11.9197003338,13.2059519633,16.2873183755
18.2136099494,14.9151114218,13.176997039,18.4539521066,16.1996535035,19.8743817375,13.4375780954,13.081612406,14.7484682543,15.8304265638
25.1517463615,24.3979152203,20.4627322129,22.4273549749,21.0099922451,18.4789481933,17.7437532733,16.2075804353,22.3448871534,15.9155448451
27.5074552668,26.4670388155,22.996621167,24.1382753501,23.7463712831,20.5323793135,21.3668724713,18.6404240095,20.5949065481,18.3774922756
22.0600431146,21.7405318167,19.5718925362,22.0115859826,19.4161416143,17.9021517011,20.4950686972,15.47141796,18.0668583856,17.7570623046
16.7254493453,16.8646747609,16.9139400912,17.5798038741,14.5539825638,14.3899225875,16.8434927846,12.3559495169,16.5520727053,16.413397621
11.4628200359,11.708714718,12.9125354791,13.5002594806,10.4176389791,13.0983930682,13.4733513216,9.99419881995,13.2328259866,15.2186384745
21.3965631238,22.63862823,20.8266004815,18.6127259,17.8435285619,16.7837289132,17.890762815,15.344890734,19.0601028868,16.1898651038
30.351211371,34.0529681428,29.8918518594,25.8187921452,25.8705800865,21.8200697234,25.1316194097,20.4206557461,24.0919084722,20.0345787611
31.2773529246,37.3686911304,33.0726821691,28.3095392659,27.0373558504,22.6722996633,28.8940994728,20.8028587254,26.0723720716,22.9032933281
27.5652928555,30.759283307,28.7123396239,25.7409247835,23.0356735434,20.6240426506,27.2084019379,19.22180559,22.0025027462,22.9179357645
20.606631677,21.6877099519,22.1868685765,22.2056543552,17.8597346297,19.235127726,23.3323230539,16.0382579286,16.930408247,21.7527826399
13.4994643688,16.3598665755,18.3062188902,17.5113264462,13.0967134828,18.509878832,17.8780076088,10.9887550446,15.2836341799,20.6379420332
15.9129108937,19.1494525995,19.6746923438,17.1229593682,14.4112565671,19.1548239694,16.5486313696,11.8260230314,18.1196940985,19.8810030531
16.1557170543,17.1157467571,16.9928348735,16.4852747209,13.8123029346,16.4106291132,16.0608545476,12.6395821057,18.162630817,17.7267791416
13.5655317405,12.8800000359,13.6025427626,14.1315507037,11.8428078385,14.9273510697,13.5495068267,12.0181685683,15.0936307597,16.3060916449
11.4494039239,10.7719649377,11.1151530288,13.3912315032,10.9823726056,14.3069099082,12.5192015871,11.385113756,13.5586434873,14.6519390171
11.2451011346,10.1154358295,9.80944407367,13.4094388195,11.0468943819,14.1592452575,12.2296552069,11.45667938,12.9322466843,13.2542719794
11.1759686775,9.29928508727,8.75279636888,12.6179312248,10.4725318625,13.5626138677,10.9575331941,10.8292828906,12.3047530173,11.9941821953
10.2476995902,7.92569789163,7.57166204943,10.3774852831,8.69148793045,11.9647249565,8.1984760937,9.06689285014,11.6032179546,10.593415013
9.88937353409,8.18860805785,7.35690308942,9.48358681807,8.59646467869,10.5420393659,7.75343871133,8.79103346474,11.8500892829,9.41144501176
12.9611778438,10.9308475039,8.64829079845,11.986878374,11.2881890252,10.976628172,10.6159719986,11.1613992777,12.3252050242,8.93081101389
17.0095064813,13.3053334608,10.675973354,13.3144090481,13.2203357984,10.8412078265,11.8112244756,12.8004725802,12.6283756144,8.6563848903
25.2455500258,23.3019414114,18.9194138183,18.097676076,19.660079332,13.5525044631,16.4807504308,16.2348472666,16.9766520391,10.8177203843
29.2535293161,33.7736359536,28.2275786806,23.7939092349,24.0362429986,15.8347819609,23.5922527249,17.931501366,22.5921873203,14.6974129182
19.3083327832,23.5105172731,21.0532807043,19.463404352,16.9735964024,13.88550118,22.4997722827,14.137241987,15.8310121294,15.8428789486
13.2928879401,15.9253664329,16.0392337316,14.686144703,10.9466046084,11.8446584762,17.3219339526,9.97949287481,12.3611547742,14.6951990933
12.1952772456,12.2436869435,13.4250409839,11.4358177481,8.20169145849,10.4337042404,12.9637020285,8.75879143746,11.2243526919,12.8169093349
14.5633550673,12.8582611468,13.0367592653,12.3791188216,9.82457416527,10.8525205998,12.8002154871,10.5469476974,11.5434680695,11.4764083726
15.817231699,14.0378245806,13.5657975615,13.0486512269,11.3967431384,10.7441537522,13.2744507419,11.6324438512,12.3060000011,10.6884680889
17.7041106899,16.6575001403,15.2832563047,14.952729933,13.7744103739,10.8612748717,15.695589678,13.3334282894,13.5742539483,10.5086296207
19.679302048,18.5499789561,16.8422487128,16.572301327,15.5439914173,11.2532759007,17.8896290754,14.9629967359,13.899875289,10.8173910702
34.2589613948,41.1338273834,36.5639267459,28.599338289,28.2221918899,20.7059557703,28.7151968759,21.7971089296,25.777123916,17.9160358328
24.390864195,33.4549654971,30.7476630064,23.4161203509,21.6804938337,18.5475267985,28.3620965228,17.5322561671,22.1427993261,20.5513849488
19.2148096177,27.6055621354,26.5486913593,20.8890691341,17.9855937353,17.5371708167,25.8390233777,15.0616161766,19.8394708508,21.4348109006
26.1408607247,33.4514781449,31.4388787095,25.0508275175,22.3669227262,21.2956295148,28.0632467252,18.5211088623,23.2146568824,23.4910987945
20.5515992577,25.2802482539,24.8277685706,22.1153788094,18.1161609368,19.2237573431,25.9545093771,16.7553630836,19.9013082527,22.9599642137
24.1935725168,30.9098373882,30.6006660352,24.5503790137,22.1433678897,22.8980722588,26.536735015,18.8473666692,24.039019974,25.3644264367
18.8453564565,25.1998945874,25.4483809937,21.1866526325,18.5238696482,20.852536893,24.5364043874,16.7167337518,22.3326089485,24.9376069053
20.7636152132,25.1121270199,24.6726367371,23.3281670072,20.0708597034,21.5281280231,25.6570074298,18.9229968917,22.7992058469,24.596561428
19.5988129793,23.1651583047,24.0608137048,21.516762656,19.4736236739,20.8578053144,23.9087540045,18.9923537653,22.842254027,24.5909525833
15.4611793145,16.8065925126,19.0139945271,17.9481780017,16.5309940103,19.0091851373,20.391952166,17.8501447405,19.278191168,22.9968336784
20.1406708049,19.1565910406,19.8754864952,20.9017274086,19.8517460747,19.9651439089,21.7362401263,20.8534964538,20.035797156,21.4144233831
20.3177567827,18.5922796225,19.276678559,21.259040124,20.6074139999,19.9992528464,21.9534752206,21.793799508,19.2625888119,20.6358301365
22.4317161306,21.4730292594,21.6821362699,22.4753230661,22.4512747219,20.0464932592,22.9554654295,22.4096193416,21.0157097299,20.3026785072
40.7061934654,44.3912881607,41.4067555168,34.8244517761,36.3428479887,29.2630821827,32.5779096843,30.3552036232,31.5590624022,26.1204284744
34.6067692282,38.1610916117,35.8793865392,30.703004285,30.352470328,25.6508809403,32.6581106497,26.9844722419,27.8568582773,26.5701285658
48.489730502,58.9797696763,57.8425598053,42.6038017587,41.9390689979,35.0977059193,39.5141188538,32.0518245145,38.3259139873,34.4349053465
39.1895177519,53.3670690078,51.9352274498,35.9670252351,34.9307377036,33.1911353575,39.285234647,27.5050770358,35.3370018399,36.8995656263
32.819692216,40.1344843575,39.8314955072,31.5807468019,27.8945938834,28.6955761054,34.5992684427,24.896405048,27.9010937349,34.0644526729
27.4058904116,31.2190363124,33.2999068919,27.8256906812,23.1040979095,24.3376509907,29.0892053443,22.3143449501,25.2846205246,30.8889478464
22.8789547877,22.9248620139,27.0272999833,23.0507850124,19.8322592659,22.8567518126,23.6305923559,21.6206821793,20.3191535307,28.1954940843
31.5403402494,34.0506296244,35.3404554227,27.6649306043,27.7115668743,26.7634538003,26.0141645728,25.259027867,26.2833572842,28.2322225433
32.5125618818,39.4166115631,38.4930120041,29.7331016975,29.2428945324,27.0328407298,29.3596873721,24.9942679451,29.9451017286,29.2657577949
38.2282451745,50.2507199309,48.9282458235,35.2972828499,34.8054961134,32.3603189887,34.665766818,27.7852126492,35.1380247226,34.3473442417
24.8412921315,36.4099730126,35.7467095006,27.698173069,25.1765504411,27.7045812321,31.9442170782,22.5204223985,28.7570847405,33.7852355996
44.8087080837,57.7731905292,55.4439426235,44.1469657288,40.3590559357,41.0519213604,41.5166274249,33.0219902271,38.7783235905,40.6339355171
55.989838315,71.3294688416,67.3081175835,50.6551593352,47.6921079306,47.8366170405,49.1228689939,37.1915451425,46.269133755,46.6100319491
62.892360089,76.1621453691,69.7578682307,55.4376644115,50.7993123766,49.5116309158,53.9918044465,39.6391483618,48.749683887,49.1239891962
64.4719744482,75.0164162557,69.6565548802,58.3617538203,51.2031760206,49.8486687964,55.9146761623,41.3571224098,49.1090149899,51.376429553
58.6728218115,66.3255195795,63.1516713006,55.2220715867,46.7541893578,46.4588844617,53.997962532,40.2503425904,46.5098410829,50.5244103809
52.0494584809,54.867551354,55.3752448918,50.7636383592,42.1946514732,42.4684546082,49.3044862526,39.4337324335,42.0584495398,47.9626907295
46.6838971936,45.7891252337,49.2172223011,46.5112137678,39.5991235578,40.0761979258,44.7664235053,39.5975752853,37.9205515602,45.0957856374
35.609518825,34.7990763795,41.7261924059,37.9673456537,33.6481885913,35.8824670621,37.0157962413,35.5819866326,33.7209478256,41.9087007432
30.8775834236,29.6299966826,36.2735593484,33.622573473,31.5323238181,33.71263757,32.8466387548,33.8403733425,31.0851733304,38.1124864443
33.762088758,30.4653389739,34.7179643087,34.3241349151,33.8588390669,33.7606138295,33.000247733,35.6957461764,30.3798974247,34.9871516251
34.7920749333,31.3842317219,34.5213933198,34.3966489432,34.6223906026,32.533696875,32.9120847717,35.60942558,30.7546585681,33.0198834126
37.6714479173,34.4737512569,35.9805819311,36.5507325792,36.3433753783,32.0607813216,34.8784967136,36.3278172468,31.7361748083,31.8828637739
35.3257970887,32.3440508318,35.1166996137,33.7959470191,34.2840635258,29.9260172114,33.0015347152,34.9585715257,30.0170522891,31.1224128854
31.2925236975,29.5874677633,33.2491506184,30.1464623111,31.1836797818,27.215337376,30.0059726114,32.1641163509,28.0624934221,29.7258376907
31.6361196825,30.2034405004,32.5662239612,30.3623235226,31.3043317551,26.9875884584,30.4686074667,32.3877181453,26.7329195183,28.6002566698
32.8057654426,31.8229357497,33.174488822,31.2560676231,31.6872184118,26.6696000615,31.5607955041,32.3189199579,26.7785520534,27.8017746412
34.9129282397,34.0005700978,34.4358009656,33.1665431576,33.1093912313,27.5885306115,33.6118140845,33.5181215078,26.8195079911,27.9025630912
57.198577489,63.5518936336,61.8026604613,50.6208939828,49.7336891257,40.8246943113,45.3315239939,42.1221664636,41.0987092812,36.615325119
45.4644320726,56.4093171085,53.4484911408,43.9495973784,40.9427838014,38.5248065101,47.7508626739,36.6666973214,38.8639498237,39.4441102124
38.3520970864,45.4298373575,45.0408275634,40.3252672263,35.3268451543,34.8956068217,43.6730520225,33.5107319847,34.8089644648,38.7614714586
36.9673484818,40.0587820161,41.5624737856,38.8085682454,33.7705899892,33.8389183245,40.7973621915,33.4830599584,33.2911376999,37.8879540949
34.7957117161,35.6801708497,38.44109897,37.0847020844,32.4212321211,32.979567714,38.6287465729,33.473457318,32.3281749488,36.9084281333
34.5745728272,34.4075404003,37.5696581856,36.6741668877,32.9892230568,33.3058634431,37.6098710772,34.4510352611,32.5664310912,36.3608197807
53.8617000484,57.5151815107,58.4695228859,49.2253241205,47.4714401023,43.5797160934,44.6132677015,42.7982217947,43.3382406795,41.8148000462
47.5035350398,53.216581462,52.9563428025,44.3286252986,42.6244568197,41.5184624176,45.555527552,39.8657168844,41.5981358337,42.7387318745
51.5223083296,53.5589648555,51.6001013037,48.3948806077,44.2435549787,40.6398437479,47.2118262174,41.2358246386,41.338734375,41.5719544431
58.0093712369,56.972762582,54.5422959448,53.7032110281,48.5533340518,43.2488061944,51.0446827369,45.9224814158,42.0038757171,42.7857969596
64.4271033326,64.2297500318,61.5849109855,58.8507478742,53.2094786281,46.1856548474,55.0478663034,48.7851726614,46.0256953085,45.1469579342
79.1165239712,82.6048298269,80.8315575886,69.898178867,63.8809716845,55.2475043385,61.5733500585,54.5319775595,54.519915846,52.3489381284
70.1570898624,77.8109827588,74.477221922,63.6673349211,57.5686049714,54.2647838955,63.7617633313,51.2072741495,52.9487137217,54.2085765188
77.9234995798,83.5491863183,79.7855511063,69.9123793519,62.3070375074,56.3395007039,65.0371174893,53.529010856,55.6172523682,55.5570205882
77.6952002479,81.8343816172,77.5637337674,68.2607402778,60.1491746337,54.0100831622,65.3170503458,52.6008507727,54.8696185388,54.5405351876
84.6359361257,83.6495421669,76.8316337109,74.3903827482,64.145023994,56.0500862771,69.6582882936,57.8075716253,53.9732577896,54.1755754681
86.3784225952,82.4500199948,78.8800453172,73.753492497,65.7638758387,55.4124949368,68.7801470211,60.0740162172,53.3165550672,53.9194806378
78.4778698886,79.6177014584,78.2282308848,71.56909275,61.1098562302,52.5897812743,66.5763396846,55.5662823506,54.5971932988,54.2406321203
68.609573639,71.8259096026,72.3754322419,66.7854198565,55.3153411271,51.0841954307,64.1087429629,52.6769666626,51.9361268311,54.556561919
57.2378792463,61.2975102903,65.906100368,58.738158813,49.4238954673,49.3478723956,57.9017030549,49.6474105216,48.6171475595,54.5630299501
46.17695083,48.7690038039,55.7300617939,49.2555462766,43.6155237849,46.8149512145,50.6266727146,46.5264597374,43.2777190698,52.094420093
44.4972524337,43.6989455383,50.4485746874,45.1322711134,42.5033880282,44.2198079265,45.0471996864,44.947508426,41.3030050477,47.7427489054
47.8744407134,45.8052078562,50.9567478233,45.6162863368,45.2681464078,44.3834560825,43.286951522,46.2885597005,41.4897807266,45.7678680226
60.2007022827,63.9286740233,65.9286081223,55.0544650026,54.5511081039,50.3281085497,48.7607654492,49.752871571,49.915548823,49.1765204983
56.220038751,62.8749570881,62.870272959,52.3616131104,51.6054883535,50.1604102569,51.0214618078,48.0179142279,48.5117264306,50.6479544113
61.1112612197,66.1145793825,63.0788502697,57.6344594848,54.4329537765,52.0911329685,55.0406009495,50.2778753614,49.2523474376,51.2037982885
74.7560969838,76.3782093005,70.0329453087,67.2212137335,62.5528258759,57.2298091945,62.5062990984,56.3635559896,53.1838349142,53.1332940068
115.252142674,113.089485511,106.659656358,92.9703994459,88.3155745028,72.1253251071,74.5387409918,70.2671614656,66.7020856319,61.2018408678
124.776433578,130.284245215,117.537610296,97.6692052783,92.1665529022,79.7077080427,87.1589024623,72.4277688343,73.8158097974,68.7172018666
132.226285124,140.247348937,122.491336328,104.483529038,94.795172259,83.0133576451,94.1704099552,73.2492360955,78.9932681917,72.9434954737
156.362949359,158.9427263,140.480817681,118.98136695,109.282648895,92.553239041,100.460515442,81.3444829512,84.5734297168,78.3247908788
176.262517994,180.522782016,159.639223639,128.68737145,120.677327925,101.152154189,106.892352828,85.734689659,92.6805387884,83.8317460325
176.265467058,187.720505257,158.140757795,126.391895547,118.421183226,104.159240157,113.901537847,85.1222911344,95.7691386058,86.2803341778
178.1168649,189.911825985,158.402940149,127.978209628,118.856397016,102.721610598,114.595278111,85.2057092385,96.9199206589,86.0761051649
181.393528444,194.412632947,161.528172999,130.711336209,120.205836665,102.081411358,115.292171207,84.9787458201,98.0336288714,85.9557389006
173.760505732,188.640635436,155.988046408,126.398633762,113.508336051,100.278029071,114.905485104,83.5623583567,95.8374144121,86.5553638518
169.372443139,184.414633602,151.731133121,124.414124347,111.528876869,98.2749789321,113.61733331,83.2329327615,93.7175042311,85.0660984068
165.790782701,183.106054022,149.088773508,123.957901329,108.412136954,95.028788572,113.146013222,80.2341783201,94.6690651522,83.7122544486
144.83925475,163.814043904,140.451776236,113.650136303,94.487443187,88.1469261373,104.220575487,74.6220891838,89.5863319838,84.6120204196
134.570485435,156.040130933,141.340844084,110.30520739,92.187023532,86.2966529652,95.3440145727,72.1515200732,85.6378666828,84.3580645361
122.376054856,150.373232366,135.624948538,102.841056248,86.2086466726,83.640764772,91.687999898,67.8053665828,82.0148751062,82.4916301595
105.923212637,133.640743785,118.046967334,93.8732002809,75.4124636119,78.875354015,88.404015085,63.9268612058,75.3446531106,79.6035646752
99.2681884648,120.20646774,104.492158489,90.118729621,70.8294955864,75.522939568,85.8903390838,63.2333310955,71.8527013861,75.7443025468
97.1700011286,109.404550409,96.7367947084,87.8169481893,69.7269639201,74.2176770885,83.4899254348,64.7927640022,70.4828915838,73.4905340515
103.173249774,110.521357129,102.011658427,90.6411444974,74.99769069,76.2909267853,81.4438861254,67.7932765891,74.1325733561,74.0786660404
93.2497889022,100.93340037,94.1730219356,83.5233801938,70.0883658864,74.3306778798,79.3900692943,65.6109486933,73.0761561307,73.6143787721
89.4737019962,94.7513159205,89.9411369007,81.9132605869,69.2674392284,72.1553620989,75.9189527215,64.8601583972,72.6781980159,72.0948832062
81.8190546516,85.0946088728,83.0714060275,77.4207448242,65.9214094481,71.1354187153,72.6695989177,64.6462285627,70.1162720189,71.9687534137
71.6486881251,75.0619971163,76.1251200593,71.7670390845,61.6820242992,69.4589740285,67.9439216473,62.5399740729,68.8845519715,71.8741301719
64.7539690823,66.6335773196,69.1861980724,66.682482797,59.1974635714,68.0909045019,63.839965604,61.134898101,67.261487861,70.4428849046
52.5200262328,53.4656819517,59.6516512836,58.329596864,53.2572857663,64.4035572285,56.316746487,57.582315786,64.1832101242,69.222351076
40.0794889968,39.3973251741,47.3630417202,50.1409783539,47.1851835002,60.7311012594,49.2151342304,54.1303595616,59.7181504643,66.6495356895
34.0402875778,30.3585410478,38.7821439313,45.5517250764,44.9887790197,59.4453453246,44.2802807033,53.785977679,56.4827124273,63.8240673534
41.9196706013,33.1471958597,39.2789004065,48.4267713818,50.5878306485,60.9827342238,44.4719395519,57.9071369857,57.6221481893,60.1809829934
49.8744563966,38.3182355914,42.4564223171,52.2746430445,55.0566854267,61.1535684312,46.1432048297,60.8392398417,60.3354367542,58.1349650145
52.3025852853,40.6921927635,44.3408192545,54.0428095264,56.6893907203,61.0240523392,47.4097817028,62.6839338081,60.9028683402,57.8758175246
53.2538836187,43.4599536926,46.8028656077,55.3743549919,58.0374216447,61.3516270743,48.7842702357,63.5674300475,61.5502457472,58.3115998121
50.183113597,42.120833171,46.5368342979,52.8878277508,56.4128372477,59.2356667228,47.3825670201,61.4883691502,60.5926849422,57.8728375442
45.0546541139,37.786381245,43.4248466861,48.894336706,53.0675774217,55.7813488724,44.1105193699,58.4541404661,57.5431234076,56.3016547913
41.3850144792,34.8007614047,40.304406993,46.7718854988,50.7998482444,54.2368752026,42.458457441,57.3462722501,54.2518039302,54.98214737
39.765697822,33.404302023,38.7359660609,44.9920189613,49.6288530354,52.7806492349,41.0777649072,56.1560117575,52.3292169486,53.2039187737
36.239876108,31.022810018,36.0363823507,43.176820534,47.6240081993,52.2059562896,40.2099034799,55.2529917275,49.988283885,52.3941282623
33.6516703969,29.2880102182,34.0044104089,41.5783971135,46.1414776503,51.3117176399,39.361429505,53.4738280011,49.0717477759,51.1722819548
33.2442567514,28.1194456538,32.7209955437,40.3669742453,45.7158886984,50.4491525536,38.2706006736,52.5747276803,47.9770429641,49.6926610879
34.6618781642,30.7764393852,34.5667624046,41.3554606284,46.8359828009,51.3596840889,38.6680268688,52.8582685677,48.7121161307,49.9176581827
37.229025508,35.593394278,38.622588479,42.6118659384,48.9008179447,53.0855566626,39.6486635815,53.1784934311,50.4343439102,51.2266634832
41.7981081175,42.7621040417,44.0915587119,46.1280182939,52.0922963051,56.4479928691,42.7950648826,54.4762282879,52.9468871186,53.7194583543
36.9005882349,37.9975380044,39.0439138248,43.2996291633,47.829650365,54.3040370572,42.4861188791,51.0744790094,51.2536195781,53.4884191145
31.8672891101,31.4095064067,33.4616934413,41.2621542434,44.0514465671,51.7258020936,40.561758105,48.3955225106,49.1969119725,52.4761190631
27.9302478978,25.8046954772,29.0929296345,39.2474247115,41.4165207823,50.3201355323,38.7356167946,47.0938899319,47.4114001018,51.4833686549
26.5929288408,22.3922658467,26.6864544837,37.7452309318,40.5275220703,49.4648231919,37.0008790931,46.8208152084,46.5370441568,50.0638874276
25.0866858099,20.0825115179,24.7183277625,36.7800897134,40.0154911283,49.6178512636,35.9500615365,47.3348303809,45.7199343264,49.3460334488
29.4640245829,23.1246261654,27.7154272638,37.415719072,42.8629537836,49.5292284481,34.9896267633,48.2206988272,47.4159308116,47.969560951
36.8214160343,28.1380675838,31.6243127905,39.4280070764,46.6205416767,49.0407357847,35.1886337207,50.2879955229,47.7555099774,46.2347228157
51.2341925676,45.5048010106,45.4508747915,49.7081247603,55.3393959888,53.0103784693,42.0325376264,54.920784897,53.3813595052,48.2392231619
67.910843462,61.7417948564,55.6642581147,61.096359146,63.4076483113,56.3490970067,53.4380098103,59.6089755748,57.349373977,49.1362926767
83.5706869088,75.4506239053,65.4147235452,73.2121901723,70.4926407834,59.846540231,64.8462154124,65.1689618981,60.7062042578,51.4451478149
92.8207653139,85.0986674093,74.6050299957,81.0803273593,73.6410022056,62.1016210308,72.8112183104,67.5439110754,64.8393950294,55.0616968211
89.8960230999,83.9956324099,78.5255734176,80.1713365347,70.8039528851,62.1880032782,73.5848112225,66.685712892,65.3924778566,59.1053367108
83.8555228525,81.1464873004,80.2099238867,76.7869212797,68.3500071683,62.3661172297,71.1613242594,65.0660230816,64.4193400389,61.7446228357
77.5979926944,77.5349348759,77.0496279305,73.393512875,65.0225444024,62.1846450794,69.9941649432,62.8631596824,63.0824968913,62.3897523677
72.8962927733,73.1024831898,73.3727261375,71.0872843772,62.3265602847,62.5597613741,68.4534920155,61.8256357047,62.2544711134,63.1913813823
69.4300094726,68.5882138291,69.8092764115,68.2472815032,60.6242526202,62.7438036799,66.401253317,61.1976570405,61.6934388264,63.1847065497
65.684319562,63.3823632196,65.4576047559,65.496657457,58.5200638408,61.8439777324,63.8942473436,60.0364169694,61.2522569511,62.4421842474
62.398104758,58.7643959146,61.8736341648,63.6306628667,57.3946300332,62.3847137909,61.7142823778,60.3962324629,60.6663816873,62.6924133564
62.0814156039,56.6305998935,60.2993181132,61.7779757987,57.8580891318,61.4307226742,59.2776389975,60.0058024015,61.1028033488,61.1175325182
55.096456333,49.5355917913,56.4207957371,55.885339826,54.0037089472,57.4820641434,52.6784247311,56.912698006,58.9886584327,59.7798323826
47.9215994465,42.0004831887,50.1993435818,49.6682176966,50.2594495691,53.5136267213,46.3048857791,54.3558377056,54.2261207627,56.8106093006
43.7129484476,38.5221795814,45.9401013922,46.6920959212,47.4022593126,49.8423363377,42.6850207411,51.5684534532,52.0499988462,53.5530353404
44.3990953853,39.045370936,44.2201965348,47.53937001,47.7723701128,49.834837152,43.4286046993,52.76361928,50.2989438919,51.7286703206
48.0930938185,42.0314992418,44.9469410737,50.2285781955,50.5465558786,51.9622205783,46.3911454758,56.0845496052,49.8296432319,50.9748710432
49.2307361712,43.6199389775,45.866001144,51.3213948045,51.6979912155,52.833251972,48.1710522224,56.955256228,50.5165263138,50.8466576197
46.328836802,41.7528209506,44.8662435118,49.6840301464,50.2993194671,51.9890974982,47.4942062312,55.2867119242,50.3618888232,50.8041281088
43.904964689,40.3448855885,43.9412464475,48.3691942901,49.022103436,51.1762854267,46.4984507492,53.3946824451,50.4214446469,50.7258600271
48.5656323974,47.0858878591,50.2993952338,51.1025598955,52.6707289228,54.1870325703,47.5800051897,54.8604681024,53.3495328808,52.9332385407
48.0012946266,44.9073395789,47.7011997453,48.2411495137,51.1526331368,52.3184842083,46.5687511118,53.4217281085,51.29155354,51.5337132729
50.4720934863,44.9810011582,47.4617908,48.9798042041,51.0221985312,49.0875579847,45.1113585358,52.219431425,50.4256052627,48.949650588
53.3485766642,47.4703835331,48.8494883623,51.8715740874,51.5967947247,48.1954137331,46.8673525548,52.9827972911,50.0148669968,48.0583852011
64.2710923766,61.008997721,61.255091465,60.1306962807,59.6441635695,54.4935127431,52.5790532565,59.0222933737,53.8364318749,51.945470495
64.6744842518,66.9683496199,65.8971173125,61.5547266043,59.690090177,56.9820889582,57.0692877873,58.1767055377,56.9067887664,55.3562501402
64.2632383818,67.1955119932,65.2756103042,62.0367895788,58.9563919281,57.8472676253,59.2823058786,57.5113523906,56.9491157871,56.7346102567
61.2443462386,62.4187261578,60.9131143165,60.9910735865,56.2487259783,57.1467569449,59.5097818006,56.5626380597,55.7147551682,56.9435271518
67.54039292,67.9517168755,67.5901322321,65.3929461988,60.826135447,60.8927656895,60.5210758487,59.4544604155,59.1085520062,59.5450007451
62.6817693809,64.1179959067,64.0517720919,62.4870354112,57.8552526826,61.5841897603,60.9316629027,58.3312717924,59.1368144162,61.2182157767
61.0524525103,60.8475468278,61.6816450725,61.6649230696,57.7814597818,62.2850968822,59.810862021,58.6429324755,59.0153504547,61.6540749633
64.0485627857,62.6748174818,63.8570368122,62.5952816617,59.9395397766,62.607297541,58.9740604581,58.9439949805,61.2502014851,61.5557250906
61.202392281,57.9945559018,59.8136215612,60.0093682232,57.6161602128,60.4302529203,57.1132379657,57.8216829493,59.5833898897,60.3392137981
56.8917221487,51.2178264432,54.8845278692,56.7292882332,55.1996279313,57.5264772573,53.3343927445,57.0905065587,56.0464061448,58.1968340386
56.8358436284,50.9556631089,54.3101836345,56.8335295924,54.5956603463,54.5574120176,51.8120827816,55.3128536879,56.6253983595,55.5120161003
53.6132123072,48.1178736023,52.0081345907,55.5035370029,52.1684435647,53.1939284911,50.9542338044,54.8467529041,54.917035602,54.9699793632
50.1224875246,44.9215763255,49.5096585522,53.1587477879,50.5577009874,52.6563577797,49.7332265801,54.8691252283,52.9375301015,54.3100854165
47.0126381281,42.1457740371,47.0966411472,50.8681930617,49.2721501779,52.1059139541,48.3317995556,54.3730819969,51.5799661928,53.3679579561
43.521479944,39.0712037699,44.3752787076,48.3546702693,47.6289387261,51.2358926096,46.5327278397,53.1862131415,50.4514600607,52.414205151
40.8937542974,36.1562030801,41.7932425258,45.8233625416,46.3913387687,50.1489768091,44.3297141224,52.0623103713,49.1418246499,51.1156936539
39.5660331132,34.4034164486,39.974964621,44.0760386048,45.5316591002,48.7208913297,42.3542001254,50.8728624281,48.2776581386,49.5201613475
36.9740241051,32.1055807728,37.557870446,42.2742916066,44.3613053899,48.1228214335,40.7580364486,50.461491972,46.4670298474,48.7452134872
40.3604488851,35.8133851794,40.5475443734,42.8219096267,47.103328489,48.6269403177,40.0669243507,51.1549856243,47.2678567317,48.0195668434
43.097151464,40.1247682137,43.264426699,44.2394604271,48.3764134328,48.5167477634,40.9866463496,50.7734854813,48.4941419881,47.8670969744
51.1089993714,49.8441059721,49.8833137892,51.1781928662,53.6548723672,52.9811035258,46.709179729,54.6163062166,51.0719044485,50.2226364587
61.244464036,60.8343994148,57.6293966935,58.8402978195,59.304199011,57.528248452,54.1253670846,58.0647495853,55.3825411614,52.9344959929
62.9139730974,63.1000295628,60.0873518859,61.4809605637,59.9218556291,60.6320490248,58.3680040074,59.5050026252,57.0839415488,56.8043086729
57.0623993989,58.608159326,57.5492665647,59.2726874922,56.5805779462,60.647822453,58.2596347377,57.0783192938,57.8145781684,59.3076649142
48.9949620911,50.3560191123,51.4460803499,55.5963762255,52.3042126442,60.2120696812,56.1823459263,54.559283856,57.0098643015,60.8264856477
45.314109022,43.7255509421,46.9709810412,52.2993395485,50.6005004332,59.3464571217,52.7651651801,53.382553864,56.4399069801,60.2942460201
43.2599330968,37.3820924848,43.0690721722,48.4140976167,48.7951891105,55.9503092196,47.3442134838,51.7048993718,55.3380754373,57.6945154037
48.4912701175,40.3172353609,45.4915745117,50.7142258929,52.0910151531,56.2982348412,46.0946552646,54.4067951412,56.1023812841,56.5286578231
52.6796302602,45.6462821153,50.1130886198,52.6220035786,55.0872224971,57.2473119785,46.5147013636,56.6868785441,57.4172491708,56.8664900789
56.4779700402,50.324580225,52.9558284563,55.1438056258,58.9152684289,60.2504708268,49.3728619851,60.6988696405,56.2359713786,57.671785429
74.566752784,68.621939149,63.2695877315,68.9002823089,69.7753711622,66.4731134504,60.9655676717,66.9982713693,62.5211650383,58.3218089244
92.2993575544,86.3271545667,78.6017448202,80.5722793445,78.5967649848,72.4317687413,70.6392093971,72.0150287064,70.3131709999,63.1241597367
91.9164386356,88.2101359143,82.6065692088,80.4605981381,77.1043271429,74.4665485325,74.0624494118,71.7295836168,72.3510659182,67.9914418028
77.3529410556,77.4071947226,74.846418596,73.7756895824,67.9491614755,70.5030461953,71.1258356599,65.4711241445,71.1660627828,69.4228130441
65.1478744691,64.1318604706,65.2264209102,67.7033182953,61.3696527178,67.676035028,66.1056768366,62.086557558,67.1643330725,69.2467680796
55.5134715589,52.2191720169,56.6136951253,61.2854969697,56.5554241213,65.7046104446,60.5327379855,60.0794001612,63.8089588494,68.1846909921
48.4896662463,43.4060314515,50.2378819178,55.9305527492,53.6763402895,64.5502821318,54.9643619047,58.8428606882,61.6533922687,66.9235070371
51.5438522712,45.4623004741,51.9956788898,56.2834891844,56.9003197683,66.0163263004,52.702193781,60.3896445536,63.4306408789,66.0009385195
48.9527868566,41.7723724052,47.620982735,53.4306689056,55.0235750582,64.4168103151,50.6278648082,59.4559237015,62.6747321991,64.3164293087
48.5267979147,39.4313141613,44.8891833967,52.9973545458,55.0659669941,63.1864612826,48.8629811869,60.0231997125,61.664496345,62.437581002
55.7823066818,47.7806969935,52.1801556028,57.5295103511,60.7024374647,66.092545042,50.2300222227,63.5670949398,64.6140943149,63.4940627363
57.5600765152,51.6713045306,54.778717773,58.0554246046,62.0022600566,67.2442528496,51.9470478522,64.2899986641,65.522774369,64.4159811704
54.0356034957,48.7799215234,51.7431032667,55.8903824771,59.6194490702,65.057743897,50.9985456933,62.4101431494,63.8502889458,63.5420103857
64.9463685095,62.0010917775,64.4929664095,63.5553608255,67.410691083,69.5295033509,53.8725075753,66.1137216481,68.0340096233,66.3408770582
61.3084061178,60.6211899289,61.6388668869,59.5062364533,63.2442327132,66.5917221846,54.319847461,62.3136682426,66.9658901653,65.4507849246
78.6891452439,73.9082478965,69.3735064855,72.0928500338,73.2267201842,71.911887259,62.4895294783,69.890575323,68.5293834141,65.602239473
94.5809227757,87.9941083206,80.2434227441,81.7610983006,81.3979601925,77.3690694328,71.6302926471,76.2651784205,72.9635020417,68.2153913976
105.904860178,100.638105799,91.8988241354,89.468750808,86.8876777953,81.4310754113,78.4428557313,78.8499792172,78.8864605549,72.1172762406
100.100963853,97.7965676974,91.4903186844,86.0215969554,82.535260718,80.49659448,79.0905995881,76.1789485522,78.826606993,74.5017887573
86.8272286858,86.2052890238,83.1401704461,79.6887929847,75.003211624,76.7268341355,75.2025124537,71.8151577335,75.0833047587,74.3514812647
79.614721903,78.3976486038,77.8152772656,75.3320301117,71.1705388305,72.377791474,70.2194496124,68.1199090683,72.3886521515,71.7540156438
73.4110157498,68.8856831828,70.8937298597,69.9355496648,67.5553807828,68.9731478247,65.2613726732,66.9932295584,66.5318672123,68.6921089495
70.2778981265,65.0131305461,67.1055286293,67.969168491,65.082387247,65.1965435767,62.2617486952,64.6096997383,65.0621279518,65.170313355
78.8441810013,72.1438877108,73.6522347791,72.8154849853,71.7586972531,69.4133812131,64.0701415356,70.0235854918,65.0272230628,65.870296283
93.774474435,91.1147871353,88.5473663638,81.4074238303,80.5198293535,73.2287171326,70.0453375874,71.9760002291,72.468977707,67.2822890651
134.253508111,127.091038769,102.039968616,105.650466524,105.222332476,85.2668511424,93.8330656499,85.5567028302,78.3477578591,65.7786251317
187.309930022,175.828769689,130.633359264,137.806554728,137.78909525,99.7700273305,118.77241774,100.745229863,92.8493980362,70.3309998084
210.360824803,195.770088126,155.90083982,145.541549814,142.608546157,105.719450815,126.022464667,103.494946255,104.38201233,81.4060432498
198.64558881,190.995229271,160.206609047,135.380861654,130.441901387,105.475108564,122.419008461,99.0922184803,105.238525231,88.1537442993
172.939257532,178.102705821,153.378127389,124.996084597,115.510778082,99.7353144867,114.395966407,90.573885324,101.623448725,89.6946361857
146.082742293,160.206482898,140.810464784,113.762528095,102.182430508,93.4665375876,105.77516219,83.1387773867,92.6822919644,88.1815460381
127.796742569,148.685226398,133.084604056,107.017385697,92.8184224749,87.2468976955,97.5139102004,75.0436961396,88.0178678424,85.7739897013
112.520228745,135.42743785,124.730635205,98.0151079306,84.3775577388,82.7829590028,89.5998527567,69.5792253089,81.0741817632,83.5102329508
94.3731553358,115.407190611,104.588253624,86.773967231,72.7948711284,77.8971451652,84.719831179,65.4130488062,72.3155039171,79.2649176103
91.9301678836,102.638659583,92.9724989238,83.6168628404,71.6857067825,75.6299498483,81.1744901682,67.0904969223,67.2886442229,73.9695359295
90.4680843101,94.1623990995,87.4819668844,80.434817438,71.0861524279,71.6178990154,76.9025576877,66.6629848172,66.1281819057,69.3519482786
84.3003997374,84.5184156857,82.0772332866,76.0057735005,68.0189086154,66.7751106846,71.2862369316,64.3184258718,63.748673749,66.0113497557
77.3993928186,76.3212719004,75.7178137293,72.4360184778,64.8260739139,63.6999950413,67.8653616086,62.5157853513,60.8159543199,63.4769880386
72.7376029235,71.6253032386,71.2265578085,70.784611442,62.4562325138,62.2732755235,66.6507499002,60.9930141842,60.4199075988,62.1297073769
69.549717396,66.3959095267,67.2935975357,67.9789562354,61.2017966935,61.9457835509,65.0630336063,61.0977637269,58.9819883366,61.271674474
66.2542652692,60.8944332901,63.3174610231,64.698367825,60.4256947879,61.5617583541,62.5984427679,61.4131946427,57.0876194192,60.1489802196
64.3224772228,58.6628282787,61.5534402509,63.1209314548,60.1738579511,60.6073202359,60.4824893941,60.4095744624,57.4592503113,58.9695733672
63.8610159924,58.3397106736,61.389642854,62.427032852,60.3580854326,60.0817129235,59.025592517,59.7355791839,58.0521169352,58.5012673142
63.8804427126,58.150688612,60.6678969764,61.9478273701,60.2388804284,59.3427084279,58.3746021537,59.3403493673,58.0172668826,57.7762913049
65.3421265214,59.0482712831,61.7218374056,62.0111021977,61.3196511791,59.0733752457,57.4644100984,60.0755259068,57.5665664056,57.4107390953
62.0493126724,57.7674191267,60.2234173507,60.9942786436,59.1620616519,58.3034363841,57.0424477243,58.7987775635,57.1660753556,57.6636287439
60.3211341334,54.4011993806,57.632288682,58.0003122171,58.0909111809,56.1936526175,54.6157484516,58.0841755999,54.3101123398,55.5533780975
57.943015811,49.5821927121,53.6436949004,55.1875175557,57.4440592252,54.8577426318,51.9177461184,59.0161235927,49.0336700384,53.2297056267
57.5466316276,49.4881418475,52.8678090436,54.1902932725,57.424990856,52.0107326533,50.0838178865,57.0745098436,47.8209486788,49.8929424728
62.4765200759,56.0312054248,57.7403618498,57.76110093,61.2588312891,53.2773075719,52.2170389703,58.2267463545,48.5806048781,49.7787881402
60.3861313801,58.1449391624,57.6731875417,58.0813873212,57.4140331499,50.4655735657,54.4134424843,53.5412200319,50.5242070263,49.0668832293
63.5845305315,58.9499035913,57.8814336449,60.338724732,58.0832128951,51.1851542465,56.860906934,55.407727724,48.926368909,49.1376105405
63.848679424,57.8944774087,58.3766314652,59.3496573696,57.4727503577,50.3556329975,56.2797220762,55.676019146,47.8362198595,48.83589373
61.6087820946,54.5560956437,56.4021086573,57.3717531691,56.8430103089,50.2403240155,55.1749427561,56.2871866605,44.6085542091,48.2740057417
57.6448197267,50.4231264612,53.28728691,54.3856832213,55.7975626502,49.610083695,53.256993341,55.0445439578,41.381531452,46.8855818901
54.9863867806,48.4098335238,51.0348068705,52.636812473,54.7445293524,48.144513243,51.7438747078,52.1565010076,40.1228535727,44.9132748778
53.9534219353,49.126778003,51.263939544,52.0603265766,52.7370980116,45.3785345056,50.2921144122,48.1010425705,41.522950234,43.35637636
58.6451428987,57.4921706976,58.629311247,56.0174184476,54.3685552201,46.4244606758,51.9517319974,47.3467505989,46.2541993969,45.267259269
53.854633173,52.5012465531,54.4028965153,51.2930842623,49.1043080739,43.9817476694,50.4846078861,45.231455228,42.9912803227,45.0254074338
56.5638091817,52.2310412708,53.5559909447,52.6278541482,50.7305740296,44.7391975551,50.6762227518,47.9767379821,40.7757387856,44.2185283125
54.8531092253,52.0556571025,53.5098380393,52.1647915133,49.1650194013,43.3115435466,50.1603752722,46.3045709991,41.6192297252,43.650357283
52.6857488507,50.8911232023,52.6760926972,51.6603983865,48.1406941966,43.6241392656,50.1910919132,46.0132522863,41.0706195814,44.1233695766
48.490170024,46.1233062264,49.2270679436,47.7696958606,45.2755391697,41.9083913134,47.5564262498,44.2394786933,38.8763600293,42.9685357827
45.3681821363,40.7437086573,44.5739722156,45.0257128281,44.3587508478,42.0204955438,45.2403793042,44.5836669365,34.7544368147,41.570186968
45.6845143396,44.9097456875,47.4636589998,46.1722849043,44.0749057683,40.1976967093,44.6308647692,40.991713783,39.7612811808,40.4917315738
40.558492103,38.4460056765,42.2252904662,41.9245600429,40.6575976148,39.4711515349,42.4371407517,40.3816123717,35.3515251043,40.3981253541
40.0430517658,39.7690623647,43.1318914971,41.732411703,40.977699054,39.6504409219,41.2558625077,39.435872472,36.9202120989,40.3228213128
34.4800733648,33.7722095715,37.2282940611,38.3607766715,38.1977874509,39.7551401233,39.8113970318,38.4627352026,33.1957236921,40.0145331958
36.6857787502,37.601059587,39.7707050186,40.1064266892,39.4709097363,39.5258403554,39.814033608,37.3019814927,37.4289302941,39.5342619092
39.6908347593,42.2720886493,43.6669292407,42.5291889523,41.6237866412,42.2341761048,41.8102050452,38.9620617013,40.3617852169,42.1804990831
36.110176444,37.4447326134,39.0136037644,39.9170259793,38.7145517287,40.9762264352,41.1429993414,37.9828092653,38.6753323951,42.1213347892
34.3042547563,32.0588323027,34.7666954699,38.2340258178,37.7354089479,40.2657718953,38.8943418727,38.665284504,35.6571533032,40.9282123497
32.7814837631,30.0429419611,33.2244769155,37.3575036584,37.3939785349,39.5602107634,37.1279348642,38.2050641913,35.4947413655,39.8714338139
30.6367200401,26.4287836716,30.1389520813,35.0957394822,36.4090999086,38.5194423014,34.8794868524,37.7241620431,33.2611377161,38.1935446411
33.163286338,31.2881568333,33.7106579134,37.4549577104,38.4874749269,38.9375385566,35.8148187412,37.6904466805,37.0107123233,38.1992410575
33.4711074434,28.2739967901,31.2954884722,34.7496948393,38.0356138288,37.9446806496,33.8591511621,38.4667444352,33.1534008156,36.7596266494
34.0797025973,29.5886876962,31.8912129521,35.375408247,39.5627234074,38.2364105808,33.3559860138,38.5831614478,32.2688074216,36.1117075934
33.9350361459,30.4644489519,31.9239996173,35.0163074974,38.7543129627,36.131325845,32.9583228339,36.3559762584,32.4582349414,34.5149482827
32.4255721321,28.7845827523,30.4677558044,33.5084672962,36.587536539,33.7832923883,31.5843072274,34.4233120963,30.5316166005,33.0674703446
30.8433319572,27.5862053822,29.1284268296,32.6877856404,34.2649218732,31.291531231,30.9890567177,32.5444008771,29.5521925285,31.3795650212
29.5172275407,26.3544639988,28.2629445732,31.5228920755,32.4521407657,29.6184979619,30.3326495322,31.6080106243,28.3159118095,30.2451171587
28.1150481673,25.0320725803,27.569119326,29.4892980008,30.4907082263,27.6542411477,28.8102395455,30.3282569828,27.2079380796,28.9121284061
23.8559719479,20.9305731032,24.2000910259,26.0543965783,27.6296593469,26.5649323848,26.1831795731,28.9610926125,23.4386431247,27.7351899925
22.1604019683,19.5464778354,22.2902370982,24.4053724451,26.2852981953,25.4701505711,24.3896962519,27.1871777849,21.991329129,25.674476492
33.9275925763,36.5697115813,36.1701166132,32.4322680397,36.3072552317,32.4674882798,30.4045329008,31.6662378161,30.0715182904,29.4931160628
27.4681104009,30.7506454094,29.9767823765,28.3531947467,29.7408947863,28.2928623053,29.8267250833,26.9135592765,27.4900893438,28.7136846376
25.445504248,24.2320475348,24.7155121237,27.0665915017,27.3615683902,27.2651670199,27.5396097549,26.3096157972,22.0874568443,27.133101784
21.4195705705,20.7098034197,21.7887930913,25.3672716093,24.4254273732,25.0839420575,25.3388950437,23.2132883503,21.3720683469,25.2739365736
18.077835588,16.9250490097,18.7882742997,22.5975870849,21.626093218,23.3927300887,22.6427289211,21.0459956076,19.7508852104,23.6218111805
17.9349851066,17.5127796441,18.8898405163,22.3016238594,21.321919936,22.1573889769,22.4349147633,20.6238233072,21.3378093381,22.4521792845
17.6523995807,15.8608710426,17.769378198,20.0178482024,20.1944144285,20.7419690491,20.5387464664,20.5315476936,20.1928411772,21.3699032677
25.003991195,27.6393609934,27.1156320396,25.2936314397,26.3321201598,24.4132603992,25.0444971725,23.8783228639,26.5767183577,23.8267094578
18.773928554,19.6273650581,20.3635317149,20.8660877073,21.5402274942,22.8245842336,22.6630870837,21.631373225,20.241354777,23.4235279382
17.6126943907,16.8921935451,17.6202637498,20.0364699731,20.1021414516,21.5472947377,20.2770809373,19.860150365,18.4263521848,21.3830117117
18.8762832164,18.2473254261,18.579804997,20.0276026298,20.1523516555,19.7037070168,19.7130875414,19.1543185713,20.2348634085,19.9124747548
24.2937166706,26.4482603102,25.0406725005,24.2309825552,25.8007543287,24.3948759401,23.735417463,22.6577620383,23.1361299417,22.8896085238
20.3179797483,23.1375034804,21.942767829,22.1059846642,22.2613979226,21.9646775807,23.1044965079,19.7238906808,21.8781786119,22.4626340456
21.0440988242,23.4402044931,22.2878238241,22.8625179087,22.3604457095,21.815943931,23.4657417433,19.9413354507,22.0354758605,22.5775408182
17.3096974609,20.0607520049,19.6584651158,21.4901906132,20.1869369569,21.3985026062,22.8966056281,18.7381172804,20.2820359165,22.7266684427
15.2403834641,16.8131668478,16.9555058071,20.4272818281,18.437550835,20.1866063045,22.0537019932,18.0362729456,19.2350883489,21.5252545365
9.25519424839,10.2860040726,11.7341993562,17.0108983203,14.5291816757,20.1005055607,18.5103485619,15.2337365068,14.995532594,20.5271041037
7.0111885388,6.91864061209,8.58502857625,14.4254655543,11.8315889886,18.8756678135,14.3887157274,12.6440027446,14.0028660964,18.0670764589
7.49897562956,6.20489146507,7.44105608782,12.9737682714,11.2841204424,17.3425914197,11.8928207667,12.2362895385,14.7002108943,15.9628922481
21.4551379904,23.9733649094,20.9461408038,21.558126249,23.2046914338,24.2602679067,19.3160256,19.6972927918,23.9274426214,19.802182208
29.6359288569,35.9333231507,30.8805254036,27.5501903125,29.1617037722,26.7631447782,26.1182153796,22.6824916029,30.6538915235,23.9278392737
26.4697588865,31.1697616532,27.2048804268,26.6211533198,25.7908358094,23.8332781825,27.3995599375,21.6218869439,27.6791066492,24.7750230622
23.7769345261,24.3469506519,22.6453490972,25.9261856216,23.6074237595,22.9101798899,26.7790065161,22.0815702078,22.3915689515,24.410480494
21.6224788597,20.1175300792,20.1266054216,24.6981868928,22.1272184789,22.3572897349,25.0265864282,21.4956288454,19.9376061306,23.2051177685
20.7095093453,18.1041903799,19.1895140297,22.9842356448,21.0265488442,21.1819893571,22.6674645934,20.5190381483,19.4163613672,21.6344745654
17.6559370072,14.8321905755,16.5792249293,20.4837652663,18.9239150458,20.4170833789,19.9823116995,18.8156888236,17.1982020636,20.2831558737
14.6750994669,12.0829743059,14.0914859943,17.4598494004,16.2358347916,18.7700128339,16.4212210743,16.0553252103,15.7862266239,18.3263130717
20.3751783269,19.0361790868,18.7076510073,19.8215482187,20.6457823065,20.8452784145,17.8384447518,18.1759190952,19.1114939913,18.678193691
17.5514373087,16.1256629022,15.8856932577,17.4874818708,17.4444616974,18.3180314348,15.8659413966,15.5005334257,17.112922575,17.4153159487
20.2623203368,19.7483272142,18.1143934725,19.3994920224,19.7452588228,19.7230581198,17.1291575128,16.2001153447,17.9549038147,17.8646616479
15.286216363,15.2903260604,14.2431406966,16.8768704216,15.1378503171,16.8493372234,15.1826401821,12.5735900812,15.6919743589,16.4208200709
14.5018240241,15.3742370082,14.0454127901,16.784582244,14.6581201674,16.4477662753,15.3623242213,12.3406684462,16.0270971304,16.0168928244
36.5056453807,41.2603179981,36.4633595084,31.1437948998,32.9231039125,28.8422545188,27.4678190688,23.4452594496,28.0365688102,23.3634324516
27.350931345,33.5741371697,30.0049669262,26.3392540588,25.8380124684,26.0626697035,27.2777692207,17.6698673791,24.0916471244,25.1579179337
25.8274991783,30.0051529643,26.6428195278,26.8461463909,22.7312056858,22.3663784094,26.5457407667,16.7029733914,23.9332364703,23.7945877694
20.8969852528,21.0167378214,20.8715900877,23.4297489478,18.2506990389,21.0399275397,23.1647099276,15.2967751889,18.3765435894,22.8785167738
20.5292302845,21.3540166171,21.4197284236,23.4834233113,18.5117198908,19.9499640589,22.6873920861,16.04059164,20.9167597746,21.7028472325
17.9922184543,17.8608315408,19.2666133561,20.5620728337,16.8867183669,18.4550006937,20.8915815138,16.1441895831,19.6507519943,20.8253574318
21.5593943913,23.8671331042,24.1986622726,22.6554364314,20.8691194804,20.8987948627,23.0087655417,19.0034173411,23.1728840981,22.2140759045
15.3519979485,16.9437635632,18.2987099348,18.6563369577,16.9474017012,19.3737259949,20.6079042021,17.0322239669,18.7169824729,21.5270793291
18.1824247536,20.7719488748,20.8664756903,20.3870674736,20.2546387074,22.6331544775,20.9499329155,18.3913093358,20.093054575,22.4531758876
19.4758330093,21.5821998934,20.7769517662,20.5281254292,20.0141278127,20.6322993062,20.9443688166,17.902036779,21.9500081703,21.2487351239
16.8601389398,16.8165098318,16.9757671458,18.8747862284,17.7265597989,19.1253129901,19.3070664435,17.3106360693,18.5035053156,20.2361980936
15.65759793,14.2388705918,14.4155048312,18.7753217925,17.0897082112,19.281114835,18.4358042866,17.1181555905,16.1184893526,18.9024921715
14.3596068989,13.2461494076,13.7482918623,17.3794589064,15.9964396945,17.4276004929,16.9290110101,15.7679576444,16.799707445,17.3328243227
13.2390858688,11.7423782385,12.5766679454,15.4670676911,14.8347455136,16.1132878667,15.3325849271,15.1630161923,15.866792318,16.1856621066
14.6233947917,12.2100072331,12.9097007201,14.3553287817,14.9193833949,14.7746514876,14.1557933461,15.3601081167,15.8547400898,14.8381406476
22.5473021551,24.7001589735,22.7637043145,19.3878174808,22.0013835363,18.9400283065,19.1092995148,19.0799859333,21.7664218311,17.6354468933
18.1353951607,22.3118247405,20.363798843,18.0863980157,19.1923187814,17.3445299067,19.9111591641,16.9149010859,19.9901911873,18.3797011695
13.9889627063,17.2753219247,16.4160115063,15.9142154063,15.6332314528,14.9594639959,18.4399881397,14.8323421152,17.0565744329,17.4738906663
14.6314754928,18.0334590135,16.9099561367,16.7710771775,16.5675825692,18.1026588393,18.3982588197,15.1627738978,16.0818421193,18.6926744863
15.0028016956,18.7211044214,16.9717322116,17.3840722887,16.2759370071,17.1114129383,18.8569434244,14.6026561168,18.0654942396,17.9950007972
10.4038693218,13.2068300874,12.7292633172,15.1653676836,13.0343810565,16.1968511586,16.9516168813,12.747842556,14.9809656729,17.508101068
6.19528512194,8.54507428394,8.97278961353,12.5063114137,9.86870379024,14.8390789287,14.0256175281,10.421808978,13.2334566019,16.0297563181
7.99763617568,9.06940142925,9.30306749018,11.6349589591,10.424584557,14.4798409276,12.5705633824,11.2035498742,14.4497568134,14.9177082828
6.51390463024,6.69147749352,6.86392406951,10.2527736652,9.0780500278,13.7019154093,10.586249918,10.4180573962,12.7113241339,13.6224299309
4.60454691974,5.34719115476,4.97081153318,9.21007799092,7.62434209944,13.5310538251,8.56364921584,8.57988083589,11.5616909058,12.483716548
9.36906147063,8.48091479291,7.16217348157,9.56449191555,9.83768972223,12.7104331643,8.37950698925,10.3166464562,13.9694366824,11.311941996
9.81783442944,9.38588917519,7.5303415274,10.1117406102,10.7548118913,11.7059207537,9.48883133492,10.9652106295,13.8781834072,10.7281598955
7.85267148472,8.00130077141,6.22238381137,9.51398674924,9.60355582461,10.8029322459,9.40277550502,9.97919517972,12.0214797339,10.0998596075
11.797265418,12.8129594862,10.0041442232,10.9056550075,12.2002011196,11.8837727163,10.985088434,11.3579491817,14.224365,10.736647523
11.137841053,11.6065680571,9.18650608376,10.228651891,10.8852882997,10.4496419221,10.6329423291,10.4388485958,12.8961835678,10.2301053347
9.18197401326,9.40829579713,7.57879245523,8.95447986406,8.75846062863,9.14494424919,9.37836149077,8.82739415798,10.9890499633,9.34763521308
6.97731565723,6.90813498513,5.40666152325,7.56112812293,5.89385258454,8.60492956414,7.17267381446,6.39214229824,8.90136390195,8.33415318178
8.23030950747,6.49806516044,5.11315044412,6.04522758617,4.89322246808,7.43312550544,4.88901509377,5.8879817563,8.88360318213,6.89757068427
28.7665023739,33.28458194,26.5898295845,20.690731663,24.0941984029,20.2552974751,18.7741239953,16.4354423201,21.7607791686,14.3517792649
26.8597293818,35.0821134311,27.7419958226,21.9736250182,22.3688759571,18.1974218939,22.5772709944,14.2596341024,23.9007197856,17.1516372175
21.8567478227,28.0452334466,23.1137455362,20.8406010615,17.6899292316,15.2119585009,22.36260407,12.4483045089,20.0029534365,17.774671624
22.238852723,26.6500879259,23.4443907378,21.3535893074,17.2883037288,14.9526730361,22.7837986462,13.6657461255,19.5196817315,18.3360407224
19.8921640235,22.1113819473,21.1471639529,19.3151261681,15.2289805839,14.1677005344,21.235530576,13.7434165971,17.1828542027,18.0922325771
15.9067531084,15.6685232495,16.8896934173,15.4049143959,11.4582799621,13.1345651397,16.6390829711,11.8678317165,13.4713182136,16.5795204168
20.0694550775,22.1167421618,21.6667861736,17.6992106106,16.0156039369,16.4020923874,17.8863681644,14.0039652455,17.3471425311,17.3564649666
22.05768665,25.4209580621,23.7962689972,18.8270613286,18.0265812413,17.5076031043,19.1477507474,14.6582037218,19.1907066104,18.1777725656
17.581892981,19.2253100583,18.4542518268,16.5069389711,13.9174725656,15.3752656007,16.7836912481,12.0241372439,15.456645178,16.87635408
27.6330017388,34.9887240959,31.5966307626,25.0096027543,23.9715558239,22.4317494182,24.1096138422,17.4374881046,24.3943584459,21.329909312
21.82103582,27.6079293929,24.8997747835,21.8447547326,18.8882951916,19.4051081948,23.7782896066,15.0413985777,20.8796289092,21.1514405322
16.5360995802,19.4705487292,19.2108691512,18.5626897533,14.3444059631,17.0616318929,19.8212266275,12.6140430872,16.9599789825,19.8981684945
11.7829883178,12.4477635926,13.5469281922,15.5936546193,10.1027101691,16.2903413085,15.5230931752,9.84269465278,13.017444854,17.7973581387
7.32177056705,7.34709690819,9.06213082975,11.9776215063,5.70639897687,14.7798167638,10.119289438,6.18325051355,11.2268227495,15.0366974977
5.83271104254,4.83731119675,6.05203551121,9.73713355286,3.65451645319,13.5427256924,6.37362067678,4.89646263783,10.710114308,12.3815438888
8.46948617311,6.88129835965,6.9978135067,8.89919404878,6.19604901959,12.0833059202,5.9329806713,7.24591699477,13.3467666283,10.645847271
7.70481449758,6.50236990291,5.8050332256,7.78984344408,6.41553873528,10.9594867838,5.39367122,7.18045627368,12.2360296366,9.53581025803
5.52949029768,6.23026078917,4.7121341088,7.46129581901,6.50935302124,9.76768908947,6.30723853848,6.81862048323,11.7829070857,8.64380524676
9.27645899291,12.1186507067,9.07374054447,9.76081856022,10.4842677248,10.5819614658,10.3816102286,9.6986631997,15.0585134657,9.50229749345
7.68881373239,9.06756186892,6.99933885815,7.81642585364,8.5294879813,8.75603845547,9.41109924796,8.86006981753,12.1665111956,9.01546202382
6.98616887974,7.18024191224,5.48784753146,6.87987313544,6.94877605661,7.92117109092,7.91019417587,7.81521346437,10.031475429,8.13155112553
6.91583565041,6.66957085437,4.89895471543,6.49630164188,6.18968557244,7.46062499653,6.99060819994,7.09573535767,9.22606908941,7.23269414795
9.6581066248,9.66940984823,7.42383681789,7.17629240653,8.21430729065,7.09283591237,8.32882466791,8.50546593619,10.9051733881,6.85112719613
5.69727048915,6.89898171519,5.06619813978,5.73615363578,5.47739452722,6.37988616502,7.10484290971,6.04805663732,8.35531708166,6.49925492995
4.16241688259,5.59107942068,3.79168092947,4.58101563701,3.87696002786,5.67735310013,6.03608684191,4.67603926046,7.61964128799,5.71230046303
4.1122505623,5.0573973736,3.2788882661,3.55026470746,3.29488805502,4.91297364717,5.22757752093,4.42327914959,7.39427120172,4.91199904978
4.34980206618,4.95196019971,3.01895812455,2.96378787956,3.13863855792,4.31787094882,4.72353380084,4.35870559803,7.13037833829,4.1934554236
5.36647963996,5.61196452648,3.35483852287,2.98211846389,3.63754585399,3.87364028811,4.82990074486,4.74559997654,7.1263916836,3.57149665086
6.77270760381,6.91098509973,4.32669412953,3.41155349778,4.63427388081,3.46285048617,5.60734517426,5.45572964953,7.33855342651,3.13830085483
7.7394863618,7.94659555145,5.3122189595,3.48945828663,5.21517563711,2.86615843313,6.219097469,5.82656006412,7.26172012584,2.82593014902
7.92305025854,8.42242102237,5.87530275924,3.13359638524,5.10339461807,2.1297329518,6.4372569612,5.61700454867,6.76422291578,2.4720431804
10.1737027542,15.3053745358,11.2662604723,5.97908813624,8.55647954258,4.28493962187,10.7016733897,7.12390828383,10.212561225,4.46658692876
8.51974279818,11.3952548944,8.34347723482,4.7936672338,5.21134787249,3.23258482447,8.9752383514,5.01476429067,7.09620463248,4.28305740236
9.44773056563,12.5230109074,9.64777738471,4.70878376806,5.63001514103,2.9481521394,9.1982659268,5.30094833552,7.95124194007,4.38067420032
9.45324996003,11.4977038109,8.88919996416,4.81624593352,4.87473019183,2.85844512152,8.75265516081,4.92319137444,6.96432672278,4.25796510034
15.1672706713,20.5053796124,16.230232467,8.51974843295,9.8856682846,6.51583167581,12.4358080845,7.367799508,12.081898088,6.85629445892
15.1655761904,21.5330350651,17.074463595,9.88063065388,10.1862905625,6.45390296547,14.4065267342,7.43830184355,12.6824382223,8.10892010292
13.1920396795,20.479695872,16.6660673896,10.398432477,9.50456772459,6.50125865611,15.5905546177,7.09601793442,12.2914841631,9.3831156374
7.8667068941,13.8156047431,11.8364768075,7.95458367175,5.65332006312,4.87425841618,13.7209579787,5.09371580659,9.02883113637,9.00271890759
3.0826479893,8.21893279947,7.71065743827,5.11593647566,2.36141375714,3.93042611415,10.9526135501,3.17523633969,6.77200359667,8.13377220412
2.6568251604,7.00445563574,6.54778823669,4.07723391115,1.91712044854,4.65858459436,9.35211544838,3.3164698378,6.94505631648,7.61804076709
2.75498875633,5.42471876596,4.99012349953,2.87273386551,1.260641906,4.64039004881,7.01238830481,3.14619751446,6.73268543332,6.63965557835
14.9622146814,24.0203601871,19.3522742355,12.2728387667,12.9079095195,13.2691150207,15.6604537243,10.0441536866,17.448703625,11.670351614
10.2460389044,16.758869095,13.3732385811,9.57980570377,8.64984827099,9.98063360543,13.8051782338,7.27804874967,13.9306644878,11.4542090027
16.5518745001,25.0364857426,20.3299814571,15.3169777303,14.626791051,14.840369675,18.1572285184,10.7055830137,18.4069866848,15.0468516788
9.43027569851,14.796498031,12.4872636318,11.510795069,7.84626347136,11.9117539662,14.1932833451,6.22118194445,12.9872494309,14.1489969749
5.68168133271,9.56379028629,8.5388924395,9.48381453359,4.76372899248,10.3910880511,11.0249692076,4.54745405967,11.3935072524,12.7164195819
5.93467737597,7.33762349374,7.08707102636,7.9183363327,4.68690901972,8.93233005228,9.33851615685,5.84694055753,11.4490624006,10.9772218711
3.93909145605,5.32898496053,5.22047048772,6.78495244223,4.51670524656,8.37732462416,8.51930830199,6.13380804564,10.4036489541,9.90473300872
2.589046134,4.04136572341,3.72236270212,5.91152211836,4.31565641739,8.10163106558,7.76850128163,6.15616365739,9.61120162947,8.85688320311
3.0947495478,3.51080303372,2.90484105246,5.11784362565,4.28158941128,7.7672270343,6.54990254528,6.33853527125,9.12141950958,7.72410441475
4.93091195869,3.88645798558,3.00929552876,4.26753607138,4.69160932781,6.99122144774,5.13672677123,6.70340873756,9.08361036118,6.52768226632
7.17360089288,6.75037156578,5.02741700845,4.80860176062,6.8111172182,6.52812930587,6.17790731052,7.87582885112,10.2798062939,5.98776146913
9.93913604326,9.81393800004,7.1701135956,6.05140291997,8.66242504151,6.57597032895,7.63554055363,8.987711481,10.6924676225,5.96297974301
18.0976771012,24.4380803812,19.0477008201,13.1619830052,16.4917415275,11.4416910274,15.5811599148,12.9390180393,18.03526862,10.0155316112
14.4812680143,19.3273822223,15.2975507977,11.5361196097,12.6998612438,8.73923304872,15.5784698086,10.9558100852,14.1925658135,10.2514908638
11.3030525361,14.6026205662,12.2187773148,10.3750563263,9.72378142244,7.51849495624,14.2362117451,9.35981030926,10.9761442067,9.99221883108
9.87909962838,12.7873451051,11.4921520947,8.96468566445,8.41434556406,6.671023314,13.14258764,8.66798032069,10.3551312696,9.48173826203
7.32737447376,10.8156488559,9.96624753226,7.82011067332,7.09626830561,6.76418567637,12.2954954279,7.81504882637,9.32150006158,9.3710794916
6.57133024444,11.079891131,9.92087176671,7.65341739713,7.18308514183,7.5105634202,12.3566417273,7.6998184219,9.91899219446,9.53608671406
5.9647226701,8.39701953324,7.81370749205,5.93894981488,5.56385983854,6.61380289728,10.140371686,6.93853671157,8.66006508591,8.54401974808
5.81810455168,6.84104010716,6.35290021079,4.82377888635,4.55566598776,6.06789575392,7.96108599308,6.27679146329,7.87305666646,7.41786430832
5.74273815061,6.73171192894,5.79772629561,4.66488173074,4.76023196256,5.69867183312,7.43637062672,6.22999920439,7.922006595,6.47246843134
8.29564349307,9.28729674451,7.3967662059,5.97590816958,6.814389583,6.10162153487,8.695058089,7.65627207943,9.12145635356,6.18398134591
11.1894675538,12.3099119171,9.75678504177,7.47746433239,8.92920456137,6.33273935842,10.3943434922,9.0659723375,10.360335409,6.33513326892
11.2137502658,12.0146822405,9.747460305,7.48860534351,8.6653389572,5.52949139609,10.6647596787,8.93427855427,9.50202041551,6.09722014084
12.4271706611,12.6962387828,10.4638053226,8.11657516869,9.05074648618,5.30219090018,11.2554578081,9.30811439893,9.13038000574,5.8842959261
11.6101856346,12.113214952,10.4412398379,7.20314568878,8.10678180548,4.60404201193,10.6249254056,8.48928734593,8.39961915206,5.63895699022
9.91390729855,11.1754711643,9.8288263025,6.03924733194,6.88115097015,3.93885563397,9.93416725896,7.37943855351,7.58822518372,5.309586384
9.35573685198,10.7606212805,9.50470165888,5.04454806544,6.15509241105,3.35001889436,9.34183287004,6.80546123716,7.08042728449,4.83068706783
9.43508397649,10.6974329584,9.35207172209,4.43658153462,5.80072833497,2.86902821141,8.9042326174,6.54287375479,6.68579334587,4.31255997154
9.51666669041,10.9603662535,9.43521605073,4.11451541394,5.73571472355,2.40547510544,8.83467629598,6.39787030282,6.47476224513,3.8560183593
8.43473547068,10.3099104859,8.87078955194,2.98506545201,4.83122589742,1.54451845636,8.15590192419,5.54442415004,5.79455382442,3.27493710211
7.25808574353,10.1476370484,8.54986519486,2.34317301643,4.5091377257,0.860630569812,8.36647806971,5.12450445413,5.40133705155,2.85334311369
16.3045469453,27.5498472534,22.5229019615,10.6625529836,13.5397502042,8.86490972446,16.8904458716,9.42314163875,15.1120254185,8.44195141701
14.0416412703,21.6965871456,17.2677218149,9.30227313332,9.55791080294,6.08217063409,16.1417323244,7.52053529335,11.6309380007,8.37725531859
12.1188232741,16.6016334659,14.1666435787,7.9250156157,6.95552756925,4.16862998024,13.862909968,6.49473674712,9.16434847015,7.8445204937
15.6721389928,23.1339675127,20.102900687,10.6771073899,10.640348158,7.74470471157,16.0993203665,8.29849163209,13.3298390455,10.4598742842
10.3385671893,16.7882723491,15.0153037075,7.8016738135,6.77016039519,5.3495818779,14.0096320511,6.04430042051,10.4283085974,9.85968316962
7.22679277203,12.1618547445,11.5246094521,5.52932847781,4.22252447453,4.40476302212,11.3285850774,4.72013119041,8.27443085817,9.05354448205
10.4759000071,15.5150356162,14.0246063565,6.55237279245,6.56249632896,6.0805591617,11.7482625677,6.44828941542,10.5640408083,9.35645335595
7.45909227175,11.3173212368,10.3916870461,4.95378918495,4.54303042959,4.58069752096,9.96750573991,5.27085696183,8.46054256249,8.25683924254
15.8804179365,26.5951195262,22.5740533982,12.7087270351,13.3777382031,11.7604137236,17.4631942853,10.1968775732,17.3149074829,12.7523164757
12.2721230553,20.5089834357,17.3646710703,10.4555804448,9.92988127198,9.18100549651,16.4390505492,8.47822330209,14.2956579704,12.6478140576
8.35945363225,13.5191533775,12.1661689718,8.40723285945,6.52830611548,7.303816776,13.59091238,6.80318411915,10.6463013996,11.6014866617
10.6329252092,17.3309910354,15.3748534828,10.2780559227,9.29604485994,9.40270757402,15.1293905145,8.69114610462,13.627357237,12.6106561389
16.4942185082,25.3505142369,21.789979891,15.2754290037,14.6555059842,13.7855851162,19.6610389931,12.2567002161,18.1769947236,15.6034661269
14.4673913392,21.3704222991,19.123171409,13.2524622794,12.4212728808,12.0271229559,18.1731707269,11.1438465369,16.6825047495,15.7180206178
13.2801987037,20.0842759403,18.3397517344,13.5442392286,12.3386346101,12.4827310422,18.0647622854,11.3149686263,16.2747195225,16.4345069491
10.5116888254,14.5116149045,14.1217043439,11.2387632579,9.62353141829,10.9017461011,15.4017243119,10.1940498853,13.4251702401,15.1507200002
14.2333782213,20.6139781702,18.9095036986,14.7421284682,13.7824984422,13.8053302877,18.3564112313,12.9163520649,17.4804758562,16.515265163
11.3711742582,16.4739223809,15.459716403,13.6190563823,12.2208577978,12.8678508751,18.1087547883,12.5689622213,15.4522316554,16.2430081305
8.19532018355,12.2701609836,12.3352384467,12.0087434252,10.5580632626,11.8948100774,16.6571043443,11.8478115292,13.7150101983,15.4655071386
9.81104805413,15.2554723855,14.7002211122,13.2959178788,12.7702158883,14.0066756664,17.7633751349,13.3979572948,15.9531098045,16.4084485219
10.3078638814,14.3383566317,13.8136159337,13.242242933,12.9626735937,13.9733876372,17.7105474816,13.9817362185,15.7630098332,16.1848566345
10.7822726538,15.8307593791,15.1254379989,13.8539066165,14.1275960929,15.0585327225,18.1337111698,14.6441960922,17.0839689174,17.1016679988
16.5786647566,22.9967226626,21.0101003479,17.3323574648,18.4333967221,18.1709946396,20.8582390326,17.2914765195,21.0885116142,19.2673253109
17.5106173056,22.2378206901,20.5656019658,17.2173022984,18.048634169,17.1798801543,20.7940130269,17.2911830801,20.7508006812,19.4907766016
18.5598103193,20.855960435,19.7159865208,17.9120872518,18.031650504,16.2752307594,20.76942116,18.047332646,19.4999511963,19.0167094279
14.6582674104,16.8824284418,16.9690290332,16.5668194651,16.0674466571,15.1128656544,19.8101911121,17.1848323921,17.2218100789,18.5586248639
10.4967877448,13.1858303345,14.3104210292,14.202568632,13.9410311745,14.0441798314,18.1714792783,15.7233938407,15.4801210123,17.7086151797
9.8131765004,13.6600384372,14.378959117,14.1207626562,14.375448781,15.0051346771,18.4346259326,16.0296638741,15.9294647741,17.719821334
9.11655446485,11.6560580044,12.5656475642,12.9439407453,13.5686885075,14.4968084503,17.3758288633,15.7682389242,14.9549224972,16.8000575354
6.26431192241,9.56926398787,10.4979341377,12.0239983583,12.5645391117,14.0622968422,16.792786424,14.9561698942,14.2710307506,16.2726596202
4.1980976156,7.92182727084,8.70394142277,11.3649559418,11.8908635947,13.8500382639,16.6045630978,14.4705348606,13.7072425121,15.6346742334
3.96717518957,6.91515518867,7.58784427267,11.0933118476,11.8548841778,14.1475441252,16.1770107257,14.7619826961,13.3602267195,15.1407579384
3.01299667039,5.82492336338,6.40158370685,10.6716564741,11.5548241836,14.3090725927,15.5197096506,14.5247182394,13.1203112868,14.7534643298
2.27643078073,4.99379300699,5.44731766807,10.2093196858,11.2711912532,14.1498159495,14.9110901244,14.1157134317,13.1117658425,14.2178911087
2.76711475385,4.97265376803,5.37277909951,9.96340680798,11.544447705,13.7953577882,14.5841880408,14.2428375912,13.6610562223,13.7794574931
5.12400073873,5.69260641891,6.1066846582,9.78472972121,12.2894541305,13.287640219,13.9584174755,15.0095108138,14.0481772285,13.178891405
9.45228719183,10.9167290343,10.0684046271,12.2141076033,15.3001468086,14.6560246786,15.8041200735,17.0118493198,16.4434874195,13.9619326367
11.0999586476,11.5296953019,10.7873298018,12.4808833445,15.5842238852,13.7313662051,16.0325385258,17.2578553925,16.1140943686,13.732947632
15.0923106867,16.7512081154,15.1453165238,14.896574665,18.1350090481,14.7985870748,18.0799205586,18.6432971039,17.9890761153,14.6800482248
13.541013276,14.8072621075,13.84762304,14.0127723293,16.5064839981,13.779707658,17.5672373468,17.65600854,15.8074201998,14.659224293
12.1210780294,13.6703538436,13.2795586923,13.1465540708,15.1666737049,12.492178921,16.943058697,16.2732377507,14.9223153757,14.1190699247
10.8473816868,12.3193170513,12.3285728599,12.09285887,13.896151176,11.7311446137,16.2038151795,15.465124655,13.5315580558,13.5528572254
10.1282594103,11.638951431,11.8791445211,10.9865114397,12.9134172009,10.768494507,15.4388559525,14.5640685731,12.8437854867,12.6977303466
8.05704517546,12.1475944449,11.9996320447,10.6411107441,12.5202373306,11.1012617517,15.8847484767,13.8761750275,13.0561016439,13.1319349607
8.24547401543,11.5076427436,11.2395688516,10.1540640322,11.9603542286,10.7371696686,15.5720270943,13.5820463808,12.3978707885,12.5812654062
6.71352408124,10.0471022682,9.87433226187,9.60594654297,11.0121834441,10.2511677043,15.1479058662,12.9034355858,11.60437081,12.1764322855
10.5495115908,15.54628088,14.1645881397,11.7156373989,13.7760788473,12.5149795009,16.8496645496,14.3473103505,14.7016438202,13.4371367867
8.44238691258,13.2779966505,12.1125327261,11.1984894194,12.3448645277,11.4222290507,16.939989927,13.3302198142,13.6965372844,13.347317264
4.7081908027,9.90191014027,9.39766850821,10.1868961727,10.5856032022,10.6517089462,16.5134870098,12.1974924415,12.1733464336,13.2493841556
3.98277385497,7.88185194193,8.02769425753,8.99982746694,9.66996952408,10.1858599632,15.3595041789,11.8690493781,11.3760566622,12.6065025708
7.5160525153,12.422595594,11.5812387557,10.9304970103,12.3012514883,12.4221423032,16.6747555584,13.6777426432,14.2219130682,13.7068679547
6.9509200421,12.6253164885,11.500161568,11.4473759336,12.4807334083,12.8910777867,17.424166569,13.7008207414,14.6998537502,14.4443017758
17.7110881694,28.0729339413,24.3370347718,20.0501270397,21.065268271,20.6096159469,24.2756818057,19.0001752661,23.2342687667,19.7144027141
17.3744806208,27.8463697037,24.2445982667,20.4153102846,20.5178934009,20.9554227821,25.9800633424,18.4896646856,24.1197581593,22.3069648997
23.9568204441,35.3599664251,31.1470290948,26.8713778802,25.4836033113,25.7855900401,30.6242115634,22.0566626993,28.6127735624,26.8205368524
19.0044567544,26.6595290014,24.3746548631,24.2164667589,21.2849910295,23.2243557546,29.6490117593,20.481421376,25.4276296026,26.9974755931
17.3165472326,20.7497445174,20.8231391753,23.548304948,20.0069335632,22.2159858653,27.8717961881,21.0631782027,23.4391106839,26.4607834884
14.5045501111,16.1196029892,18.3143945731,21.4872573782,18.7210095222,21.4211092994,25.5806883209,21.0936906409,22.3096746921,25.8405895666
14.9022711105,16.7585445567,19.2097592169,21.5744770886,20.1813814692,22.9772718588,25.1895599502,22.7111941425,23.396039585,26.1978101352
12.0486797176,13.9150534223,16.6886931872,20.091916647,19.3149074982,22.7053579488,24.3474804754,22.5299516791,22.7369445331,25.7905997013
9.60956393323,11.635190521,14.3852802925,19.4228330935,19.0505569042,23.2288706709,23.9411036103,22.909275047,22.0193998994,25.5600632877
9.5378876103,11.784917547,14.4181668913,18.8843439071,19.8548244785,24.2385484961,23.1869492178,23.4751258817,22.8352743787,25.66260013
10.4831116991,12.951286004,15.0149840654,19.0042568974,20.9066560222,25.0915014638,22.9059256633,24.0589705088,24.1153877161,25.9367077183
9.28124265011,11.2154578675,13.2489899849,18.1309281736,20.2265566031,24.3140293,22.0656084814,23.5812624615,23.7963760473,25.5221341731
9.35614480715,10.5605715914,12.4517011407,18.1918443727,20.4617365441,24.1359436494,21.7655057542,24.0495911787,23.6144229237,25.1232603683
9.40279177001,10.2288057424,11.9992336409,18.4152324407,20.7806403745,24.135897317,21.8246738329,24.6202056474,23.539691397,24.8703350607
9.91513766548,11.531518764,12.7688141893,19.3740699174,21.9122726632,25.372829355,22.6561323544,25.7192894375,24.0661547109,25.421808271
10.1457993311,11.0132501057,12.489889917,18.9145979564,21.8946964702,24.9518717039,22.2267341885,25.5457429927,24.1210899508,25.097042043
11.4866220363,11.3958779929,12.9025539978,19.0227349119,22.3724679634,24.6284568843,21.8605620853,25.9046489722,24.161775558,24.6626436905
12.8655403199,11.6667434994,13.2670887056,19.0181245229,22.7026587328,23.9638647542,21.404564832,26.221626848,23.8729041816,24.0137111205
13.5283356448,12.2574011208,13.9315326628,18.9718934988,22.7320476265,22.9839297057,21.2161096052,26.040258866,23.8562707243,23.4273926678
11.818677504,11.7584481841,13.3942392076,18.4913349628,22.0352842806,22.5647143251,21.3104118572,25.7601412866,22.7775578743,23.362831591
13.4419559292,12.643886843,14.2659694089,18.4062636623,22.4041038575,21.9408487649,21.1778238549,25.7492696199,22.6346486855,22.5423356717
12.6743184334,12.8498542861,14.1658010016,18.5915902396,22.0321972912,21.747261706,21.7351093735,25.6619946039,21.9361680533,22.4308132789
9.97524955575,11.4268815163,12.9318222063,17.4432558959,20.734085848,21.360588759,21.398449744,24.5805845435,20.7583206518,22.3466159519
11.3792577529,13.2905472398,14.3795312697,17.5135276048,21.5779853051,22.2730185587,21.217972091,24.7070814701,21.2969269929,22.5482906914
12.4179566278,14.3425230384,14.8633636891,17.7379240757,21.6795320722,22.3231516437,21.150433974,24.2484682434,21.4548930289,22.3820776705
11.1567318354,13.3233012397,13.7266450057,17.3050125431,20.7399045942,22.0517343834,20.6024203331,23.251667215,20.5096344921,22.2604768783
11.7931434891,14.3783357033,14.3857941369,17.8740025695,20.9442312976,22.042678315,20.8619679924,22.7148613725,21.2639465853,22.196400463
11.9225834955,16.0843663399,15.6464365201,18.9117383625,21.2679731664,22.5337794893,22.179694038,22.5647293798,22.700745175,23.1029342259
10.3936768563,14.3596192497,14.2164404548,18.4601306908,20.2456444644,22.3750052522,22.3943002483,22.1877122594,21.8096508506,23.4157838222
11.314109665,14.0200221481,14.4538647276,17.9209726579,20.1215501518,21.9501580182,21.547526791,22.0743656779,22.0480347165,23.1908515823
11.6284492408,12.2266656736,13.149503267,17.0002559235,19.1722506555,20.5315620442,20.2525500842,21.7359333223,20.6657334009,21.8318143723
11.7393120986,11.5055413858,12.7908460154,16.2312898257,18.7669701646,19.528593413,19.0130470491,21.517686713,19.8794495654,20.8019082221
11.9015216171,11.8481324832,12.8863449476,16.1449462712,18.5976014526,18.4547471534,18.971729661,21.1294110371,19.5197908089,19.5696699995
15.1110102329,19.3661976308,18.7046128396,19.7405904107,22.3131493234,22.0111878731,22.5462140003,23.3370814731,23.0648654433,22.0616512585
23.452553173,29.0027650568,26.3813266612,25.1736253302,27.7688012972,26.1463202422,27.4106031336,26.6461731864,27.3468342864,24.9321348657
25.50690724,32.1616427998,28.8748961493,28.5339690281,28.8805606534,27.6106784948,31.2251320428,27.3297333562,29.3876801335,27.5913594968
25.6783383757,31.2254740131,28.494033038,30.4478701289,28.7471959756,28.3107884754,33.6159137575,28.0207717459,29.3489495628,29.3351824104
24.6927124303,28.5037753525,27.3273172233,30.932210258,28.0982369317,28.7057272887,34.3928825042,28.5617510555,29.0301824295,30.5532042775
22.6965353668,24.8064747434,25.2749045554,30.5843314445,27.2842728859,29.2605870989,34.3932289727,29.1566783774,28.3654296612,31.3213416413
22.294688083,24.8084797983,26.3304174546,30.9205913289,28.4118019672,31.7475116041,34.4412711358,30.473012652,29.8717582315,33.2184672775
21.7959449063,23.1244525637,25.8571690582,28.9897706551,27.968841513,31.3809976627,32.5414948417,29.8583780748,30.9137456167,33.2657402041
19.6820020179,20.8240324672,24.1262448132,27.676370213,27.1353607694,31.3224735306,30.9307696342,29.7005536725,30.9058321473,33.7304544974
16.5621726069,17.383591958,20.9585942427,26.1164728618,26.0308221475,31.3581026022,29.5631271234,29.6477744396,29.776416601,33.6924523662
15.6345600851,15.1177504149,19.0514865609,24.8727789953,25.6690137187,30.7467610599,27.8849204709,29.5491342376,29.5578245736,32.6937096693
12.5949882419,12.3819230792,16.4298375127,23.4484409837,24.5411111806,30.3227384078,26.5789677499,29.1895742663,28.8118169627,32.2737157173
10.6599764864,11.2903145359,14.8751080341,23.0456655764,24.68045687,31.4464013477,26.3103060232,29.8276570193,28.5653060219,32.4214970153
12.4068355048,12.4516848113,15.7190260694,22.9305946965,26.1287600133,32.1650386975,25.5459989337,30.5710057861,29.8373970073,32.1418273345
21.9749520639,25.1613169894,25.835868834,29.4776853333,33.436129362,38.1403648872,29.7248935092,35.3180182158,36.3487617214,35.764435295
41.0657721273,49.1984950193,47.9215306062,42.5459258053,46.8232005126,49.5057512174,39.0333148794,43.2927131809,47.3941626642,44.1324295568
36.0980767982,44.4717274383,41.5691644522,38.8998024207,41.3634140989,46.3747278801,40.5815159866,39.2327226944,46.618584196,45.4539070964
34.6679849598,37.9222187041,36.2856185098,39.5979503631,39.4170625935,43.9035014443,39.6611479341,39.109203127,43.7684738487,45.125112456
37.3653757702,37.9943169713,37.653332123,41.9366448155,40.90495149,44.2372175309,40.1537904312,41.1035346874,44.4250040968,45.6788384555
35.9215906708,34.9779400754,36.2771930689,41.0528865375,39.8192138583,43.3611503375,39.7050700076,41.4535863819,43.7800364945,45.6809722935
31.2935256678,29.38901722,32.8514730236,38.0511624364,37.2609196163,41.5563616944,37.2913061269,40.5915200315,41.7712210176,44.9827495415
30.0254141314,28.6791657446,32.9946694481,36.8802992611,37.4938956405,41.8849334335,35.8169791713,41.0555501754,41.6239765201,44.8880905106
27.8140951149,25.0936433437,30.0005709051,33.8529810377,35.6990002816,39.7407137795,33.4236836416,39.8214386076,39.9892701471,42.8624382377
25.5458073888,22.0250448249,27.0784491676,32.062499926,34.5427959234,38.5914534917,31.4810192398,39.8407837054,37.5705361395,41.2494936424
27.0324156051,24.5593623249,28.7326542166,32.6115326783,36.2333405544,39.2548180903,31.4133996522,40.7158015828,38.1015215218,40.5306388837
25.4499049129,23.3512150982,27.1404330633,31.1487471906,34.7807605006,37.421358771,30.670298246,39.0999731,37.3866601673,39.0457333614
24.6654821265,22.5654746447,25.9696971773,30.7913283087,34.3292085484,36.7951034047,30.4448434124,39.0761244408,36.0513400239,38.1171279201
25.6017018161,22.7951965766,25.8200185899,30.8894818657,34.6811342232,36.2731341465,30.49859036,39.3260655258,35.3141145295,36.9048146752
25.904082682,22.9335035544,25.8137385812,30.7964046518,34.6177118092,35.5359452175,30.403999784,39.1787359949,34.6683234838,35.9605475155
28.5510765271,27.3033462886,29.173811613,33.017296915,36.6963515584,36.9216019303,32.2651851896,40.2288836422,36.1473773911,36.5789064528
27.7752887251,26.9193195104,28.5396668306,32.6748499057,35.7760260902,36.3122632961,33.0041066545,39.3769176108,35.3579607878,36.3026946482
24.9681948386,24.5579991541,26.456681642,31.8686316286,34.0507801474,35.6471729255,32.9965152484,38.2302321754,33.8567590026,36.0574317317
23.539991459,23.2410491459,25.3177051932,31.5550376294,33.1779363736,35.402309151,33.1699551129,37.3368482682,33.4981879761,35.7182445031
19.7211420866,19.8633235067,22.6171514023,29.7978811141,31.3488656581,35.4658351229,32.4002408654,36.3621837813,32.1115035466,35.9254201218
18.2309431929,17.7689684444,21.1014170063,28.2553347506,30.3674469154,34.7579624169,30.9862645583,34.9538071991,32.1261654881,35.1442043212
16.6688496521,15.2801884966,19.1705890488,26.3421924439,29.2421349672,34.0086876345,28.9211823076,34.1172548632,31.2283368499,34.4168299895
17.6249479154,16.8892760155,20.2435710493,26.3890545249,30.1145815621,34.5706511843,28.1661448993,34.2598510352,32.2072850267,34.3868280846
26.6608968272,29.2388798169,30.5902808595,31.5941247484,36.7857956846,39.5202653622,31.2022795786,37.7188185467,38.1113744073,37.5505639291
28.7015306784,32.4706760311,32.5087712594,32.6102577878,37.6481377826,40.5913307181,33.001739108,37.7914349955,39.1530141594,39.443230458
32.9196024069,33.3786194637,31.0662280925,37.3363155962,39.2652880586,41.2976927966,37.283688876,39.9879542186,38.5846836349,39.0691809449
46.5504415544,46.2039838085,41.8514256378,48.7114148796,48.1335264776,47.6337569798,45.303548428,46.7503519634,44.8194483299,42.8502234826
53.2303834231,53.2251075994,49.2957175672,53.3615429244,51.8357111009,51.0640907018,50.7243773881,49.4079706829,49.573625543,47.0471141614
52.2661140248,53.4240193392,51.7039482708,53.7407168426,51.113462904,51.8276230968,52.0155937425,48.8639479136,51.7240013756,50.5844367187
41.807346277,43.209435321,44.436874809,48.4571350387,44.7589127579,49.5480060839,49.4694322064,45.5306825346,49.1956409704,51.9477474524
31.4819467938,32.0519896225,36.063265449,43.2346118756,39.5065511477,48.1332883255,45.5144834884,43.1783949648,45.9253050513,52.2155088484
23.4415936494,22.2001089476,28.8724802721,37.0289391352,35.3303111677,45.9805271342,40.0266498475,40.4693355849,43.2437642856,50.5384916342
20.314969153,16.9006303707,24.5523079419,33.5656049295,34.3649414256,45.9000819251,35.6665401935,40.5688936165,41.8280863064,49.0298308075
22.0593851323,14.9201022219,22.7676184679,31.6399140015,35.1355296349,44.316251027,31.7063767242,40.9740624301,41.7195323996,45.7724953372
25.1256843619,17.0952529898,22.8626174965,33.6731720994,37.6030286131,45.2858778996,31.905994785,43.9788071502,41.6256868377,44.233215834
50.3731595155,46.8789409195,48.6648126599,50.0980482407,56.2382953366,57.4085785005,41.4180611568,55.4249077624,53.3228096581,50.1000235797
51.6412610789,51.0430727705,49.598578457,49.4446357615,54.9439085098,56.3281261149,46.2162597591,53.4175752009,55.1972899584,51.4115670897
69.4145051397,63.5901508073,56.5537044569,62.5575229794,64.6723581914,58.9544571915,55.6368986897,59.7930278411,57.4123147024,51.0971437725
103.462097012,92.9841771707,74.2806617182,87.063575758,83.5594579443,67.5487137829,75.5359321461,71.7686159131,66.4840901397,53.2965551408
131.391679066,116.575379358,94.3533016052,103.625194787,97.607206038,75.3337518497,90.8022891961,81.9810221998,74.6858738564,59.7767569994
136.478792283,124.138369066,107.299379553,106.751376113,97.6777332012,77.7726453271,95.2276735394,82.8280150268,80.032176124,67.3733515361
127.482206549,122.464618492,112.319295322,103.470649516,92.4554411022,78.1257938317,93.1579404392,79.0779455841,81.1695098663,73.0172501288
113.399913336,116.833306914,108.138877973,96.2985914091,84.5971601297,74.4468139331,89.6650280308,72.3863058536,79.0788318786,72.8655292451
104.803445151,108.323035074,101.565577066,91.940199584,79.1016468062,71.6349329182,85.518501505,70.0529414611,73.8105984249,71.4105013498
100.200551313,102.511569807,97.7992074727,88.7718359149,76.5863943399,71.0123869394,82.1356073147,70.1694365563,70.35610552,70.4943940418
97.6102566841,99.8572709928,98.2965121151,85.7084512096,76.7885149904,71.7390468521,78.3854287511,70.771666961,68.4361944742,70.443057956
87.5610532551,92.4482329158,90.0885341089,79.2642056104,71.2345114929,69.4164525905,76.0591172373,67.0389609797,65.8540441587,68.5922826448
91.0366773595,93.1406763438,88.010661536,81.6421567665,73.6417137017,70.0287662919,76.8661011442,68.0168798751,65.9135847115,66.6135078495
87.1547721175,88.680602117,84.2204546429,79.3929285516,69.8578213463,67.7466754414,75.6829180337,65.3451167611,66.7045793205,66.052609856
79.6953166645,79.0753771837,77.8980584352,74.9691568668,65.8054347792,66.3429593134,72.0881388124,64.2146057697,63.9799598764,65.9578392018
74.8932959499,75.1462450548,76.5700791999,71.9245623264,63.9390656847,64.7061770443,67.6818916852,61.7899283863,64.8580500045,65.5933605244
68.4155290147,68.4728862323,71.4406625386,67.2145117435,61.0268439761,64.1649754244,64.1805257956,60.7763900483,62.3723675057,65.4591424611
68.889089369,69.5115088665,72.3759061099,66.8544794147,62.2038261638,64.3684667555,62.0141573163,60.4767744395,63.7861057173,65.0448872707
65.4025560903,66.2667060883,68.9841866729,63.9653344665,60.1658227479,63.6601769063,60.1747393773,59.5192413223,62.6163048049,64.7544971331
66.2028349592,66.0609965309,67.2593390396,65.015124504,61.3245219373,65.3482692291,60.7599699079,61.370755409,62.2629350781,64.8164939746
69.5180013874,69.2095604921,69.4611392806,67.2753209599,63.9889870204,67.8691397451,62.2609301002,63.3351694761,64.5198838145,65.9388156275
66.6136442847,66.5797561635,67.6535883186,64.3773550367,62.0340747916,65.655505081,60.3843756837,60.8987099263,65.1765501618,65.2854900977
61.7658440397,60.5919059764,62.7789053739,61.7880293643,59.2694869632,63.8035835974,57.756045785,59.8123412902,62.6939767324,64.5985458432
55.6098248781,53.2588476422,56.1986093021,58.485392501,55.9419789087,62.1116652055,55.3655598345,58.8284540331,59.9120344783,63.3239414906
51.6598574966,48.4258560273,52.3702736346,56.1390939136,54.2562010063,60.9448720225,52.8771263801,57.9906247093,59.018803874,62.155056459
52.4318841564,45.9619573536,50.3147312607,54.4142187325,55.0056134397,59.4784053076,50.6534685018,58.3382465709,57.7594166124,59.3978835202
62.3410753115,56.6370579829,59.4510010656,60.8230652055,61.995068095,63.0444478879,53.0454432971,62.5110176221,61.5899854143,60.5948130446
63.2978050837,60.4569964185,62.7841637804,60.2569491501,62.4584921923,63.0753678422,54.0260774422,61.9060002771,62.7124075671,61.479955971
66.2644764777,62.0094942759,60.3587003544,63.3797546518,63.5698029114,63.8734288723,58.4578096965,63.7547807478,61.2081464351,60.3378581727
74.47908439,66.4168501922,63.0202676218,68.6283494574,68.1839877862,65.1703127986,62.6690159006,67.6224499278,61.8096924798,59.4767635578
77.1206452293,65.7276096541,64.4647819686,68.5133429688,70.6064475159,65.0348925321,63.1839912361,70.4039964027,59.3327198086,58.8449648289
86.7152151751,80.1229412526,77.893092867,76.585996665,76.8799843264,66.3943012273,66.4774643898,69.9762075936,66.2940141294,60.5747041567
82.9580452651,81.9218030881,80.4854119652,75.1651945626,72.9885459907,66.4649791034,68.2587342826,66.7526859247,66.5823553581,63.7483844383
82.1443542513,81.906464995,79.1004223356,75.369532586,72.1627719532,68.1877415312,70.3875664363,67.1241319177,64.7559727189,64.9620890346
86.9975273663,86.7904845259,83.549977737,78.185410883,74.6554736787,70.1156664734,71.9606540826,68.0452615146,66.8676072434,66.2421311717
87.0657987093,87.5611890972,83.6023124315,78.3821387384,73.5876990586,71.1226192978,73.6018913308,67.5353614179,67.8670758945,67.6003662107
85.5344756717,85.1180822909,81.0221484546,78.0270052543,72.131983736,71.788890229,74.2943264682,67.4948135496,67.9100307336,68.4236709029
82.7632631326,79.1829116884,76.9974257977,74.7539416586,70.819012554,70.1228403867,71.9972651799,67.2593700738,65.8223248123,66.9152236077
80.8031030647,75.5918948808,75.2602118239,73.4524900159,70.202950448,67.9401055398,68.953840568,66.4944582757,64.7948565583,65.3433044828
88.7126364444,86.4172524089,87.2231229609,78.7879493948,75.7388028187,69.3200641858,68.3303382171,66.8878722601,69.6013748647,66.7192916292
113.921252909,112.7150973,110.503840218,93.6909799293,91.6298397761,79.7681828413,76.7438318098,75.1895584137,75.201144062,71.4543515181
152.335944039,148.333557208,124.51168693,115.252763323,115.040344511,97.3478614084,100.345714843,90.794197275,81.5829435192,74.8483349704
188.407831275,182.350628213,148.022544353,133.999371889,134.412100574,105.701787281,115.564900812,97.9084386831,95.9924162437,79.5778495434
190.625075982,188.06780072,154.380216123,131.623237141,128.820549955,105.742087803,120.179616891,94.8617021807,101.753774151,85.0030432722
186.105894524,188.334725338,157.427120141,131.076805158,125.033264387,103.187059439,117.573753579,91.2831131674,102.413176795,86.6573471549
185.605803241,189.115136421,170.792280409,133.865363459,125.908791895,103.799641865,109.897794288,90.4126156436,100.30846089,90.4906504475
164.750937604,179.77734513,162.832041515,121.508385482,114.685803796,105.385536211,107.6421295,87.2277141806,93.3186521736,93.0495431522
174.126674742,189.689803093,166.209776923,128.192351636,123.33708928,109.648867975,110.115687724,89.2567126865,94.1915644366,91.3765426234
165.740503537,187.760264327,162.320477956,121.217282817,114.947181799,106.284135419,110.196339514,83.5530007294,95.8593355178,91.5330164989
167.297397994,184.177023215,150.432426976,120.027758456,116.78338775,107.190361014,114.535155944,86.7180815227,90.1095281038,87.0627406627
169.052125684,180.893962098,146.442869154,121.023772562,115.763795034,102.97279594,114.896953233,86.4476396561,91.9015391557,85.0478182099
157.944165414,169.761018496,141.000286768,115.400840504,107.356705662,95.9083904295,110.090644562,81.2764528817,90.6248301462,83.9349044809
138.450416756,151.134414591,130.208053898,106.056889008,96.9328365442,87.4421401162,101.408836658,75.7058666442,82.5182004236,80.6819310906
113.401636421,127.729254214,114.706666611,94.6564420561,83.1967003704,77.5631020011,90.8267161228,68.0459540386,72.7254622657,76.3523249282
93.0357733563,106.351498843,100.125545522,83.85104782,72.2638852985,69.4558473375,80.4124568503,61.4037899287,63.4983008724,71.2119317758
88.6944489054,103.157569933,97.9845833343,82.5068553725,69.1583669915,65.3368784321,75.3327591454,56.7921434863,64.5526004797,67.8097353317
83.0850564446,92.6235213319,87.4255795578,76.3242162388,63.8846850235,62.560362665,73.4577773174,56.1418778131,59.217385812,64.4810759878
89.1136550018,93.7663412871,89.0603105623,80.4067361757,68.1613930846,65.1121811806,73.5625559162,60.4601721633,60.5099414887,64.3479004522
84.8187701965,89.9571504952,85.2808961586,77.1488102774,65.4225375121,64.2015502934,73.5996893363,59.2988751571,61.7935814818,64.052763608
80.4474660556,82.7287819717,79.5986528609,74.5335171009,63.27574348,62.8551559927,71.6484695204,59.1404329175,60.4834406246,63.0376317593
98.3571340034,98.2342626852,97.3357744829,85.3869956657,77.091370172,71.6589521404,73.4010745132,67.3909724958,66.4598651713,67.1583804001
94.1547100393,102.317611446,99.4931172436,81.6497420973,74.7910982444,73.0026997326,75.5786161089,64.4061604021,70.44910581,70.2190481508
109.464231164,112.931537087,97.6971985453,91.2442052888,83.8189638892,77.881837898,86.0303753014,70.7735431944,71.5252876117,68.245033356
119.368463869,114.641269456,99.9346028848,95.1973146894,88.4441304407,78.2907198965,89.3640686573,76.1004797213,72.4363751976,68.4026536403
112.296741735,105.158479792,97.0967350514,90.3537714939,85.3494544679,75.2949711419,85.8775288472,75.8706744911,69.0923553878,68.446332034
98.0443893829,93.2061396805,90.3888275609,83.1422881085,79.3996252618,70.257109641,79.73891505,71.039568184,64.1465692722,66.4259822881
91.0712179193,90.4101652571,88.3615572209,80.410660365,75.5496452211,64.6876366635,75.0782174674,64.6854193699,63.667808312,63.1124892296
79.3256906308,80.1223561664,80.271953034,74.1861186626,66.6217486587,60.1601203632,70.5379632944,59.4443074668,59.0026330133,61.6040646259
66.9308339572,65.6975966705,68.8187244008,66.4752715025,60.0935519587,59.5308986301,65.8889163115,58.3372195656,51.4440025541,60.6793331999
60.895610526,59.7995653076,64.0821322491,60.9850653364,57.047300476,56.607811712,60.4022359536,54.4864299169,51.0900482375,57.4059325467
56.556502866,53.9338434317,58.5601878946,56.9351572081,53.5761847633,53.4818520433,56.0623769015,51.5726991893,49.7258578818,54.5092616285
51.6884907657,46.376464544,52.1214893661,52.4877598437,50.9486220789,51.9069013403,51.6554701159,51.1521526142,45.5399399963,52.3310102944
49.1629672944,44.150244265,49.1608693671,50.7698268871,49.4710185118,49.588364167,49.0391120847,49.1155222847,45.8869465152,49.7260051636
50.385665526,45.9907437088,50.3691727085,51.053056475,50.2466335424,49.1837141318,48.0575665584,49.0177770188,47.2101370244,49.0701614318
51.2353609514,48.4372335815,51.8325759278,51.5771219458,50.8948151836,49.9311479466,48.5694736686,49.5747178189,48.2344084117,49.7487197512
50.3341949622,46.8270554468,50.0913451462,49.9743321138,51.059098822,50.5975528973,48.0997591818,50.8237470176,45.8101044902,49.7355628588
48.3477525708,43.8634002169,47.0883564558,47.6171377873,49.3542462115,47.6782973098,45.7240827409,48.8664124768,44.151078602,47.1906434947
49.0074335422,42.7358027195,46.1955855421,46.9890096433,50.7191467888,47.4863155943,44.0929803723,50.0110201596,40.860359414,45.7315648334
45.570077109,39.5912342811,42.4027225559,44.9857236817,48.9145049165,45.5725831476,43.0565880941,47.8761251895,37.8248955912,43.261306694
47.2684429462,42.6197497485,44.4419418043,46.1109030289,49.715098211,44.0368274113,42.8922923744,45.8916693313,39.1159673894,41.6280741401
46.4644991106,43.3757163183,44.6124833223,45.6528807962,46.9697413766,41.0539065502,42.8708972011,42.7700187007,39.7224895923,40.4217171495
46.6419063608,43.3019831592,44.7375251663,45.4374763761,45.3325820505,39.4512975362,42.7890487113,42.1144983995,38.7078540952,39.802898463
42.6094691271,36.8669817374,40.2119006678,41.1841931013,42.5653493757,38.4927923731,40.041147051,42.3143334207,32.5516088577,38.5842282895
39.6110836272,34.0282412688,37.6790446945,38.3071339815,40.4748088029,35.9669879166,36.6626777077,39.3185154112,30.3562558897,35.5848691873
37.8011833804,32.2819087369,35.6233090945,36.1552375805,38.4576386811,33.4548685493,34.1268178493,36.5456555404,28.4443348195,32.7738935533
36.2980881038,31.3357360357,34.3023419736,34.1015714854,35.9971462674,30.483551688,31.8204428665,33.6091909314,27.2714889689,30.2111787916
36.2881325438,35.1883215873,36.7273344888,35.0514336349,34.9228301228,28.6713518967,32.8382841487,31.3831498555,29.8292714266,29.4671031257
32.0359163011,31.4968335548,33.6150920862,32.1303963857,31.3424785307,27.2576524758,32.2159064138,30.3076696728,26.7707601577,29.2526433012
28.6690121507,27.3636042705,30.330786615,28.7689979753,28.5378030007,25.9034498232,29.567452749,28.9167774027,23.8057846191,27.9031132987
28.1965888828,26.4044080986,29.088872895,27.3195667165,27.4269686222,24.4593943834,27.7552292789,27.6344148956,23.1733131273,25.9746838647
28.526929091,26.3687915986,28.8160903009,26.0420534705,26.5153210799,22.593681797,26.2219353167,26.5317272014,22.9196816284,24.2009808378
28.4706631666,26.6094378833,28.5996595357,25.3329989385,26.0234196118,21.5333367903,25.6304077774,26.2117589572,22.1244740782,23.135429189
27.1882725272,26.5885582485,28.2065901578,24.3767204183,25.847564235,22.1871715652,24.9833193274,25.8210990873,20.6043312878,23.1277161528
30.5293793869,33.9396904934,33.409880339,27.6045001001,29.4892258107,25.0048965284,27.9093587318,26.0278568013,24.1169075759,24.6608860569
24.4380923485,26.5644612572,26.6929018224,23.9034015247,23.8597685415,22.7074240744,25.6124027444,21.8598920251,19.4756889856,23.4657222096
15.7319488589,18.2679651452,19.7233697344,19.7064205504,17.3412304154,20.1555468407,21.017126967,15.8778955467,15.8736270767,21.5440064094
16.9716691785,17.7284841237,18.8086729633,18.6932698087,16.4510182291,17.8962835878,19.1774039149,15.4889617828,17.4019080322,19.0317900866
15.2429559996,14.5139683812,15.9347544156,16.6288698611,14.8056615614,16.8949568452,17.1191365281,15.1866057013,15.5003894678,17.7956720509
13.1573724029,12.3853091737,13.6403031943,15.0006580816,13.505512599,15.8434494972,15.2462088435,14.0938929695,14.5253599173,16.2398678238
13.4324911083,11.952394248,12.9289891178,13.61162883,13.1385196657,14.3284653576,13.6591850996,13.7287072165,14.6057530768,14.5361541534
19.5343381305,19.6401581059,18.4550124936,16.7354536302,17.9566731426,16.052846309,16.6195439334,16.6101986127,18.3276262242,15.2145293024
17.4451739082,18.0842348597,16.9893131848,15.7442351472,16.4839447905,14.715445506,16.6027587546,15.5674059088,16.6366693772,15.0828605747
15.922476503,15.6219976291,14.8525750452,14.8203574674,14.7068991326,13.6386773015,15.4806478741,14.3633887545,14.3011457175,14.1482656331
15.8374590159,14.8357342834,14.2630635325,13.9791209809,13.7400227466,12.3186872617,14.3866010774,13.5558312295,13.7002625683,12.9008511084
13.3152580552,13.0561422182,12.8179058523,12.3686602663,11.9773591435,11.1291711711,13.2511507969,12.115575176,12.4897778489,12.0198572365
9.3736155105,11.1134252812,10.7699135369,11.1358638456,10.2431765842,10.4204376576,13.0683090336,10.5210163827,11.4404513671,11.401875679
8.69930463296,9.86015609571,9.52067918161,9.91872884712,9.20295723824,9.90539325154,12.1657824767,9.99818207337,10.7424225389,10.5407221074
8.84486891176,8.95667272608,8.72106706452,8.51149622319,8.37714495057,9.05932265861,10.5591320445,9.51979820754,10.3075964123,9.53030610725
10.4840187392,9.27409186528,8.79029141497,7.81220893743,8.47770225656,8.28589634021,9.29135040448,9.65136073513,10.1875861206,8.44503169378
13.0292396181,14.1823169033,12.0038998571,9.87870970316,11.2698426892,9.97885061467,11.2411236252,10.6496792257,12.3395392371,9.2875804036
12.9048399891,17.0836738282,13.9579187528,11.5170978427,12.4189780453,9.96843051054,14.0973996611,10.7717744132,14.1451520217,10.1781944645
12.4655007655,19.6445739802,15.9272055094,13.8439467464,13.7729965642,12.099735117,17.6044484698,11.4553708251,15.2804533708,12.6895967941
12.133622356,21.6334681316,17.783818408,15.5514208872,14.608465465,14.5301009901,20.1519756649,11.676165969,16.9325486829,15.6092970972
10.8110898043,19.2440772405,16.1871181108,15.2988532952,13.2696807542,15.51235494,19.9479053881,10.941858916,16.264562185,17.1372562411
12.5467145338,19.3820281957,16.7203017371,16.1931913438,13.7696051214,16.2158006948,19.8830394785,11.8501196399,17.7470012028,17.9665078948
10.8219786399,13.3024510796,12.5607968839,14.0040901287,11.0106167132,14.5213991627,16.7237129463,11.1301612092,14.968669815,16.7830225054
8.2234030074,8.85532674811,9.33501525216,11.9879677308,8.86430920403,13.4317011202,13.3420676762,9.98694847519,12.9995477804,15.2160903837
8.47260485818,7.7925536658,8.36103414807,10.9653444346,8.84775027401,12.7901676295,11.3577990362,10.2759956285,12.9034854347,13.551892692
8.38945996375,9.61717406165,9.08657115126,11.1169865243,10.1013895032,14.0189987803,11.246113985,10.4350432286,13.7180759322,13.5942364142
9.37663759452,9.8375446608,9.11538302349,10.4362809983,10.4589501779,12.0144493692,11.0389828161,10.7930007572,14.688740502,12.2205569192
8.10164928967,9.28295547621,8.12499476807,10.4617609368,10.3656400575,12.2091691783,11.369931216,10.8560643604,13.1636341161,12.121903257
6.14580677022,9.13477486353,7.53555345503,10.5462950081,10.1090178793,12.1973824693,12.149441813,10.2131538864,13.1275078789,12.0864138939
7.35442923437,12.1339720909,9.65593400717,11.8624545921,11.7956540697,13.8689050021,14.0073956378,11.1321105227,14.9247488967,13.3439683686
7.77559405025,10.2151666187,8.36864742586,11.0819282595,10.83329101,12.3622629711,13.4326426971,11.0781729509,14.1505127943,12.6284397941
5.9708337933,7.12404318331,6.18826157399,9.62418393086,8.9675904659,11.4339917516,11.5032891045,10.0839345676,11.9917086586,11.8923782576
5.65393121605,4.97874698236,4.3422875305,8.25411913071,6.9340336613,11.0570848658,8.3403728004,8.54239305566,10.0949870656,10.5409267733
8.02307819993,5.46766171661,4.67057141885,7.40723743526,7.06932959337,9.88365364386,6.24725030348,8.57612864262,10.5998053834,8.87804161597
12.1781759161,11.3678061451,8.88490012325,9.25706398511,10.802490891,10.8696181117,8.22881295601,10.4141798155,13.3901012992,9.23470745321
25.7151923796,30.9749790674,24.8956204252,19.8157314138,23.7963053182,19.6985075049,18.7286403985,16.9376079276,22.2298159874,15.4193700586
19.5285740955,25.9645323933,20.3240476686,18.2667795305,18.1312996258,15.2341454708,19.8537679377,13.1797844055,20.3525450679,15.8543165211
18.7310156412,25.8015711649,21.398190551,20.3417987553,18.4362978122,16.896105589,22.1926519198,13.8137928879,19.7470226284,18.4920243252
9.91525077132,14.7356729123,13.5816055296,15.1149933381,10.6820509976,14.6954935851,17.6438504445,8.83432331133,13.7439051194,17.6425447592
5.0423185941,7.22624792685,7.91251510744,11.213542614,4.3978401654,13.5037890183,11.2463117243,4.54400542329,10.2594678112,15.1449635433
5.07266457238,4.18792537777,5.32860126689,8.29415703918,2.05784366978,11.9628574318,5.96117527348,3.98107671081,10.1998701479,12.2046521079
21.7236157716,24.4656173326,20.392767766,18.1640677548,17.6428868669,20.3772244402,14.9987283661,14.0631609082,21.1494104624,16.0557561143
18.1913656561,19.565073239,15.9271322997,17.0508323523,15.111342885,16.9750896327,15.4016286816,12.3373751214,18.4662582373,15.4686937476
19.574038366,19.7868106756,16.4091514307,18.7780446102,16.5318859295,17.313260184,16.4362862321,13.0901537341,17.5097235841,15.8734690435
23.4899302012,24.7649163173,21.0895748173,20.6676132943,19.3174183901,17.4999739835,18.3871085359,14.7311161926,20.6701088297,16.8319403203
20.8225736433,23.5753770337,20.7896851192,20.110738828,17.9395608038,15.9024189527,19.6281058103,14.3035841304,20.3172971496,17.4039753643
10.9238536544,14.3131155347,13.8468832872,15.9865995042,11.9260659826,14.6349760925,17.3156094328,10.4198177009,14.3648911117,17.1984138214
4.38055109721,7.86389947733,8.65163261008,11.9906217533,6.83339852516,13.4758739079,13.2737333919,6.73223868123,11.6393777903,15.4754022852
2.01552397906,3.50413676584,4.92591297908,8.33875546334,3.35739337235,12.2034347819,8.50387512524,4.9670115932,10.3026719394,13.1217033944
4.45021799975,2.51762304992,3.54929353759,6.55532263552,3.18332576612,11.1705986538,4.90624086004,5.85362140761,10.3597487999,10.633568638
6.57112452865,3.13451516668,3.44518774365,5.10414314757,4.25045118255,9.58427478725,2.58469424628,6.60457675237,10.8264805487,8.51430968818
9.86188905258,5.77318539473,4.84069083237,4.93547752098,6.58802388548,8.19141842255,2.41241789322,7.99886184075,11.4009009108,6.87250231134
10.9679504456,10.3253622546,7.4107198638,6.52799972274,9.148303718,8.63013244401,4.99955240753,8.47090217615,12.2470152321,7.07989105401
10.5959619033,12.0110866541,8.39995004525,7.30760735184,9.64013771486,7.13569519791,7.61368272467,8.45846973636,12.3739351797,6.79646206342
9.76956511245,14.39080367,10.3304246055,8.55938259118,10.397816655,7.52026352438,10.917028551,8.71769522358,12.7021446902,8.02032020058
12.2224797248,20.7776941206,15.715706797,12.0120985868,13.4526651762,10.9883912334,15.6268194823,10.2007766437,15.6306031399,11.3820957015
5.90362615796,12.9303693439,9.784786585,8.93293916907,7.78102221501,8.6331781467,13.5017411759,6.52398510746,11.3524991089,11.1736562962
0.871593896526,6.40619863275,4.8602842302,6.54372752931,3.16044897858,7.5915621889,10.3130822827,3.49090886483,8.25789807213,10.1979810449
-3.48752467471,1.30680906748,0.838849260382,3.53597353649,-0.755022800366,6.70787973025,6.48137090297,0.90241917786,6.64529398275,8.76555624171
-3.78687614579,-0.665403077476,-0.906684188118,1.95999842979,-1.0384327453,6.11101982009,4.65536714861,1.71388665896,6.88669830495,7.19903977142
-3.76185329806,-1.58243300697,-2.08988896156,0.835897693482,-0.837747204936,5.69047640489,3.1112501754,2.2130469737,6.87857123728,5.88934670043
-0.0109319945326,-0.374690593945,-1.56582992691,0.883528496712,0.906348345789,5.43525789276,2.17868971458,4.03491810493,7.45419745609,4.57176627237
15.7758248709,20.5450437839,14.4802036245,10.6388881584,14.3470875901,13.3652424851,11.5371483015,11.9082505409,18.1904456783,9.30856919084
11.7285992551,14.4610963161,9.88234599993,9.13431540223,10.0298569122,10.0341970519,10.1319911803,8.48081714023,13.6881671556,9.14080093991
15.7088873926,19.8756253069,14.6768340718,12.3946867031,13.2898983983,11.1751785443,13.1975876665,10.1327181569,16.3891322175,10.8189207803
11.3509566742,14.0994179541,10.4671254809,11.6639747004,9.60895866992,9.74857740282,12.8115897216,7.95872761109,12.1541213501,10.5980602404
6.86142098082,9.12802820573,7.54968957207,8.20431421734,5.55218636335,7.55243728651,9.55193389164,5.31750115342,10.1929990144,9.5562175936
18.5717087216,26.51847578,21.8990955114,16.3709323763,16.1455396609,15.3905338835,17.6988136761,12.0775049078,19.8979890387,14.3815493425
17.6490845093,27.6046883185,22.918961731,17.1926043819,16.3965084841,15.7909047242,20.5835415992,12.1114972165,21.1364299073,17.1555984783
14.1715500355,21.6005420821,18.5722002214,15.7072479246,13.4324055261,14.5668700503,19.4482803948,10.895043923,17.746829879,17.6955058383
14.4885334614,19.8247152471,17.8506423806,15.4270547043,12.9930658466,14.5056894593,18.2234429354,11.2898111697,17.3238059262,17.7374173959
12.8304550931,16.2291546261,15.5325320926,13.5738698204,11.3211537572,13.2233660818,15.9781605955,10.8243250294,15.9541148951,16.8266264129
9.46737407826,12.8548104696,12.879085204,11.8941371914,9.86088406385,12.2998009811,14.455958209,10.1556768939,14.6088754297,15.9373340731
5.19146648886,9.10593462876,9.44125396857,9.77114369671,7.59879810332,12.3166139771,12.2401339945,8.44810936926,12.4194770657,15.1326173246
13.3081077002,20.0538391935,17.8783364185,14.289321018,14.3135564305,16.5430204474,16.244802705,12.7644728095,19.3857241702,17.0275639016
11.5696217607,17.8627235672,15.7392697637,13.5592314343,13.4060351309,16.0843951705,16.3081940285,12.242949053,18.1223420264,17.6681174058
8.20994476958,12.1473181325,11.0993698918,11.5916734754,10.3916915038,13.9524820244,13.8693078377,10.5051967454,15.0433363541,16.2843992168
9.48164526749,11.348047663,10.5483945688,11.4394686892,10.6814950347,13.0983666572,12.9553380636,11.2959470666,14.9408816718,14.9465049006
7.98296467617,8.86781235124,8.71525713118,9.91314960281,9.61716948256,11.6848401582,11.4447319038,10.9265027293,13.4825459004,13.6037489534
7.32270267518,9.55711009992,8.90803419965,9.73576385443,10.1130051271,12.0489472134,11.4841440178,11.0273510167,13.5458857727,13.2902153502
6.20240066246,7.36131926362,6.87330324341,8.26548402914,8.58726523258,10.9720930061,9.76486311648,9.99940035861,11.8341605178,11.9280320581
5.6096211323,6.55656939048,6.00678038897,7.31525199937,8.06771817874,9.75401307165,8.93189319748,9.5066199827,11.4079271222,10.5821051592
5.88548891642,6.30999448658,5.43956068765,6.92821308688,7.93239876634,9.12803229218,8.49932526803,9.5322758531,10.6242014843,9.47777433775
4.13867282939,4.88809146371,3.77725156421,5.96330689114,6.17538512024,8.76052963247,6.91853393664,7.75104561133,9.01824885456,8.52493589951
15.8663092713,20.8452206953,16.0472906793,13.3437644199,15.8249826133,14.6021351064,14.1563780026,13.2977190508,17.7723208549,11.9542623229
13.4486056699,16.7714156215,12.9553956799,12.199563989,12.7658901876,12.7969517347,13.525957367,11.0218723455,14.6572205459,12.2230788935
14.2575704139,18.6517296547,14.9052924784,13.4077753367,13.4532641247,12.359467545,14.7791496045,11.0698190391,16.2646103787,12.9354888903
15.465905918,20.5604541583,17.1042926529,14.2431783245,14.378215824,13.8963672532,15.8291364272,11.4296651398,16.666143347,14.7656329561
14.6201940223,19.5359626923,16.5438137442,13.8262561741,13.1492385724,12.8819415827,15.6947569118,10.7280074831,16.5138780329,14.9043999718
14.3677864656,20.0943650113,17.462611479,14.1516666867,13.3388771506,13.3603451608,16.3286799441,10.9802657362,16.9831657744,15.8482060588
15.2909564969,21.4207534051,18.8408016756,14.7948697181,14.1132038978,14.3716019482,17.1262382736,11.6649540273,17.7204465442,16.8975208924
10.2786542553,13.6171755837,12.740975406,11.7356334779,9.20454178338,12.3193797906,13.6657107333,8.89970465687,13.1037548806,15.4144070744
6.116813386,7.94837154352,8.13271265284,8.93125775856,4.9531527881,11.018827267,9.24894478502,5.81331900397,10.2524461135,13.1849927748
7.03038186025,7.70723499786,7.57923636623,7.86189369116,5.30517213952,10.295515579,7.57386230775,6.54727823507,11.2092720807,11.3106686154
6.21988735626,7.25393550426,6.65851997867,6.85853256214,5.54920063184,9.50809358664,6.91440236077,6.6494199734,11.207914988,10.0972167169
7.27209958982,8.73539651882,7.16083755101,7.18575673321,6.97015322944,9.50280318529,7.59676311361,7.55872643884,11.7923633539,9.50445617345
5.42827681365,6.53666165828,5.08078116492,5.80012620218,5.38738062287,8.1329780886,6.27364530452,6.2774497029,10.0912781052,8.3637409011
13.5558130229,17.085944733,13.0128545299,10.7212164357,12.2094965733,11.216257626,11.6482540099,10.6562329682,15.7009624905,10.0415896369
14.6840549302,19.4632291325,15.0895659289,12.5681242804,13.6589794405,11.5014099031,14.6175295843,11.4729373749,16.4004560395,11.5521079161
15.605615974,20.8752263053,16.8000741524,13.9202593155,14.3519949603,11.6578514556,16.61565355,11.9947717009,16.7370012325,12.8607316844
12.1832706063,14.7451607559,12.4999072882,12.2529223169,10.6125840775,10.560566174,14.6838889966,10.0560850938,12.2948509345,12.4200459218
11.2464891687,13.288115354,11.8368550144,11.1549014857,9.33276794107,10.2136363468,12.8623529867,9.00393723746,12.030865062,11.8566159404
7.61960818952,8.84725747351,8.53319340873,8.07578687338,5.71312940592,8.83294645477,9.21065572909,6.35559332445,9.84699538231,10.5526697537
4.22773897992,5.49315406738,5.40757356299,5.66269059671,2.79591261135,7.82296975009,6.12019275988,3.99574418325,8.36446147607,8.93847219801
3.14303531907,3.71288721981,3.29749227597,3.92218225291,1.20641016625,7.03271635827,3.64332320397,2.9281361908,7.73223480597,7.23126124262
2.88842176058,2.8361354644,1.8900833938,2.58172889251,0.503954230129,6.16817279799,1.73886564065,2.4027843774,7.47659405882,5.6805236222
7.47288088787,8.91140952318,5.89911014665,4.2206910619,4.92878989453,7.47882786175,4.0443805459,5.08936459227,10.9624705477,6.09704913487
5.771440986,6.92042442613,3.81187432809,4.06354702737,3.61210449862,6.02530354189,3.74642936691,3.75072447839,9.02529871502,5.25529254432
5.1419976311,5.77071741812,2.6926885412,3.72276570708,2.53839033886,5.10875464531,3.22250522026,2.9617457451,7.93311083697,4.44338521647
7.92134005925,7.90887801895,4.67635678396,4.16686697279,4.68529401308,4.30237899295,4.75234650024,5.06635900388,9.10295253052,3.89918996924
8.771198431,8.36272174153,5.21193147008,4.38332843699,5.06183492767,3.85704718694,5.27688172778,5.4096202452,8.24908221698,3.58743952199
10.3948160123,9.36464861147,6.18144291225,4.70696219347,5.4585296725,3.59153037208,5.50552311707,5.65488951,7.89548971829,3.26826608887
23.9434261631,31.1260947977,24.1544238882,15.9520585944,18.5921233656,12.6371409109,17.2879391065,12.5293929152,19.1203169096,9.61588123095
15.6611307305,22.2541340443,17.1278577665,13.3603192535,11.9415540776,9.36645921117,17.0307864778,8.24723265648,13.9203665652,10.392983882
10.3823523889,15.0868666516,12.383148301,10.9624483313,7.17776778713,7.34106864176,14.3593321488,5.53383867025,10.5600038116,10.0005865634
7.68572049158,10.4118004025,9.29439992192,8.90518091642,4.4124330272,6.73017245556,11.7940806748,4.51614937542,8.77692515585,9.2372420165
6.19073913803,8.01003077172,7.65607070332,7.2761174099,3.61001806639,6.329782755,10.0724822143,4.64080991196,8.52426544487,8.33485297422
3.26028118876,5.37057108762,5.33770169335,5.40249810457,2.33775061898,6.00422675157,8.26555898142,3.79457939048,7.72256645205,7.51717043893
4.98255697673,7.81449393444,6.63102823987,5.77369879024,4.18986303274,7.54411105913,8.39675065082,5.01922297223,9.57196363232,7.78450318031
13.8736078316,20.3507601401,16.4436033561,11.1970995638,11.9915631145,11.7175669171,14.0112548617,9.86699079056,17.1044389457,10.7749430286
11.0285974893,15.4640769421,12.5578580896,9.77606918794,9.59246335054,9.44642723467,13.3418584081,8.68603802404,13.9393973104,10.7486681366
10.9072304783,12.7226626617,10.7505722318,9.45339198698,8.72357939618,8.05918926479,12.3826893676,8.77765444493,12.0307803639,9.92844679005
17.157656916,22.4834668162,19.0788116344,13.782483345,14.5828477493,12.26834906,16.4074523454,12.0320854976,17.1960281577,12.8795494972
23.2533705499,31.4202672554,26.5880655869,19.4473910572,20.1478920091,16.9093997406,22.0100711841,15.0036856659,21.2921489438,17.0059095682
20.5601139409,28.9299711851,24.8129567758,19.4074122437,18.0778770667,16.4291062195,22.8414705031,13.5761230389,20.2084238989,18.7074261955
17.6144861429,25.3643512887,22.7057421664,18.3786303088,15.7003123928,15.2949795329,21.9383820667,12.4731163847,19.3080157179,19.3060360862
13.0599871484,18.4966768338,17.8874774676,15.4719549269,12.1342829366,13.6967795081,19.2976294907,11.2016751903,16.2318869467,18.6689251286
10.8499998433,14.7164610807,15.1888382451,13.82619159,10.823581652,12.7861094296,17.5528152639,11.2596217507,15.1762039989,17.4894331273
15.2755614013,20.6060698606,20.0046189321,16.359605436,15.1304920569,16.5537918372,19.3512370316,14.4500551821,18.6319052851,19.1225971457
20.2792932964,27.3127794704,25.2429805455,19.8703485006,19.4418491864,19.5389685207,22.5185939024,17.1046818666,22.6657361899,21.2232941745
15.9653493175,19.9231497931,19.4544606391,16.4232679518,15.3845251794,16.4083382485,19.6785891764,15.1127174651,18.8793966169,20.028834679
14.4002376092,14.7668650495,15.5273563695,14.5907211121,13.2813639691,15.0530438839,16.2480728645,14.4766293732,15.361051794,18.1162572034
13.5377354095,12.6638595384,13.73311863,13.150135194,12.3716113993,13.750966612,13.757333356,13.7337819235,14.3042477248,15.9592947566
14.0260401688,12.4753231292,13.4376075543,11.8469575694,12.3682446126,12.2443576314,12.2381773039,13.5738571243,14.1398841187,13.9912498433
12.3875377389,11.6062372569,12.2063948589,10.5022385525,11.6018308612,11.1071892552,11.3154406745,12.8534879446,12.8613076129,12.6243512414
11.568553187,11.8780382093,11.8276943446,9.89830628997,11.4460774846,10.0519654066,11.5114984929,12.37245043,12.4793597955,11.3948135083
11.0578748847,11.6553135193,11.164536525,9.33012644541,10.9752508987,9.31303330939,11.5310660472,12.0119587411,11.4785815928,10.4593617853
11.2213269798,11.9303228776,11.0686126586,9.11381668772,10.8097660991,8.62225196275,11.7065733546,11.7488093426,11.0078015023,9.6187148262
17.5380201937,24.4015923986,20.8995293708,14.9305082924,17.4411941241,13.9896383795,17.9075354773,14.872565725,17.5626439565,13.4151955102
16.2644910877,23.7263187927,20.0082639997,15.2478722499,16.1166383795,13.2817336279,19.6714094358,13.8172517266,17.2212821348,14.6198186889
12.7744432857,17.6188667137,15.8139310477,12.9116054538,12.389799639,10.9617265647,17.5463819811,11.9437376982,13.9905565295,14.1013831039
9.27257326432,13.4195759687,12.8409058615,11.4273842968,10.2256060837,9.79132004597,16.2480554119,10.8846025941,12.2146653313,13.4516996345
7.60954060796,12.3320601683,12.0700852351,10.4405938213,9.60458446716,10.5345457877,15.3350459854,10.5129209605,12.024057221,13.5544351887
13.8665235169,22.357024903,20.097851515,14.8861103216,15.1944715131,15.3162586893,19.2999017719,13.7258482833,18.3528344928,16.5143235102
11.1401556493,17.0036674698,15.5664680846,12.8828227591,12.4594039655,13.0836372954,18.1433221707,12.4887833535,15.9605863802,15.9932029545
9.07527850497,11.9420938549,11.8436788458,11.2529334604,10.3213041499,11.9210964922,15.4359425183,11.7327693353,13.1072060393,14.9413413682
7.03577126926,9.25920862408,9.63946933322,10.149977468,9.2569300253,11.2066974832,13.7720269079,11.0231886313,12.1309859584,13.7293131816
7.09115149969,8.40866266267,8.89855625598,9.39067039063,9.32653298981,10.6018735547,12.8274542976,11.2706107204,12.032782376,12.5101248086
8.84331279932,8.68854878644,9.04081298739,8.87383959766,9.93082834514,10.1674660145,11.815202028,11.9921214564,11.8907989557,11.3969166171
9.60403718478,9.58517719456,9.52200343403,8.60415110512,10.4817831021,9.55842902868,11.4501632923,12.1354770944,11.9525235213,10.525506573
10.9061596545,10.3952248021,9.89860373816,8.59357408835,10.9064056189,8.93538479245,11.2305262915,12.3613362476,11.4935307332,9.65074304915
8.53391681094,9.59851893383,8.82323817862,8.0573462703,9.83509575181,8.30366249102,11.0461856416,11.0794638711,10.3087389438,9.12457673228
8.31489031251,9.65743950224,8.54143269589,7.81089531216,9.3753676059,7.78687077994,11.0819757819,10.4345142463,9.84444118981,8.41143455597
33.4545737221,45.3837849585,40.2587401418,27.3198456535,29.6199489089,24.5032752503,27.5373063232,21.8996219076,28.3079397287,18.9906344346
22.367145135,33.5988471504,28.7991773589,20.5037156447,19.9437952645,18.9610738762,26.6104823828,15.8327208163,22.7662291863,19.9113268885
20.0900833117,25.8728143663,23.2057129828,19.9085429746,16.7273405751,15.9002872898,24.0047285845,14.6970183698,19.1336348033,19.1107858259
18.8294903066,21.0624332432,20.7609657511,18.1557173343,14.9032282703,13.7987004187,21.3953794829,14.5737691668,17.4201737847,18.0309170777
17.5070766978,18.7205856247,19.8013365516,16.4044883255,14.2981548528,13.195521913,19.4467914573,14.9175500732,16.4166864878,17.4516105821
18.2457520209,23.8360425005,23.8286649448,18.4102818811,17.2823295626,16.0049256622,21.8359135961,16.4871108382,19.5993087143,19.2561899307
25.1038069513,37.4803317116,35.3762472539,25.7525433868,24.8154382313,23.9901590944,28.9612546648,20.7642397506,27.0971021668,25.2195779919
18.4297924009,27.9019810439,26.3739210395,21.2415183849,19.1427885127,20.6893553549,27.415809793,17.8101822318,22.9493928713,24.8088857811
17.6350323081,22.2655751106,22.1362621759,20.9857153867,17.8322976356,19.274027605,25.5411177757,18.2041652953,20.8058730835,23.6536708293
15.7437291345,18.0322524045,19.4950750411,19.5899143931,16.8713594699,18.5377468337,23.4995861214,18.5281864506,19.5395155834,22.84006486
16.8329787714,18.2259885938,19.8209415157,19.8747374824,18.3762131929,19.6768824903,22.9616704728,20.1758833248,19.9932000523,22.5854404259
16.0370641133,16.0248427952,18.4317193755,17.6674722686,17.5682583894,18.1486319228,20.5514210255,19.594010124,19.4579638116,21.1341273039
17.0555708217,15.3812959125,17.7741905335,16.6918196034,17.8425734623,17.2249054658,18.7981243229,20.113905387,18.4969563388,19.5966048096
16.559498611,15.0949261613,17.2023399884,15.6351770697,17.6188375369,16.0725124933,17.5401631051,19.751689819,17.6551971436,18.2226855905
17.4118800111,15.5892097987,16.9260583558,15.4636701032,17.9773317029,15.5917361687,16.993948819,19.9718686639,16.469388021,16.9077609177
16.750629538,16.1868814438,16.9096819305,15.0416576927,17.5307617718,14.3853223255,16.8787836419,18.8297823699,16.0740157004,15.6744501604
15.8116780793,18.1694317136,17.9768550559,15.5102182321,17.7454786149,14.5752334047,18.2935063943,18.2991466542,16.5445877013,15.8976442671
14.7602618254,19.3096372352,18.5880390964,15.5846948066,17.4110919099,14.6536021215,19.5510973181,17.5739917392,16.9766034853,16.4515838093
12.2070796281,16.1613773962,15.9776488802,13.9303943772,15.1383340265,13.3390173386,18.8037640808,16.2212573286,15.0778718495,15.959393874
9.91303871481,13.3281494225,13.7513852603,12.3458837721,13.3173604256,12.3882067832,17.4953118211,15.0908362948,13.6034056796,15.2654775401
8.77049062755,11.3452086913,12.0385954147,11.081820307,12.1264239438,11.7558588867,16.125744515,14.349461152,12.5163802721,14.2711155277
8.02505296609,10.4211280189,11.0248194492,10.4886958494,11.6555590346,11.3914231108,15.4229164271,13.9293202896,12.1850539636,13.4616138614
7.31479639785,10.5933691266,10.7635003951,10.5469928148,11.7831804182,11.5311682224,15.6895713021,13.814241798,12.5078431562,13.2146615429
8.11109635996,10.4924882258,10.6385530255,9.90408270384,11.7154977316,11.3090830859,14.8447357416,13.779530947,12.4385303424,12.71742635
10.7705122782,14.3886284623,13.2805891605,11.8194355755,13.9099928841,13.1371405906,16.1198673878,14.8888800041,14.3832306732,13.6245157966
12.9231978651,17.4611948392,15.6323853167,13.2944192466,15.2707493651,13.6134661593,17.5431071229,15.216152003,16.3409612387,14.3995060392
11.1882236275,16.3757629341,14.6713854251,13.5839370533,14.5418814821,13.4260489226,18.3370256995,14.7545637376,15.7331860434,15.1136045261
10.4021940761,13.9521697997,13.2055096219,12.4939042342,13.2208062267,12.1612066324,17.4021178138,14.1365758794,14.6187885116,14.5967486743
9.12872199086,11.7101975794,11.6179777084,11.7943712159,12.2529022027,11.6530210975,16.5926545335,13.9635017896,13.2678453331,14.1274286887
7.5386087291,9.97749120755,10.3217951346,10.6907637841,11.2984748281,11.4153457238,15.4034376796,13.3467805054,12.3806392975,13.6119282236
9.63601882828,12.5433164641,12.1694677253,11.4281978438,12.6034648334,11.9272034578,15.9845151423,13.8907621859,13.8744436872,13.2906347941
7.76894795284,10.6847844269,10.6154884103,10.3564357003,11.4980653425,11.1277606365,15.3112570174,13.1688168521,12.8787771697,12.9664252277
8.14277834733,10.1838089876,10.0559222087,10.3329306674,11.4851690403,10.8591597026,15.0390816894,13.3495443231,12.3715966043,12.3393531537
9.11602690976,13.7983200632,12.8154774829,11.7636181368,13.248417001,12.3653067459,16.7149592482,14.0729324234,14.6608941841,13.5218139693
7.25308468657,11.7951076091,11.0138322625,11.2056148277,12.1584105937,11.6997122998,16.8896777182,13.4571007474,13.6246501689,13.4986782166
4.8540678643,9.61097301593,9.23688437984,10.5164544871,11.0468445279,11.2770587927,16.6764781342,12.7764329312,12.6880615091,13.4183292525
3.37923118728,7.99560965862,7.92820211936,9.55973833993,10.1328747364,11.1737732787,15.9213161711,12.2005766433,12.0274069673,13.1510504103
7.38764931416,10.7211744913,10.2640542345,10.5572367774,11.9865027825,12.1722462005,16.1009915957,13.7083053986,13.8612025046,13.3117234783
7.03242218674,9.70281562678,9.4898133287,10.2961376451,11.6643321836,11.4983716164,15.7147811349,13.6571248905,13.4050435591,13.0196865816
6.19616679348,9.48558050892,9.27584863291,10.2628125991,11.6643231138,11.502876647,15.739113454,13.6245437766,13.2794472691,13.0882986435
5.93311141104,9.35031153872,9.04544636566,10.2945739576,11.6883493353,11.616578201,15.8334353796,13.6585863453,13.1124640129,13.032638394
4.38993683284,7.76872370671,7.78871029851,9.50983858796,10.8490444878,11.0525284992,15.3272424728,13.0558324807,12.395494845,12.7147113167
2.77482299209,6.39499228032,6.4937778563,9.07114659434,10.2222242699,10.9870013159,15.061046891,12.706000443,11.6732266762,12.4875070753
3.06073375462,5.59576201775,5.99742431608,8.17286794722,9.88694592816,10.6173776956,13.9809717508,12.5732139782,11.4257281088,11.8845272244
6.7851514536,11.4198265088,10.5139380375,10.1013156366,12.8135236627,12.881184259,15.4817523368,14.180817256,14.8663194997,13.3256176607
6.0358495654,9.74412303057,8.97268432501,9.59244247536,11.8687641206,11.7991294308,15.1619272272,13.5881544016,13.8232023318,13.0472511133
8.05005418653,13.1400977643,11.5686207181,11.7317243772,13.7586773438,13.139513898,17.0429110344,14.7513377635,15.6623125844,14.1459770631
6.46833669847,12.459122629,11.1393632236,11.4715028553,13.1403992613,13.1634113624,17.4102399832,14.2275903807,15.4418357167,14.9938059959
5.26989796955,9.98001935781,9.24682462493,11.0237976791,12.0939933535,12.4970569023,17.1047282162,13.8607670158,14.1782242383,14.7265561311
3.88892120401,8.37282310096,8.24107952374,10.4164961634,11.4315373864,12.2800141019,16.6185385736,13.6130354448,13.68612449,14.6901712992
4.28660178167,9.16940009558,8.85397456529,11.0329774504,12.1618109951,13.3828775737,17.113189654,14.3650898533,14.3839721083,15.2177776874
6.73676090563,11.5479451079,10.9288958305,11.9005498815,13.6452905842,14.6485183541,17.5448724382,15.4301628958,16.0638816443,15.974482549
6.72289373992,9.66785179979,9.55569479065,11.3541063677,12.9802114694,13.673776591,16.7475179507,15.2610979438,15.1569324503,15.3804218912
6.29364301814,8.49200726711,8.76424262374,11.0901283144,12.7163494771,13.1193728036,16.1758248085,15.3057400408,14.4727365129,14.871025609
11.3810918994,17.615224641,16.0029030626,15.4667965641,17.5485122005,17.4492210291,19.9574331448,18.1671259747,19.4905104221,17.7112623007
10.3197873421,16.7171052968,15.2654859121,14.9721951425,16.6932342871,17.1226648992,20.4068794956,17.3837243716,19.3263863437,18.6368291753
14.2431510938,20.6925965265,18.5052892639,18.2404161834,19.3833174588,19.4586606819,22.7544351364,19.4076442796,21.3647937526,20.4545485216
11.7462794382,16.5737614957,15.7145329182,16.7581997322,17.1746213918,17.8207987135,21.7941116896,18.1750575653,19.8461111373,20.4271342465
15.9698612891,23.32596961,21.7780940742,20.7230103565,21.1806871003,21.8717682879,24.6653375242,20.9098494579,23.8628746436,23.4932008424
15.4956428835,19.3659381046,18.9262975724,18.9825522148,19.3444011837,20.0536881634,23.4877733238,20.278707346,22.1374977826,22.8161708055
16.0584783154,17.583432979,17.8349198933,19.7042911316,19.4158694397,19.4679887102,23.2343904051,21.1818670881,21.1829940503,22.1911529121
14.2078286711,15.5133852602,16.6728924728,19.1116145966,18.860483095,19.1234826043,22.7860497689,21.3511945602,20.2930846712,21.9589180848
12.4986181701,13.6442330078,15.6092202087,17.6441041714,18.1293299751,18.5507508189,21.6887962833,20.9922611598,19.5572485977,21.3616447792
11.2909837204,12.4766974698,14.6617376028,16.4599681561,17.6433438261,18.221994033,20.7578443364,20.7692684709,18.8782275141,20.7059521649
13.36626882,14.6121018716,15.9773671661,17.5933208499,19.2298535339,19.2155893208,21.5078058346,21.9908493898,19.7323884797,20.5749156282
13.8760837889,15.8698736495,16.8866327453,17.8260738399,19.8040833627,19.5592535923,21.8132403196,22.1834222554,20.417671844,20.823041921
12.0228581134,14.2660460329,15.2706668326,17.2941595492,18.8925633342,19.0707403886,21.7280370442,21.5886494235,19.4487024787,20.6197722559
11.2588018286,13.3068505488,14.4113829514,16.9809953601,18.4960182272,18.7960715792,21.5210003519,21.2915793971,18.9776053758,20.2638848766
11.1482606877,12.7493272544,14.0392347002,16.5058238982,18.302821821,18.6012465428,21.005109593,21.1892760673,18.7563472419,19.9583876754
11.7572880789,12.5182621234,13.910813805,16.1333546173,18.2714703961,18.1507932471,20.384401481,21.1778928877,18.5714827598,19.3686948354
14.5384184666,17.7255497278,18.0790519535,17.9139383338,20.7986463163,20.3402756391,21.663596026,22.4414439529,21.2329093278,20.9066846337
17.2661036099,21.8012712327,21.1650748154,19.545729945,22.554418447,21.7299198962,23.1880138306,23.0401588888,23.2247457855,22.3350718671
17.762462674,21.2520164501,20.6327933873,19.5962717099,21.9320922332,20.9111683627,23.1540446621,22.5322499974,22.6441808689,22.4125137887
17.7516948112,20.3984544265,20.0403809449,19.90881281,21.7861416831,21.1975472806,22.8747007904,22.7544930511,21.3724497879,22.7249785448
21.6804801692,27.3105195762,25.662008303,24.0129978268,25.1321794887,23.8210504545,26.2186866604,24.0640664341,25.4916088048,24.6997335692
20.2169670166,26.8106713039,25.3719891268,24.2726174602,24.3893763751,24.3093015176,27.7067357488,23.7282796059,25.6929495349,26.3679325251
15.9198734711,21.1373960954,20.8530549154,22.7134657778,21.6808597411,23.4653400408,27.0536974198,22.6258888897,23.1461267528,26.4241836296
16.316663661,19.4205996431,19.559712332,23.8424778222,21.8732486324,23.7170765859,27.7179649265,23.5176951464,23.280436773,25.9740718504
17.6482898098,19.6991994061,20.3421514304,25.2529424709,23.176874301,25.1046708604,28.8131037469,25.3637759941,24.5706501265,26.650938646
16.1274190424,17.1680583518,19.1780559683,23.8732085759,22.6029763456,25.0280299443,27.8643240627,25.5735752812,24.4889784591,26.8804276478
13.1612694094,14.2636312524,17.2013656448,22.152388625,21.5393035696,24.7277154276,26.5161749949,25.1091922346,24.0936640603,26.9007653559
9.60254260295,11.4360070355,14.617393609,20.7588512524,20.6053937681,25.186401642,25.6773712655,24.8790134175,23.3453513451,27.0861483267
7.24974680004,9.01972296554,12.425759664,19.306043329,20.0393143689,25.5708534585,24.4326856309,24.6147832421,23.0268589801,26.90192604
5.83814789506,7.24118152429,10.7168138745,18.1534421276,19.6704357665,25.5850505561,23.1342743979,24.3359593496,23.2196468424,26.5108987919
6.66134525755,6.67136343283,9.96545834358,17.6467133195,20.0916106215,25.5035324119,21.9462594232,24.8282746457,23.3504396843,25.6445628646
6.45371612023,6.40381462214,9.53236024661,16.6823090038,20.1624185106,25.2187447553,20.4436468409,24.8134756891,23.5463375759,25.2786145097
8.92473125887,8.0271969195,10.2092259226,17.8007008755,21.5526000989,25.3114528832,20.6900974589,25.8579326233,24.0613752018,24.4887370237
10.2592790002,9.05540032962,10.8550775691,18.3021809147,22.2995640474,24.9694092051,20.7741525868,26.4077230256,24.3070721923,24.1085311281
11.3237079262,10.5412190452,11.7707080207,19.1333302353,23.0386474177,24.8925463632,21.4836193882,26.875353965,24.3231029738,23.858287053
11.4321048711,12.3735705232,13.1519462419,19.95545545,23.639988929,25.4191674539,22.6358745272,27.0378787158,25.0545636799,24.6388021743
13.5192595941,15.5502469466,15.6689139419,21.5799993432,25.2245092802,26.8218326372,24.3396236009,27.9519181028,26.3699439622,25.8302110331
11.4621947694,13.7083513048,14.3530751787,20.5054404322,23.6852505922,26.0226740083,24.0699588851,26.7149025793,25.5606005004,26.2112723511
7.58774403586,10.3773529898,11.6614854351,19.0061144826,21.6771619537,25.4944121736,23.219998454,25.370906461,23.9081625168,26.4404639899
10.1019641615,12.1103153086,13.3546533053,19.4360410671,22.9261857639,26.2507258379,22.9051729022,25.981511503,25.1566768235,26.5111935892
12.1385264862,11.98893105,13.4491618871,19.1514132557,22.9304405913,25.3550371305,21.9683512959,26.1267957213,25.0142243157,25.7042366387
12.0897428045,11.3845435124,13.0341165806,18.9059380682,22.4624188372,24.2906842472,21.3381777844,25.9747118296,24.3631529542,25.0090199666
22.3217928606,27.4074141994,26.5322708103,26.7269307728,31.0149464182,31.6991493839,27.2069112681,31.2334992715,31.9491440345,29.8905364239
24.9928994939,29.9911454654,28.288522222,27.3020947743,31.2807669644,31.506171281,29.144119963,30.7090572004,33.0957810095,31.1729644638
25.4534684063,27.5650547347,25.8366969011,29.0659370268,30.2427541411,30.0714206625,30.6079078365,30.856478543,31.2652936483,30.8883368245
29.8033571981,29.2108825197,27.4493674423,33.4735366409,32.5944660829,31.1591340274,33.8999135926,33.7830043746,31.5261145228,31.1767570614
30.1572944364,29.1515169421,28.7172291946,34.8925967245,33.0942379044,31.9690188633,35.7466245205,35.0801294576,31.8873109888,32.2751109765
36.1249592749,39.5938013749,39.3322787479,40.3400930695,38.8611503122,38.2497107945,39.9459012747,38.6317897793,37.9840313184,37.4515066393
29.7330069668,33.3952099579,34.4246307231,35.5081889697,34.3763051823,36.5397359557,38.9447419952,35.522849992,36.3926342854,38.2796736915
23.3442351594,25.8784998178,28.5731990078,32.6283176518,30.6935468754,34.9312258113,36.3074423309,33.4423861943,34.1819134529,38.2843110835
17.5422752426,19.0465287804,23.3097560284,29.1180811254,27.7687088177,34.1160944588,33.3171293428,32.036859446,32.0210711404,37.8344521807
13.2730520492,13.6070618115,19.0036055413,25.6982951734,25.7400154969,33.3947085686,29.9375453157,30.8946548134,30.6324349343,36.7671026753
11.0580182191,10.1520428532,15.8588826883,23.3855053809,24.8558928984,32.9828215379,27.0554473998,30.5440001862,29.8661342663,35.3953937409
8.52530154407,7.48726343573,12.9712925458,21.4499707635,23.977875832,32.5172496442,24.7021583167,30.0558808838,29.1777453624,34.1448749357
7.70491090131,6.00634234484,11.0610873556,20.0136783574,23.8315182952,31.8838957216,22.629203299,29.8631315568,28.6394426648,32.4850772514
8.81308159147,6.64551592971,10.6404320166,20.3399657801,24.7901474298,31.8193744047,22.0981956782,30.6012188254,28.859138396,31.180635919
10.1036984106,7.86459579661,10.9968907882,20.7733573781,25.7674931828,31.5949403856,22.0008543594,31.1917876693,29.2643168366,30.2975676805
13.0676797152,10.2400950848,12.4579453406,22.0378189217,27.4279567615,31.4722232668,22.6344872297,32.247808754,29.8190763825,29.4955562594
15.3245843723,13.0775945401,14.4810438803,23.5517463391,28.7914259885,31.5583315255,23.9217971845,33.0658503831,30.5551944236,29.4971108937
19.7309885432,20.5068570107,20.444661396,27.3557947274,32.4176772742,34.474940386,27.3965557238,35.245375139,33.6271725057,31.8902941273
19.4551306438,20.0614075416,20.2482495189,26.7693006673,31.4278750602,33.4801684963,27.9888025081,34.1449089141,33.1473359894,32.2844477084
23.1688002672,25.1178977277,25.0203722106,29.3433383248,33.9024496322,35.2613419368,29.6778193193,35.3418360447,35.2678382339,34.2889450158
27.4512230716,30.4906895063,29.8179532324,31.9742259142,36.1382199824,37.0206847809,32.0759344121,36.4058533463,37.5056979314,36.3914135225
24.9968161379,26.1488144301,26.4849566474,30.0028906384,32.9521910425,34.4040131184,31.114899885,34.4917530614,35.1386698268,35.8323689794
24.206261884,24.4274598992,25.5663681883,30.1083604728,32.387576658,34.1010018704,30.6383430485,34.8163515709,33.523598897,35.7741310082
22.4738076593,21.9282207626,23.7744466065,29.1278408257,30.9057442946,32.857590054,30.0078646332,33.9504459676,32.2780492068,34.7492629068
19.7437211146,19.0863195916,21.7133908749,27.7287622119,29.2847283736,31.9332045452,29.0717425952,33.1391346539,30.827759173,33.9408699054
18.2476621721,17.1277031403,20.4035953888,26.1124625611,28.384314161,31.2125506116,27.7167769745,32.5578616575,29.8612356042,32.9346679924
17.1880157798,16.5839457876,19.6945424072,25.4427820303,28.1632735952,31.4224018588,27.1729239476,32.5226209198,29.3827448902,32.4966214116
16.769425593,18.3793089245,20.8053382827,25.6252363962,28.7868881571,32.6325511129,27.5171694191,32.4543935753,30.5477443203,33.1576284779
15.1631477233,17.9641589686,19.7976263748,25.2776401591,28.3339307299,33.3311190172,27.8610792606,31.9177527118,30.7158103382,33.7422428806
21.3922204857,27.8947618764,28.2839429065,29.924677973,33.6424562652,38.6283929368,31.0038611295,34.688835166,36.4853063011,37.5814809588
23.9029027607,29.6855202288,29.2599409798,30.1463401519,33.9836349242,38.833769918,31.8936134628,34.2673461004,37.7304289504,38.5170372951
26.0760098035,28.7008958197,28.7442314642,30.1768350725,33.8983513604,37.4622633643,30.7097186009,34.2282583856,37.0410850506,38.2179243737
28.6145931948,26.403302446,26.9119036305,30.611039418,33.4661411769,34.6498032685,29.6208790769,34.5586242393,35.0053174578,35.8451369759
50.4541921768,42.8814360488,36.775753324,47.8291688202,46.9116551205,40.4610158426,42.1925900418,45.4390457584,39.378189745,35.1474600705
66.9560929638,57.9378396771,49.2530439707,60.8833835477,56.4589883165,45.5241015678,54.3712781824,53.3154784319,45.553829023,38.4150573046
70.5430031448,62.9922696432,57.0427836302,64.596147381,58.0768760055,47.2752920841,59.9383692631,55.0766068373,48.7018305646,42.6277127987
63.0520716261,59.0156937126,57.8629724284,61.4710574134,53.9488089962,46.9441106378,59.581859792,52.630008841,48.7085983175,46.3605526326
56.361176103,53.578754365,55.6113124545,57.2113298488,50.8816329004,46.9513301064,57.2906014764,50.8715240408,46.8264578955,47.9032611399
50.2036128764,47.3577965914,52.3441706601,51.4925948601,47.4526675421,45.4315442652,52.3054959426,48.2502226025,44.6574849632,47.5740685581
45.220015346,43.9343209223,49.7666024345,48.0021330345,44.5788551098,44.2664513233,48.3950834621,45.5267445377,44.2591554598,47.250446472
40.3324339581,38.4753109592,44.483679173,44.006102811,41.5811727482,43.1796391537,45.1389738323,44.1121239831,41.7557390675,46.179185131
39.0182920005,35.3500656522,41.1597017305,41.9269077833,41.0228863658,42.6332907511,42.4060761605,44.2447187033,40.0125907536,44.4585800904
37.2018851817,33.1332964809,38.6961510505,40.1133243289,40.1735631373,41.5084656037,39.9940290772,43.470202089,39.2020710111,42.8509740487
34.6278889997,31.4082483678,36.2619399861,39.0492210361,39.1562568837,40.8908130185,38.9198444048,42.637325209,38.6181222279,41.8895805097
30.9960787181,28.8942782439,33.532933418,37.2660813456,37.7449129142,40.6301822433,37.7856952399,41.6686315524,37.7493638973,41.5140719904
30.2906463944,27.5483641734,32.1923214618,35.4634455171,37.6626146076,40.161158453,35.8918069052,41.1398517232,37.056782407,40.4158738912
29.6508004182,27.2368811511,31.2046799923,34.8213201333,37.6299355152,40.0521765862,34.907204799,40.7644587314,36.6939047499,39.8333124942
29.4141565337,27.7140450564,30.9609059493,34.5361419891,37.4707683781,39.4659281818,34.3919868889,39.7878188919,37.0884613596,39.2242972126
34.3918723113,35.7251801303,37.4932804155,38.4592373645,41.7819373381,43.2597224109,37.0315701392,42.0443616607,40.7042819219,41.8863158552
31.7209035437,34.8991677054,35.7592520135,37.6748707743,39.8291866263,43.2689205362,38.2722048596,40.4190403044,40.9795711656,43.16711098
26.3487595687,28.2658903548,29.7150991114,35.5047552602,36.1759642672,41.7051741059,37.2997075684,38.4850834104,38.6107030222,42.8422427766
21.6594216546,22.0722973592,24.9848687234,33.1617475046,33.6118586743,40.7604904102,35.1651804825,37.2990929293,36.9476027951,42.3903964513
20.6459215047,19.4772127122,23.3908051241,31.6022406545,33.2785731837,40.5407877086,32.9565574222,37.1783136123,36.9456702868,41.6328359302
20.6134236074,17.017214642,21.2463401189,30.3975614492,33.2397644353,40.1968157525,31.0934318928,37.8655871731,35.9085610247,40.2366802536
20.4305365373,16.1149941991,20.2423607982,30.0059886786,33.3382519702,39.5103935279,29.8600721074,37.9846774802,35.9908960839,38.9893264734
21.7749028038,17.2081564187,21.0737451056,29.9444111879,34.3814439313,39.0903524535,29.0435064496,38.4242439583,36.5598313721,38.1036013533
22.8460060683,17.9298095414,21.2847534772,29.9586286613,34.8613504929,38.2926170718,28.7647783625,38.7342371191,36.240734922,37.0838765531
29.6448746514,28.3029491425,29.7344556792,34.9575442892,40.293644153,42.0374563494,32.3182235692,41.8214095375,40.4954549904,39.5333162278
31.987719775,32.2744205385,32.7340359363,36.0267953978,41.1850961633,42.5237609874,34.5287967072,41.731326144,41.8938742855,40.8855583547
28.3825956326,27.8786809133,29.0163055233,33.8682966451,37.6746845203,39.7346604626,33.5037282367,39.4070150315,39.1098335891,40.157188911
24.5977388248,22.8895367215,25.1195279266,31.9015600818,35.1787358248,38.2023699481,31.793117264,38.4375291216,35.4742629752,39.1237533066
25.460413371,23.5158702535,25.574182209,32.6286218145,35.7081326841,38.131355169,31.9888788855,38.4860656042,35.6967115711,38.2143546218
35.3006912889,34.029285755,34.8186413559,37.6587301146,42.5355177276,42.1743969421,34.9994506751,42.5536409556,39.683117655,39.9808910959
34.863649091,34.1043344593,34.602655333,36.6545994443,40.3042297032,39.617156739,35.3494574648,40.1088334996,39.7542827356,39.3663825185
41.0134832354,38.7698978763,38.2554065023,40.7729731944,43.6134194916,40.6952728696,38.0403549749,42.7430320328,39.7068251133,39.4646333982
51.5672701227,48.3650361711,45.4993505026,48.0954346601,49.5718596044,43.2172369263,44.0998287746,46.7743032898,42.2823168155,40.2414315972
73.2968899674,71.5213507352,66.149382199,63.482762344,63.2529604283,51.2791739593,54.8967084565,54.5408646858,51.0117382975,45.5173158899
77.3142172699,77.4741245213,70.0889249902,67.6059949544,64.5486643113,55.0500578072,63.9017377238,56.9883968391,52.4299671759,50.1058831747
92.0988154651,89.2778775803,77.3118894479,79.0829662175,73.4898737976,61.2628046802,74.3676111726,63.6337640852,56.4715813623,53.290832821
98.5718751617,97.1660853768,87.4822227749,84.3190628485,75.3299875127,63.258369528,78.1560100144,63.6236012163,63.4244917195,58.3368921339
93.6897908392,93.5193252867,86.9662662503,81.1068828642,71.4086559579,62.2143510642,77.6274889348,61.5523241967,62.9667658362,60.4268200875
93.986472779,95.0555092741,91.8041906036,82.8887704893,72.1141725347,63.6642598393,75.7562390497,61.9729365129,64.3967605765,63.1830053527
92.0301567954,95.1098053587,92.5304840473,80.9058622283,71.6019668498,65.5301644048,75.4744583852,62.5606810589,63.8284200807,64.9055164476
86.3702208706,89.8665634145,86.9558588614,77.8127546187,68.656704657,65.9663740543,74.9227407427,62.3432370108,61.8576404627,65.2825400523
80.7542958922,81.9992262888,79.3066623373,74.7430751032,66.1930545797,66.3118720256,73.954417256,62.6039679828,59.6568035532,64.7601479664
87.9734948155,90.550117857,88.9801299982,80.6857577137,71.6870616663,70.525682269,73.8483851216,63.9697632126,67.1043406792,67.9009601009
90.821182847,95.6127623427,93.9774760297,80.3056082517,73.9330205654,73.96517444,74.7685592612,64.418685323,70.453437497,70.8856504086
96.0369136281,101.545885892,99.0115602111,82.6013435436,77.6364730008,76.0987752805,75.1308563886,65.7249431702,72.6488990635,72.4260870662
115.435844326,116.709434653,104.654883183,92.8687501576,89.4510252533,80.7911536219,83.8394062806,73.1489079121,74.2229362553,70.846844917
144.349050743,142.005404046,124.157199281,111.576305882,105.373923049,87.3681139815,94.0374005592,81.336286146,82.6138524556,73.6238984034
139.398091919,140.636242814,121.015955542,107.61430978,98.2113759925,88.4321610672,99.9888291389,80.6565061099,83.6661882563,77.6553114259
139.951211937,140.472087559,119.317723527,109.922604477,98.6719226036,89.694559487,102.240523733,81.7394152697,85.5910069328,78.950307918
130.334615205,130.298775741,115.526587397,102.965987087,93.3225016777,86.5784014279,98.0713719718,79.5814882135,83.8400506292,79.4424010577
115.554855851,119.034214792,109.043863435,96.5166423225,85.8245384493,80.7155744395,91.2527012319,73.5776163593,81.6530451052,77.903318129
101.960002103,107.059639925,101.444702837,90.0608733982,78.4782116428,75.3448769433,84.0905278729,68.5282595046,77.2760270447,75.8147763288
85.8524928882,87.502443153,87.812008268,78.3351282888,70.5022755999,70.6419442179,75.1455342497,66.72923442,66.1530612919,72.0658419849
74.7613064277,73.7678787219,76.624907377,70.34534706,65.8137985974,65.9047070899,67.4269311148,64.3482551863,58.9122050615,66.4654304415
68.3979929734,64.5035803159,68.4496850658,64.4817181905,63.3608744265,61.8464858381,61.7066951329,62.0954692397,53.4276583445,60.8175425781
64.7368283003,61.6921712814,64.867282625,61.996167936,60.6103816481,56.9276634398,58.0045630129,57.3430865069,53.3451044062,56.3348638181
65.728369781,61.4306630421,64.792761901,61.0736132673,61.6630905555,56.333492771,56.2716975246,57.7297640849,50.8906499369,54.7564911188
58.6840145252,56.7664407647,58.9974081853,57.7675914077,56.6251852061,53.8389857181,55.4863597353,54.1266607855,49.001755576,53.2710743474
58.0312237075,57.8511802396,60.1074620896,57.6742594119,55.6470072332,52.4718904239,54.1405804666,51.6547259074,50.797195479,52.7136235634
61.2949104543,62.4384354985,65.0892583283,58.2363078457,57.3283016283,53.700608286,53.7277768506,52.0635212184,52.3265218708,53.9906420436
53.9183961987,55.1301505116,57.3657658292,53.2090269246,51.7044807126,51.5441379366,52.2040834901,49.8892704922,48.154291604,53.1112595668
50.7933495378,48.0981184819,51.0350256234,50.6239357607,50.3892620152,50.6435689141,49.5968132196,50.6249401446,43.2351582016,50.7425884778
54.2853165446,53.8398666135,55.0394452472,54.1398515843,52.3008322548,50.1272596054,50.4186806051,49.2642347357,48.4142921516,49.7725040123
48.9833626749,47.1566526954,50.3642519423,49.0137896111,48.1219730071,47.6121690855,47.4766197212,47.4345041238,44.875163645,48.8936569181
43.3212996571,40.4066074498,44.5108504928,45.7255541387,45.9825871228,47.2753099056,44.8109010274,47.2916427954,40.2389253593,47.7219492893
39.0794749841,39.3802016695,42.7519757283,44.7303845314,44.0636812362,46.3068378401,43.8647174815,44.1140083812,42.1798453112,46.9523983949
35.5232652827,35.3855248287,39.1827904183,41.7933156866,42.1385730166,45.9650059234,42.0850848418,42.8616060784,40.8295113462,46.5194126365
43.4001514421,45.8822264452,48.2986415388,47.0528204128,48.0410207229,50.5400241532,44.3414184546,45.5639727515,47.076184987,49.2811053381
43.4279496553,44.320003115,45.9931353014,44.7271912921,47.0416206833,50.0206545067,44.2405379102,45.3578955009,46.0415664714,49.2552405737
42.9116306149,41.4381828887,42.5518499982,45.1801043233,45.7150335913,47.8721010932,43.6857852498,44.8781327852,45.2054687168,47.8270813631
46.6831145572,42.6748485319,43.4341378368,47.9346462872,47.9736494329,48.3225402346,44.9622140255,47.399261989,45.333242746,47.2885379193
43.8343230854,38.6076771269,40.6804136342,46.2707187219,46.8910838019,48.0607557446,44.4487051125,48.1774158546,42.7668411772,47.0093661292
45.7637196247,41.9815043114,43.797809912,48.1186569367,48.9143643139,48.4413094754,45.1310567764,48.1646703416,45.3802080483,46.9364561012
46.172442988,43.320562281,45.0421658538,48.327484845,48.7617370202,48.236181385,45.8885705158,47.6489085951,46.5267087696,47.3684630715
43.7809803449,39.9697816773,42.3318511162,46.5839063998,46.7559958356,47.0617915156,45.1693276978,47.0931887376,44.6925659037,46.9149744339
41.2289202628,33.7749076492,38.0884168324,42.6908920917,46.029207398,46.3922445467,41.5900946255,48.1360038932,38.825400926,45.0510475038
41.5113567213,32.9743307723,36.7392479585,41.7575224054,46.7657208063,44.4580962065,39.3675350287,46.9947318049,37.0400761347,41.6328822517
44.593638089,37.1852233382,39.6297372651,43.2693334535,49.096026936,43.746402354,39.5257810505,46.3164484569,37.6561803177,40.1560647921
43.4515893611,39.4939448469,40.590156365,43.7611856874,46.8597692956,41.3502111343,40.7035079273,42.9423779735,38.9424493777,39.4244617119
42.84191542,39.949176374,41.0802124892,43.8816825559,46.0791759026,41.6806481575,41.7805520904,42.7149184392,37.6196275785,40.2104413913
44.3444347488,43.3456446345,44.2185950303,44.3466477828,45.5706167546,40.6816643813,42.1786819965,41.067513774,39.7498637473,40.3300970932
41.0211052543,37.9731439447,40.3890874335,40.3808072848,41.7514746158,38.3772181337,39.5165220218,39.7401188725,35.3239214823,39.2137259305
36.6514819156,30.3100481682,34.4264997946,35.7090081503,38.7237956953,36.6088112871,34.6529677859,38.3568846785,28.1550058378,36.2900110519
33.1374812482,27.3163860686,31.1345965143,32.8362091075,35.8698902072,33.1885529644,30.4869893403,33.7768991528,26.0574403882,32.1867433837
30.4829174303,25.7349062361,28.674647913,30.9368193256,33.0064027398,30.1567642821,28.2961672984,30.1747510641,24.8179497291,29.0862024417
28.7471432618,24.4371182598,27.085268343,28.3676979802,30.3555867708,27.6100995563,25.7475504991,27.4244484878,23.2922139032,26.7960578038
38.3985735009,39.5709667881,38.7064222382,35.330609636,36.6771060721,30.1435519069,31.3978635764,29.7250544111,31.5030553878,28.4863990052
34.5297111096,38.8847525798,37.834882702,34.1458302817,33.3996885072,29.3358324527,33.8882168603,28.4562766247,30.8433306309,30.5896829874
29.893498135,32.9679989844,32.6698324137,32.2730451365,29.5858398664,27.6556139814,33.8104129598,27.438839163,27.5569123527,30.297005565
26.7623352268,27.8205420655,29.3046715409,29.9007554357,26.9437605649,26.2193341746,31.7096754269,26.6416598943,25.5022947447,29.3337005224
25.4179933975,23.9246070697,26.8874913625,27.103791665,25.4572757554,25.2346363054,28.5229416277,26.4206282319,23.5237909123,27.8115794463
21.2863633933,18.4788014723,22.2563731702,23.5196054576,23.058636713,24.8769659637,24.3747907149,24.8860177075,19.5025011627,25.9632264962
19.331549807,16.9300084431,19.7932380412,22.19834121,22.0818546338,23.8127594263,22.0110777377,22.5869862901,18.9942425819,23.3374501834
19.678186398,17.1388570431,19.0311316291,21.6115349518,21.8232635814,22.2956896236,20.8864645706,21.5429983306,19.5727791819,21.3213850281
19.5851480262,17.6292243865,18.7388560275,21.4693199813,21.6081657557,20.9625176413,21.0558148925,21.1542890322,20.0210674656,20.2339328074
19.4875545373,17.6077364478,18.5393006585,20.7877325632,21.1711297887,19.7339613482,20.9520923638,21.0024370915,19.7307207651,19.470269108
20.5113210477,18.2699461693,18.9586344927,20.3571164076,21.4739016226,19.5537063662,20.5515856306,21.3998440543,18.9899620941,19.0896736873
25.576361827,25.9410695711,25.0679922614,23.2856743143,24.8197253115,20.4036554761,23.2004960926,22.4930634155,23.0731116006,19.9107943339
22.2930659494,22.3642564553,22.0551941963,21.7974473572,22.7070582289,20.6402871775,22.9230297438,21.6852116142,18.9508573399,20.573755383
25.4418522554,28.1124313806,26.5087685653,24.5125574525,25.0607616075,21.6592806128,24.910416482,21.668583676,22.5928705002,21.4241604953
25.6905193388,30.7510282708,28.7781109547,25.9686649091,25.4104412405,22.5073326759,27.3252850918,21.6621134622,24.3229481317,23.3872810833
20.9121882948,25.0127511849,24.3523027125,23.5730374046,21.8446702312,21.4874480818,26.3374467182,20.0453473012,21.1874583098,23.6986076046
14.5436499694,16.5926251616,17.8376419961,19.7947337071,17.0454154936,20.607875159,22.2983160921,16.8753805164,16.4451996686,22.4408261578
11.8805790353,12.2811720468,14.0543891404,17.4448020017,14.3111598075,19.4505952157,18.4249814113,14.5817174684,15.1941038069,20.0328211667
10.8517550175,10.3665312956,12.0368398431,15.930258442,13.3037584708,18.0950813417,16.1006498835,13.8784197906,15.549656168,18.0259222281
9.54224187873,8.60094407966,9.96784401676,14.4649461495,12.5214151718,17.336969998,14.2927701636,13.4521848229,14.8244121892,16.5843031388
11.8441318362,9.3134573802,10.1302606253,13.9793824609,13.4381537186,16.0686542385,13.2376806621,14.3127378588,15.609210899,14.9074207892
13.0453948655,10.2798651041,10.5109080723,13.8038226153,14.2872998208,14.9937774954,13.1062686125,14.9854574222,15.6656927331,13.8602667265
13.9211769076,11.6780570564,11.2861252947,14.1417071748,15.1563466924,14.1468706897,13.9156623825,15.5390386593,15.6493685964,13.1655104303
16.8692041952,15.4280341424,14.2040589375,15.0702377606,17.0940818542,14.5536510717,15.0908514488,16.5748927566,16.4821312839,13.4631279133
18.7408916665,18.2594102606,16.4989886635,15.9755477613,17.946793857,13.9368246097,16.524405915,16.7489816491,17.1860065272,13.5749587462
14.7934113347,13.9951605727,13.2228357143,13.8389787362,14.3071134706,13.1339320826,14.4361988965,14.1278354343,12.9133364035,13.212382261
12.8525529275,14.8210493482,13.3732505778,14.0599949458,13.6876690461,13.4032580121,14.854212969,12.3599775009,13.6240177206,13.2432962334
12.6204635654,15.3124795263,13.6716669317,13.560491802,13.0724094909,13.2044031464,14.9045180984,11.7002648028,14.2708667287,13.3761641366
11.033841654,15.9256675009,14.0029150007,13.7386037212,12.9089328083,13.3890947993,16.1471356531,11.4201346687,15.3194653677,14.2404436912
17.0756844203,25.3859780151,21.8517439677,18.6200207753,18.29836466,17.9320004737,21.1950723134,14.972097451,20.864300503,17.9053807488
15.8306395857,25.6116493949,22.2631438073,19.7727940398,18.893899447,20.958867017,23.4907357368,15.0788316498,20.9148738753,21.4986581728
14.456428107,22.8294311779,19.949706295,19.3789358851,17.1556285117,20.0739245004,23.0586839743,14.1802613783,21.0647347565,21.9882124779
12.5829202316,15.766635128,15.1803364113,16.7030923452,13.8644785765,17.4739955604,19.4760184138,13.3762742443,18.1160629418,20.4384584583
13.5917492855,14.1037526942,14.211191316,16.9654932278,14.3979914784,17.1180595508,18.3647723592,14.8967751789,17.7089439547,19.2693689831
12.4112564035,11.7930615423,12.6198776819,15.5007753254,13.8319756274,16.9536686595,16.216882398,14.9501280765,16.151304422,18.2778859057
17.0433348736,18.3770159308,17.7743549913,18.0374938247,18.0277748115,18.4638648906,18.2521709656,17.1980752159,20.4497203877,18.6738594813
14.3320666993,15.564254453,15.3854319921,16.3628645186,16.3850763324,17.1144346375,17.6618911351,16.4216513788,18.3855918086,18.2729506748
20.6537981804,25.2514039955,23.3737134323,20.7382433227,21.9378469888,20.6949748136,21.5503672366,19.4278229864,23.4272867675,20.7304160152
17.7169837671,22.3039657676,20.6788373597,19.6743843081,19.8755018946,19.7409757965,22.0584850779,18.3971528723,21.4182430709,21.3015562675
12.3122899169,14.7971685159,14.8008308197,16.8328168872,15.6403662944,18.3781534583,19.0294327988,15.810678747,16.4835064602,20.2025583306
10.3428586184,10.9370714981,11.6634440168,14.8519968136,13.1880029946,17.0987293826,15.7135185227,13.9119432144,14.7627574628,18.0660227013
12.1237558704,11.7640684904,12.0850653071,14.5584740781,13.8553066976,16.5897212337,14.5020218028,14.302189983,15.8614971705,16.6640378291
10.3870715071,9.984653073,10.05579176,13.3279062724,12.5387367883,16.4085522352,12.6854788324,12.9662887641,14.0236217029,15.7010243107
13.9169532721,13.3432319976,12.5352060792,13.8498417678,14.3665901668,15.083843273,12.9924197629,13.841542066,16.874235038,14.4775233115
19.5109064032,21.1191553888,18.264803752,18.2493661089,19.5545396129,17.8061149612,17.7421999966,17.3499525056,19.8953587872,16.3633466497
24.8759505325,29.7304821599,25.4775237393,23.2649710156,24.3242993826,20.7605791604,23.3856318173,19.9669555551,23.9910339476,19.5810140069
17.0535357801,21.006586849,19.0535702625,19.3656382361,18.311936517,18.1091742973,21.5881779555,16.2985109504,18.7164003599,19.6823758732
10.1175003908,12.5608652532,12.7266297665,15.6037025073,12.3973177825,16.9145084157,16.9274866134,11.6056779816,13.5472933815,18.2824464194
11.8944105112,13.3882043238,13.131381486,15.4394468878,12.7499741562,16.7784881813,15.4513330646,11.9906041513,15.5017922579,16.9765231498
13.4654647403,16.4382235844,15.3886843851,16.3216870175,14.7469556469,17.225651849,16.7216702446,13.4203667506,18.4531579431,17.4155962473
9.4913337954,11.3281179483,11.3141928858,13.3094272085,11.7110930231,15.4633811842,14.3601241608,11.7774690848,15.4162371727,16.5214005277
5.31660377762,6.31728768378,6.91216266469,10.4203403327,7.81243656867,14.3336892261,10.2806975054,8.6472614595,12.0035841718,14.7302708466
4.10164821988,4.19328400101,4.47547940827,8.84112363347,6.00227906071,13.1254193833,7.48794597302,7.2899686634,11.2696898451,12.4916614619
4.0986236661,3.21552086004,3.09415849836,7.27808768556,5.2247790314,11.7330310714,5.28710284802,6.84697269793,11.0337579142,10.5369337538
6.06514751173,3.79407866782,2.93612930401,6.61053443407,5.80229419389,10.5789184203,4.07074754025,7.44324423431,11.0272464593,8.83819027138
15.4033995064,16.1134668171,12.3197801333,11.5345463948,13.9533330601,12.8720539893,10.0268419529,12.397536714,17.6965049516,10.3110205665
11.4230404506,12.1164829927,9.12513228167,10.3294169021,11.0980224539,10.9899068877,9.9416640068,10.3468919226,13.3681034919,10.1367360559
10.6211819515,11.5104657338,8.63980907193,10.1565256222,10.0070842946,10.3405992132,9.73248149472,9.06901999779,12.2294549655,9.79556019669
9.80355634749,11.5039559603,8.72549406134,10.0493254422,9.48442434306,9.63354309322,10.3624608976,8.60979282985,12.2126693006,9.59020716586
5.87282864767,7.91485344224,6.07246937151,7.9594804081,6.39326179085,8.36542667276,8.91923207522,6.36899368094,9.96928002973,8.9386865717
3.91493670959,5.9723707665,4.52633161796,6.46480811068,4.85838672612,7.43795727019,7.95885988643,5.52596903721,9.19949687108,8.04399848808
5.49410605267,5.62676471418,4.39560311975,5.40737580703,4.84478520218,6.69757708395,6.85990323999,6.22764237723,9.03012542821,6.98551165008
5.50211911888,5.07943117141,3.85700221054,4.36023334419,4.34007213152,5.99220954765,5.4736063181,5.85073737845,8.33666357262,6.04551891433
5.49829091104,5.22552978503,3.45751145739,4.10800670632,3.96028896938,5.80258465836,4.64812505272,5.16199250646,7.84189821032,5.27122252248
78.7563962968,76.4904340155,79.8964388672,58.39532754,57.1085535564,47.6020191368,41.9631067573,40.0643038516,39.1249589972,26.1919856199
45.4451176603,66.9363274565,61.3810304927,38.3954747605,37.1301344204,38.6992693169,46.5078102113,24.1316283346,41.0249258337,32.4410821271
54.3231090088,61.6267365999,52.4077053617,46.9243233004,39.563853162,35.427700638,49.0388842873,28.2728343532,35.8343752757,31.8500293786
50.0475329971,46.261549937,44.1081099173,44.0773150643,36.3924751646,33.4940108902,45.4389388616,29.0180926039,27.3783432516,32.3496188139
40.00838393,38.9804669713,40.5342848547,39.2466307021,30.4324268341,28.1686893342,38.5156386592,23.5590214662,28.0724724606,30.721261766
27.8332499795,26.7990496074,32.0452705414,31.1042404916,23.433498112,26.6568842111,31.6165954965,18.8960199192,21.6374107256,29.7532457129
23.9692609786,24.2310942212,29.2638031284,26.8951075158,20.4327783502,23.417554156,26.727975712,17.1668327949,23.5281019577,26.7009946481
19.9416486086,18.2359809018,23.8463208091,21.4139869481,17.0185247282,20.716771214,21.6630530935,16.4079475093,20.6857144177,24.2588174624
42.4446101105,46.9311538776,48.1337857942,36.396545565,36.5445371233,34.3774911096,32.3034248565,28.2642923147,33.5932308409,30.955920754
34.2350257158,44.020778996,42.3906744372,32.5712745752,31.1300142841,31.2059405826,34.4233054218,24.2982504696,33.8544719386,32.6042569756
30.7114856922,35.3871597519,34.8197070935,30.6698463269,27.4522973656,28.1666776387,32.1243513705,23.6146329972,28.6005351698,31.3776916971
30.0597045057,31.2482255979,31.4229194878,30.9828415272,27.0358843706,27.5008727229,31.2779241542,24.8594233807,26.3539351905,30.1779023189
28.5170742747,27.1807094119,28.7019784763,29.247723965,25.7986652763,25.8105200485,29.0982981451,24.8515575502,24.7815167867,28.2834424967
26.0063373439,23.5457405743,26.1570178608,26.8775390151,24.6455785976,24.9195975491,26.42672222,24.4551613315,22.6299932081,26.7413389297
22.7548118856,20.6543747208,23.6024363219,24.040468633,22.9558456629,23.7663472765,23.4575425365,22.6673498177,20.9510990979,24.9418696398
16.5061109241,14.7710535087,18.068748988,19.6893975345,18.5856414164,22.3037267172,18.8873155107,18.3792993592,16.772803996,22.5499653055
14.0810740221,11.9354148321,14.4068590448,17.299538909,15.7585896932,20.5244891466,15.1361757865,15.1539490587,15.1643381951,19.3770356764
11.3916697141,9.66032558695,11.6975677554,13.9533308311,12.5884254704,17.4976883833,11.2491428229,12.0777690418,14.7767850778,16.6552489862
10.0656662394,8.27625969823,9.26280437452,12.1882758502,10.8560836599,15.8292287265,9.24856231367,10.753737763,13.5361300847,14.5062706467
9.92212694676,7.86398880759,8.0295793351,10.6853849631,9.93099860841,13.8412534524,7.72279959086,10.0633944374,13.2213814956,12.5021919506
9.9056620302,7.86483696618,7.24641741287,9.75994787299,9.51008819487,12.2770806285,7.0847158817,9.73590092626,12.62527754,10.9372762082
9.93628584787,7.79686405078,6.65523314442,8.779222872,8.87383406993,10.7903838779,6.35331010122,9.16912188498,11.7689398644,9.53490604985
12.3651900304,10.9366342247,8.78885931557,9.40696221238,10.650599318,10.0469097333,7.83727813833,10.2452886483,12.9484542019,8.90068066818
10.7332657063,9.95444187249,7.77309783295,8.78240613061,9.31554791557,8.97334803314,7.91077049254,9.1132790443,11.0612373108,8.28679941175
11.0161356981,10.8352621781,8.26719800723,8.74909654513,9.01088875014,8.7704136205,8.12329922016,8.46522305876,10.7819870745,8.00354722196
9.99697204054,10.2964932571,7.94687719531,7.93778252458,8.02875866897,7.32026300472,8.18354358395,7.72541828678,10.3611504255,7.29418817407
8.35431427694,9.27809392205,7.20601909478,7.08039591599,6.97786227121,6.39651236226,8.298471065,7.0712767726,9.37074670665,6.79081340869
12.718395465,14.0103213749,11.2377281191,8.13966218012,9.62133887623,7.06464417616,10.0584921234,8.98057947868,11.6465342704,7.2372991944
15.4852094052,18.8241845209,15.1152560582,10.7620729758,12.3474472257,8.23065341421,13.4699673756,10.5986564097,13.5830763006,8.62255749254
12.0042587048,16.0724981043,13.1095445062,10.2721787743,10.1541937677,7.90605181056,13.6655897095,8.8978113962,11.3697149269,9.31516090734
9.20304530697,13.5242865645,11.2178277261,9.27028211751,7.97795997024,7.31598503282,12.9802454689,7.239253225,10.2131047702,9.18366481455
9.63386773394,11.7886589746,10.3137586642,8.05038285307,6.93724767621,6.53432660969,11.5303989062,7.23089761554,9.59755309041,8.4767626651
8.49731754717,10.1570914309,9.17035799893,6.8572966116,5.90533005248,6.14874835895,10.0236588923,6.61537491121,8.86442407926,7.94062632934
8.36891906122,10.86217499,9.37568176896,7.02386381712,6.38447986176,6.68631410126,10.1037257424,6.68666260044,9.43006074239,7.86344995109
7.55382374872,9.64634846527,8.19047730681,6.50992837202,5.82613769679,6.09200400699,9.63643662087,6.3955890404,8.89500626082,7.23831314
4.22599854137,7.44278214427,6.20258992493,5.34413911082,4.44107577321,5.414181096,9.03843453239,5.1578724466,7.96978145846,6.788508
2.97285992393,5.80621153586,4.50243873267,4.7763388274,3.46858712985,5.34508354476,8.36036053244,4.64612915672,7.14739131651,6.19890334119
5.37481944332,6.40771040029,5.04376333536,4.5261187818,4.33697774269,5.14312551974,7.82988057943,5.79501492068,7.79410515456,5.53827479479
7.87792597972,6.67217431103,5.18254519373,4.28003045199,4.53792535784,4.87300013822,6.25309781307,6.14124690753,7.46323118856,4.7088632294
8.68560129575,7.00424126307,5.2915930031,3.836657584,4.33949451255,4.35353344988,4.78269048496,5.49754108736,7.25537453206,3.94524634387
18.3141553756,21.1563759856,15.9063496881,10.6001870938,13.2957556141,9.6680768411,11.6011950472,9.98304577307,14.3751398962,7.28308482698
24.4052508013,32.2082916445,25.34157945,16.9931393345,19.1686743783,13.4143538218,18.686326372,12.2887454427,19.9328280142,11.8900464058
17.8371583358,22.8977680526,18.4500420039,14.0285045926,12.1629753064,9.80851228645,16.6833948725,8.45036560326,14.1762114831,11.8309030872
19.4377025459,21.7129469949,18.2155167746,15.2527426692,12.0299160358,9.12633184547,16.9079150199,9.67044162847,13.630210374,11.4443790025
23.6176824352,29.1409755038,25.5220064997,19.0956828473,16.943978744,13.4344641115,20.7636049992,12.5021015848,17.9375260433,14.8592355442
17.8303887988,23.0561669345,21.1428498676,15.5225619862,12.4863418567,10.4723017729,18.999441137,10.2028477406,15.6208747258,14.4444155181
15.9989162149,18.1802137813,17.9870995091,13.1762542383,10.2064976142,9.16721751713,16.3740233028,9.92964906829,12.8948941828,13.4209054961
12.2823717058,13.2444217197,14.272933491,10.1278808762,7.28472633465,8.28932793156,12.736041072,8.2839877647,10.3197940281,12.0825541174
10.6603909878,10.8167631044,11.88049275,8.05794056838,5.86336937123,7.6994310654,9.86895061,7.28716233055,9.30807236745,10.3162472688
9.01374019741,9.1932268787,9.93366182686,5.92946062243,4.66575132402,6.92245350826,7.29428531938,6.08834481904,8.71827741344,8.73766182929
10.6961420493,11.0026729802,10.2665381079,6.23740255944,6.07265204524,7.23699195341,7.19585148806,6.72934381194,9.56889600491,7.83760956389
9.55636383294,10.7185364821,9.38912293171,5.56301249736,5.90622578394,6.10976468025,7.00511908959,6.18139712356,9.42379871494,6.91375708113
4.55574667782,8.38005620919,6.57966227467,5.15213372648,4.42902590951,5.32222533048,7.82341622875,4.51696320074,8.01378172409,6.40557171277
2.68962316243,6.40279883966,4.7370723367,3.82842804568,3.09059647036,4.55219579294,7.33757099376,3.85190939314,7.13532168643,5.72446391477
2.63961166211,5.48802801269,3.69503922366,3.60075684225,2.81523737966,4.41053414625,7.14730109255,4.06118741407,6.71996707879,5.11350142281
7.61166200153,11.5330969113,8.56159075858,5.69534366488,6.81945522855,6.08015968954,9.7711490304,6.8973922062,10.4814269685,6.16711367662
19.5793409289,29.7089376157,23.6563040212,15.7132692623,17.3993159132,14.013835522,19.3204337102,13.0279853082,20.0914722826,12.1774524447
15.0459258455,22.2633097658,17.7519549151,13.6893452647,12.921448353,11.2000913063,18.7882981515,10.6477333997,15.7680208597,12.7350164207
13.5670581998,18.3869616358,15.7779380014,12.7357772342,10.9497004811,10.2057640977,16.764081407,9.64789460243,13.9569329242,12.933886136
12.0039421633,15.9599405964,14.5451977303,11.680397308,9.88159765605,9.14123096286,15.7148450627,9.39950435461,13.4119503906,12.5782759753
11.6183575424,17.8701555948,16.4402286954,12.1686892021,11.1475373398,11.0581621271,16.5533728324,10.1496452891,14.8452372631,14.1591870497
8.98336162018,13.8835558952,13.2015130504,10.1307816303,8.97804387497,10.0098396154,14.7975194163,9.10524697408,12.9625607636,13.5722383616
16.8255707071,26.4408154967,23.5294697852,16.4116284767,16.4062515763,16.398798043,20.1224398843,13.49046876,20.2545523149,17.608099819
16.1272485063,25.8503234564,22.822739244,16.612807819,16.1747652105,17.3343921506,21.0798298404,13.1888796829,20.1606970749,19.6277587372
18.5752274457,29.8540120585,25.9703932583,20.8130179295,19.056955016,20.2855983157,24.5132464901,15.0750248159,23.2503854085,22.550267231
30.5069402989,43.5925995887,38.5379616229,30.3408690569,27.9253280065,27.914753854,31.9149572062,21.2272371621,30.7812056038,28.3600101418
29.0477797669,39.5330865312,35.4569963477,29.5638479312,26.295915326,27.7120140906,32.973531759,21.3256094503,29.4183542457,30.3872327614
35.5862166066,42.1019667148,37.96191773,34.7784781195,30.0096900599,29.2928279047,35.5970163278,25.0819387149,31.318595914,31.4932908865
40.7197483627,48.1882891805,45.6551058477,39.0667174388,34.307184102,32.6364836816,38.3106329734,28.2693151753,35.6439265214,35.2639943916
36.7183796597,41.9396449859,40.6744938224,36.420886022,31.1244523418,30.5962106611,37.8370262706,27.8270511981,33.1266130685,35.1010603355
37.4893325484,40.6099345055,40.7835196232,37.4884755399,32.3856340117,31.5508476001,37.556452528,30.0554563791,32.6103049512,35.628308195
39.5651018377,42.8878962484,43.1699558929,39.1668525088,34.6524594507,33.2311157818,38.8425739907,32.0734932634,34.3405173774,36.4859980157
36.1167631856,38.7452983956,40.4451827074,36.3816477475,32.5844911573,31.9556741979,37.117503104,31.3686335012,32.9656814854,36.1584534447
34.859377203,37.3740805827,39.5370775841,35.7451739905,32.4692058028,31.9642773329,36.1490425501,31.7077657228,32.6804393051,35.965701405
38.0528921802,41.9597988073,43.9067275689,37.7659869189,36.7245383595,36.2773723578,37.4711213686,34.7779377167,34.1344784322,38.2277979569
42.1014328852,48.8407441719,48.8185082063,40.3729204329,39.4110052756,37.6833310994,39.7906356116,34.8900782045,38.6339410091,39.3788212969
41.2878795284,46.5346883819,46.4753324629,39.5123773464,37.9547001331,36.7366253003,39.7187819925,34.6486432342,37.0751381306,39.5848859694
41.8686151286,43.0646833224,42.5080058429,40.637023462,37.6785238745,35.9601147716,40.470105799,36.1722889078,34.4998091853,38.1535157773
40.4297658451,40.1373321981,40.8298781151,40.6874231842,37.2059243764,35.3940468311,40.0358800586,36.6528579758,33.6306659443,37.5357039237
40.8603996714,40.3267700629,41.9166412294,40.2236421625,37.0688887778,33.8567612618,39.0382084596,35.828992309,34.9617773818,36.3665554967
37.7956048669,37.1239369101,40.1594850194,37.5933674063,35.0420384285,32.4923995731,37.0840993762,35.2326667011,33.274688823,35.9050408594
36.0514608091,36.8356616231,40.1705094889,36.1405874472,34.5271649141,32.271900444,35.8918907477,34.8490706714,33.0752671023,35.7272305763
33.176301782,34.7986829444,37.9679052518,34.1118242386,32.9955152978,31.6628408937,34.8746983354,33.9889419895,31.8099116129,35.180959722
32.2359361803,31.5451213344,34.9351997878,31.7354219504,31.7730262549,30.2531878968,32.5479839909,33.6027550099,29.2628089853,33.1948122743
30.182147087,29.2964437407,32.6667591106,30.0972058504,30.4276100072,28.7012286034,30.5436173567,32.3754856384,27.8748992103,31.4393584517
34.9597883988,36.8385002505,38.6494040789,32.8380025565,34.1426829123,30.476782973,32.1506993431,33.3948851046,31.464563709,32.0074333698
32.790311486,35.1254391999,36.5617859967,30.8951184628,32.124109468,29.197566738,31.7337735587,32.0547234109,29.5540283658,31.5974310514
32.3318596856,31.2997738412,33.346149788,28.4200884678,30.27516178,26.951166604,28.6019906001,31.1521628344,25.7937401144,29.2681446547
38.7427133272,41.0455902107,41.1208863002,33.5449800274,36.2333471416,30.4229652466,31.8210030579,33.2284003228,29.6477530443,30.7242305423
33.3137580532,38.8697854296,38.00787071,31.9801808559,31.8464876297,27.7279561465,32.7711686659,29.1389906065,29.1552693122,30.3609319047
29.2204312248,32.9950033068,33.1329743539,30.1331837959,28.2385825565,25.768962945,31.8201650987,27.6340939543,25.8347370597,29.3703118044
26.8666852494,28.2696439682,30.2102183084,27.0532012166,25.526014163,23.7358401961,28.7367891142,26.2726021647,23.7341325095,27.6869985641
25.9254080301,27.0495824868,29.1302048779,26.218701585,24.7791785614,22.8388081954,27.8039469742,25.8042400215,23.4906431661,26.402081498
25.4579239953,25.4528622197,28.0775328704,24.1572408781,24.1311493083,22.1931468978,25.803100208,25.7603429802,22.2248818736,25.2924844117
23.2934171451,23.4099332909,25.781438306,22.6649950984,22.8978502808,21.0937447078,24.431191836,24.688292761,20.8446111088,23.7912802424
21.0299016377,21.3054191839,23.537534305,20.9540052995,21.4921835713,19.941531904,22.9041867654,23.2918338323,19.4228142455,22.2425359164
20.1915044215,20.4269877175,22.089689398,20.276400603,20.9476707887,19.276340232,22.2482137254,22.5171538835,18.6335579364,20.8815273805
18.7299340041,19.2528323517,20.8020571453,18.8874949757,19.7450786384,17.9884458089,21.1277878088,21.0937473382,18.0613885448,19.6344582187
19.3018848978,19.2589326638,20.2907359976,18.6541576796,19.6491244837,17.3017042947,20.848608753,20.8924593924,17.5907932509,18.505764221
20.4798115149,19.649551254,20.4019525811,18.4743212212,19.7383019986,16.5590178069,20.4171686085,20.824097546,17.2548460253,17.5259114548
19.4658822994,19.9560762324,20.3921137202,18.4209750692,19.259710616,15.6296149142,20.8368594763,20.0097043956,17.2664044869,16.9746825505
19.3565941737,19.7766558915,20.3332611082,17.6562981698,18.6710058088,14.7528158829,20.5810055465,19.5832159822,16.6334652607,16.3733031018
18.2466051692,19.3843716285,19.9093334453,17.1446122699,17.9365906777,14.0793508974,20.6408557643,19.0050911912,16.0383732423,15.9955928079
16.6273794417,18.4565868081,19.0010868848,16.4831046552,17.035293423,13.6635476965,20.6308643464,18.3692410862,15.2239160627,15.7165867373
14.6946068104,17.3502555743,17.8700911105,15.8521339099,16.0812114667,13.3578817321,20.6706400322,17.5541111657,14.617927497,15.4583031315
12.6504945012,15.517459831,16.2343338678,14.7585723616,14.8826563942,13.1536386295,20.0550432551,16.6845673274,13.7405994923,15.1883143746
19.8860652631,26.0559517884,24.7203784459,19.5401367816,20.4862856751,17.7805982802,23.8232746627,19.5764159354,19.8284452012,18.042960051
18.5881729661,22.8307966952,21.9646185529,17.9587585584,18.2582207394,16.1167865864,23.0247420884,18.2763905651,18.2695354083,17.9592073246
17.8764627072,21.0704431767,20.6948848426,18.1106629494,17.5706183393,15.3522689683,22.5812665788,18.0120922662,17.57458854,17.8157813679
20.8606879001,26.1143085337,25.0334976436,21.0890835625,20.5513174175,18.022429187,25.0062655725,19.8581251511,20.5724680994,19.8496693316
18.778372501,22.5415267926,22.3930718412,19.3424363415,18.5099427479,16.6546437407,24.0525879304,18.8688508258,18.9712057058,19.6210474157
17.898124307,20.0615962347,20.6437769383,18.8514020071,17.7127236684,15.9357127073,23.1675418814,18.8549675786,17.8013570992,19.0381963779
15.68289506,17.8222016946,19.1284964677,17.6402096603,16.7292660609,15.4645663657,22.1336275434,18.4144063856,16.9932709447,18.6859587182
22.7399441176,28.759479033,28.2351857038,22.5811511132,22.8583667467,20.6889218398,25.951942908,21.8889200006,23.0678240977,21.8546096495
19.4055943304,24.2975344069,24.1049130011,20.3880531126,20.0851146253,19.1888200897,25.2333889944,20.3290265255,20.8777147499,21.8584042755
18.8067750162,20.3504620282,21.1412587661,19.172044001,18.6743417419,17.9371435986,22.8806294205,19.9096711331,18.5589933546,20.643720346
20.977828903,23.5052274403,23.6975171494,20.87022207,20.9163236403,19.5759321146,23.4284430132,20.962605931,20.4154216207,21.2857362933
18.7152183577,24.8327024875,24.4289503692,21.5883455633,21.1162943284,20.758001353,24.9660432446,20.3423813233,22.0130751398,22.9091844722
15.9344126605,20.7369649822,20.9932110128,19.498800066,18.6343154024,18.8787461027,23.8578467044,18.8419276029,20.5822065727,22.1296230446
14.8290357468,17.1967077472,18.4998168919,17.9466736289,17.2458881201,17.5282324503,22.1081917254,18.6826911862,19.0692460828,21.1068523985
13.5792831619,15.1023240496,16.8088814122,17.1989597415,16.747495414,17.1018540377,21.2520949458,19.0133334826,18.1090675119,20.3536544436
12.5727622837,14.4885120968,16.1139907336,16.9799525149,16.9270575881,17.3884153942,21.168321265,19.4246515326,18.0078158508,20.0178128517
13.5467825246,17.7368871978,18.1667019485,19.0793244726,19.1746846762,19.9884942308,23.3114879183,21.018344795,20.0079223946,21.3392717152
24.8515191941,33.3587944103,31.6019914317,26.690003626,27.9500774562,27.5767232864,29.1491266011,26.011500964,28.6038616233,26.444352841
32.6209504089,44.7115665338,41.5225880381,32.7460653865,33.4734358,33.1054077961,34.9796685733,28.7154594179,35.0326070716,32.2673973431
28.8196887304,38.1518812058,34.2528065797,32.6105745631,30.0058659348,31.7724778943,37.1285975973,27.7632357788,32.4812387333,33.4522951145
30.8837696135,34.9588889552,32.0170721597,36.0243769424,30.7220930384,31.989141871,38.8768038707,30.0537333535,32.2083957306,33.7892507749
29.9581689614,30.8722069444,30.7562510443,36.1552715375,30.4733677816,32.3281124635,38.6644454399,31.6122053908,32.2165236812,34.7678920871
30.6364017609,29.8768434215,31.7978619736,36.1029030549,31.784358777,33.5901568075,37.9650508899,33.4860278417,33.3710890585,35.6950961139
27.8649667644,26.5180683761,30.2742327619,33.6020584377,30.8252281429,33.2494301595,35.7597667742,33.3600283799,33.190699702,35.9283371695
22.7622584269,21.7118768148,26.7772002368,30.2036180762,28.5632051064,32.0455451135,32.8228746056,32.0271918719,32.0808942467,35.5387526684
21.3360898118,19.7016718198,24.6886451154,29.0336745315,28.4900262879,32.2487256159,31.4953261652,32.5767861834,31.4451324879,34.8406800345
20.059894907,17.7785346406,23.0704414105,26.9609278763,28.1160886787,31.7428941422,29.2066942379,32.5335624894,30.8369660684,33.9336458699
19.2931842426,16.9160237329,21.7685029732,25.9559360205,27.9457258275,31.0876409907,27.8423666928,32.3663359528,30.5758891864,32.86042683
18.820189261,16.3899198898,20.7024479661,25.275320763,28.0334696232,30.7831859628,26.9431297831,32.6738085889,29.8515791568,31.9973116186
21.2020449416,19.0381425879,22.4469117299,25.8916136103,29.7146668315,31.0842021371,26.8287548212,33.4691846149,30.6767778309,31.4913172332
21.4879153435,19.6401781228,22.2087428682,26.1520723122,29.6177710393,30.2922062552,27.1821382689,33.2106483379,30.2773637558,30.7139617728
20.2140498437,18.6002453823,21.2213317717,25.2631697542,28.9064260039,29.5425884899,26.5460095309,32.8368760126,28.8338795307,30.2066325367
35.8460575031,41.8704023755,41.5067647186,37.8744229865,41.5053577126,40.68935674,35.5198310005,40.1179095854,39.6879605202,37.3114325895
30.8961691189,39.2746684574,37.455521632,35.3485522187,37.4776713139,40.2665909658,38.2300959681,37.0082056935,39.1537216176,39.7451469346
32.6313205949,38.8386825992,37.3182761264,37.2381138432,37.8988371852,40.2799790405,38.7017981027,36.9228371913,39.8255599946,40.8754439504
31.0764266627,34.3491037226,34.4079000597,36.0293466615,35.7166091479,38.6313344744,37.3803608796,36.0575489218,38.6785513138,40.9547723248
34.0365907512,35.1677016437,36.0473555186,37.617973362,37.2191946477,39.1422578615,37.22814302,37.693307475,39.4938780498,41.293990669
40.0004948951,41.6712267804,42.0296773117,41.8317703251,41.2478454032,42.0676779004,39.9026447163,40.7904310103,42.5930896278,43.1583543042
47.0241010519,47.6382466701,45.7415125659,47.4941375149,45.5239172751,45.3902953203,45.408444303,44.8512520347,44.8689507447,44.6790658186
55.9871833922,54.9888120711,51.8194767005,54.3120375548,50.9680039651,48.9077609858,51.0077730195,49.3478931296,48.3711064694,46.7747005684
56.9754380337,54.6480863253,52.5937222935,55.3200645632,50.7896701522,48.4494917379,53.0036424257,49.8220535797,49.2762554256,47.6292237986
56.1940470636,52.952315415,52.4892679314,56.2815784492,50.513977934,48.7919760401,53.9095163322,50.833773802,49.227704148,48.7943626302
54.1350741621,50.8181161584,51.9992860241,55.6499461653,49.7961930653,49.2545146354,53.9335914474,51.1826976727,49.4988643538,49.8500799673
50.3995487368,47.2037993352,50.1679741096,53.5537794669,48.3920129253,49.6936990023,52.7266998457,51.0723670044,49.1718544859,50.8300526482
55.3711593481,53.5634903697,56.611335443,56.399606117,52.936816381,53.6699575355,53.488743887,53.6223907478,52.9765482793,53.2575703915
61.9250393046,62.4597577013,64.6589616661,59.3762690238,57.6010145958,57.5480874134,55.4338533311,55.6124663507,57.3466926355,56.2651561877
64.1820683455,66.5573028332,67.6801348538,60.2516900011,58.8809416503,58.9266557111,56.5671813643,55.7819891631,58.9324926271,58.2276088651
67.1542655095,67.5192186589,64.146088265,63.6780802151,59.2336402687,59.3932266339,60.9628498159,56.9912715204,58.5238440571,57.4803715573
72.0081958189,68.3101929566,64.3961515334,68.0491854853,61.3697272825,60.7712836504,64.1107085985,60.2981469469,59.2841016202,57.9970797133
73.9783092127,69.2208134456,65.9408379009,70.6465023391,62.3533551357,62.3797337228,66.5649913106,62.0048064416,62.0132821662,59.7353596298
75.2168019457,69.5713934863,68.6178553622,71.2025342919,64.1179431008,64.5372682141,66.9165449335,63.9648226848,63.7595416282,61.9793298601
70.4447591051,65.7102611259,67.1429438786,67.5130034322,61.7014181812,62.4507793345,64.2202587896,61.4487446051,64.3615736782,61.9863414434
61.9771739959,57.5222530007,62.2550096549,62.1812634272,57.4091054116,59.7320384575,58.9070718406,59.0487012551,61.382604606,61.7150248166
50.4063141426,47.6764182552,53.5565743032,56.6916319831,52.0115833446,59.1287170101,55.2306626726,57.3385957165,57.5286343452,62.1044337647
41.4532894282,39.6077392624,45.9291999234,51.8552969507,48.2273250173,58.9830419356,52.1584928685,55.2187899372,56.24332274,61.7389798584
37.6156400807,33.0886027221,40.7718915045,47.121124232,47.0538940377,58.018739101,47.5530335209,54.0182273749,55.114063382,59.8028735596
40.4961426189,31.9765595444,39.2963190288,46.3558943196,49.0151139453,57.2197157175,44.4928173571,54.9443438087,55.1304825335,57.0229166796
43.89112573,33.6503109672,39.4688507178,47.9494691407,50.9390195524,56.9316323555,44.0513500034,56.6223239367,55.7152923513,55.428465271
44.0967736617,33.9925092075,39.6738482567,47.5803876704,51.2058100985,55.5526422185,42.9069177137,56.7519542037,55.5575787322,54.3630163901
46.414685601,38.9606985291,43.9286587981,49.1767375818,53.6424402068,56.4328366171,43.3478696664,57.8908801113,56.5942202782,55.0233716382
41.9782585583,37.7722124537,41.7417062434,47.6413517939,50.9143209779,55.8887671652,43.9708516455,56.1997828465,55.5709280528,55.5784990417
50.118720937,50.1889432228,53.2525571715,54.4455783959,58.4233558883,64.0717428441,48.3115153241,61.4790487594,59.669245182,60.9576296595
54.5259394532,57.008841493,57.491536187,54.9915273918,60.243452023,65.0812321138,51.2660103443,59.791817739,63.1901423278,61.8325304065
46.1133802556,47.9621670277,48.3268384345,51.8657888931,53.4972876136,62.7137789732,50.5658684892,56.5911321556,60.1394879983,62.6133500536
43.5022351508,43.8311495842,45.3496338859,51.7976627925,53.1051634477,64.4199344157,49.7678148227,57.6624116507,59.0403488518,63.9619375989
47.0377182977,45.232007146,48.0093093507,51.2175600315,55.3849521632,63.2566355363,47.4863640968,56.8885733495,61.5872761236,62.6933391729
48.5262322601,43.9856469793,46.646352062,51.1676403661,54.958812126,61.3423853493,46.3577721825,56.8048384818,60.6909290796,61.2322860203
50.1103630439,46.5093241493,49.3569424004,53.3008082688,56.1673219113,62.2800264281,46.7647499588,58.5200202312,61.0870643832,62.3190833895
50.1527191567,47.7925613705,50.7568280881,52.512647601,56.432327969,61.8656402783,46.615539444,58.2319426488,60.9690498513,62.1008972384
58.5677385229,59.2521218409,61.5113888229,58.4374655343,62.2720448879,65.7895844951,49.7626266798,61.0845190891,64.5212618486,64.6578017701
51.7553129582,54.897287979,55.9480935845,54.3712686302,57.0535678739,64.4709337272,50.5355396674,58.232290114,62.2969922356,65.1157879167
45.9144866709,48.115593477,49.7602997603,51.9769235773,53.2833443571,62.1752647708,48.593334728,56.0353777988,59.922689741,64.1580565049
38.9706363679,38.4094131428,41.5768879421,47.6254694219,48.9415595156,59.7024054518,45.4730337076,54.2596453969,56.0942592649,62.2116005509
38.9066282967,35.0814216048,39.382070535,46.2048236064,48.9199041755,57.7467931342,42.5675123246,53.8465100796,55.4304334888,59.3728184916
32.5297698929,28.8385024756,33.635902221,43.5270995759,44.9064124307,56.1746079428,40.8433883206,52.3611618578,53.6483285901,58.4651707824
25.5233387824,21.796812542,27.9109416058,39.2790408567,41.7754489795,54.88734722,37.7915190312,50.7236968014,51.390364635,57.204999143
20.3118092471,15.7399690191,22.8925786124,34.9222753246,39.6160563567,53.2572501581,33.9073479199,48.9748314061,49.3173439278,55.0481223204
20.887465949,15.1635766351,21.7294174285,34.0756875153,40.5289208704,52.9760199921,32.0196232302,49.2313023232,49.1570898461,52.8815993055
24.9035434343,15.6591147172,21.8952053314,33.3402027983,42.0139528691,50.4360902954,29.665687674,49.1812727705,48.7819881045,49.1836740508
31.0884876372,20.3459657511,24.4956387015,36.5852672042,44.8516641009,49.5154533795,31.0006399642,51.3076359397,48.5978005416,46.7092230831
33.4871901842,24.2064427193,27.0109775567,38.9062536103,45.7678094263,48.6947138614,33.3835055734,52.1276289988,48.3345725746,45.7022660179
31.5527776628,24.9221115877,27.5758006686,38.8945819163,44.6511254908,47.9048939678,34.889096688,51.3968597705,47.1793158525,45.6450374666
29.777561438,24.8962999703,27.6970794492,38.169433314,43.8453803788,47.4714463121,35.590158071,50.3526510232,45.9955552328,45.5096503114
28.864066866,24.228432539,27.5609514099,36.5522807157,42.8735462578,46.0396782408,34.74343469,48.5861625259,44.789313877,44.593298266
29.2641908884,23.9085435505,27.2513803333,35.8318767782,42.13252535,44.4767893098,34.0470876077,47.4108079525,43.3431042176,43.1981479763
27.7063927401,23.2256267502,26.4606682303,35.344067219,40.589073646,43.4518027617,33.9065599509,46.2798921025,42.0754252451,42.6810589376
24.2284777054,21.0289259236,24.4658670372,33.7748297763,38.666790307,43.0272621867,33.4138049407,45.1009342155,40.1299559191,42.4674238343
22.1184866476,19.2107703895,22.9272220781,32.0468424092,37.2742444921,41.9852116083,32.2380137291,43.2661584394,39.0866087237,41.406459189
22.1614850687,18.479205995,22.1945239968,31.1861736805,36.7278901995,40.9917660922,31.1908115908,42.27050016,38.3947024884,40.1409629544
22.9374573635,18.6268538096,22.0507994646,31.0337639869,36.4841637859,40.0622784378,30.6627788356,41.7792356477,37.8076083374,38.9387522942
24.9449908909,20.8430570529,23.8741619101,31.5246752183,37.3038506564,39.7247815471,30.5664335101,41.8291749246,38.1304421349,38.4078586142
32.1681155151,29.9310141486,31.2506307871,35.4237850147,41.6108546388,41.6728870088,33.1250129555,43.6190440078,40.8544192907,39.2213959048
33.5901781166,31.6737644904,32.3458017241,35.6072488799,40.7239487338,39.9115172206,34.1530630493,42.1663624946,40.4938507189,38.7655504835
44.6027121766,40.0131219138,37.2700990624,44.242548769,46.3555066954,42.1348265365,40.9879507345,46.641532995,41.7010936684,38.4821813954
70.2956086354,61.5695298537,51.1569955529,63.6245201501,61.5981354765,50.3819958669,56.9050659572,58.0593387647,47.9847008049,40.5060983718
94.0270884967,84.1607801267,71.1326496898,79.7209372437,74.5734606005,57.9235007559,70.4946174183,66.3682310051,57.6497503631,46.8848270041
102.828404397,94.8745729663,83.64694281,86.0112164645,78.5445006731,62.9482552506,78.508064725,69.433067716,63.1122199899,54.3895690825
118.433928341,110.550656823,95.5904883822,95.9820972844,88.6482911013,70.0487787838,88.0777288424,75.1635700527,68.0110906828,59.2571726065
145.778200194,138.50767019,124.665696803,113.371343682,104.619349209,79.4082776803,94.678574537,80.9974762739,79.305692985,67.4502595114
155.540617925,154.730678764,130.19169031,115.776523337,109.117840738,85.6447536564,106.626962549,83.3969367116,81.9725643475,70.9256380615
195.765743742,188.120986937,144.650534285,138.731143885,140.313184371,99.7562030878,124.377777833,99.9030549008,86.7409183001,72.0091615023
208.973198022,206.143873416,162.950773144,143.951897425,139.734236738,98.8922595138,129.387069473,95.9405283669,100.588805556,78.5804112859
196.113954364,195.665405211,163.898717647,135.091433179,126.947956664,97.033406425,123.144160842,92.3114056787,96.3693364198,83.6163881514
172.131841308,186.028019056,157.729302122,126.507928393,112.188345919,91.010389153,115.50476115,83.2293485467,93.6581317486,83.9790234202
150.185297988,172.697986769,147.544991127,117.152207961,99.8037139748,84.2195933427,108.043856222,75.9419055831,85.697819697,80.9992601052
128.52754769,155.026382121,133.53876192,108.120917829,85.8966510507,77.4878557782,100.565785966,68.9891727475,78.3390565359,78.3117264283
112.632013301,135.954131756,119.172047934,98.518354651,76.8351803662,73.7052436214,93.8605226952,66.3634307407,70.2111066227,75.1490984649
99.8268031809,119.792151918,107.840141182,90.1512647822,69.9457338334,69.6430930079,86.8003604148,63.018513451,66.2205775311,71.8941154342
92.9963590026,110.215559991,102.337302128,84.9522191982,66.6121634129,66.3531580966,80.2562196314,59.818905847,65.3647357415,69.1416166746
80.4806635202,94.6609288335,90.6152577419,76.7696755724,59.9366339027,63.6808075061,74.5134901967,57.2700758406,61.1754882551,67.6989411499
74.0391827591,84.3365801444,82.4471134733,71.792058417,57.5931200176,62.0512797459,69.634280868,56.3694524983,59.2020721988,65.3460336335
84.598368457,91.6357511604,91.2396305806,76.2841711876,66.4707374288,66.5588592422,68.42349928,61.0246669781,62.7727444971,65.9818060018
76.0138822431,85.0459712559,82.7294501174,70.0787836724,61.3936778179,64.3461706992,67.9400757137,57.8389387302,61.8562570916,65.0054141919
89.0628045613,91.4221763464,84.3169200735,78.4397219206,70.2654955866,67.5456879812,72.372128518,63.9388429749,63.0131821078,63.2003882626
128.718124796,125.202888121,119.568492421,102.960742175,95.9608808732,81.4511474782,80.9742922382,77.7907864453,74.4283998129,69.8199291366
129.481696228,138.655817313,122.834466325,101.660075015,93.8042859641,85.0759060513,92.3815405489,74.9422074081,81.5451107935,74.2854360577
157.468654275,159.958105237,126.678037501,119.447071791,111.464732318,95.2438832186,108.74321401,85.5735076047,85.5459581174,74.7185707107
162.615015323,158.472392867,131.240574075,118.269802937,109.701409487,95.2116810303,110.470187099,88.1876291521,89.7563342734,79.6835190643
149.395102773,148.983771694,129.141257228,111.463796963,102.616493507,91.0544516442,105.07431504,83.6145247567,89.5994599337,81.2675609454
125.377895791,134.462210582,120.570543807,102.531915602,89.2731949647,81.8599490904,96.0901916384,73.0272942328,87.044356874,80.1737914761
102.571085145,113.25264997,105.348823873,92.3951735103,76.8928328429,75.842452284,87.2959745504,67.2818383595,77.6390079574,78.4390650902
99.339022648,108.818826789,105.79335495,90.876864923,77.2712882837,76.9038393239,81.2222059501,67.8415313784,75.3226367141,78.3461283264
91.8943800869,103.836306042,100.901943249,84.0986098176,73.4341816458,76.5440373984,78.3947732169,65.6042110267,74.0463401395,77.5839014769
84.26968294,93.7911096541,89.5382319308,79.2339731461,68.7761248427,75.1677736057,76.3575067063,64.4851190296,70.9811072322,75.6205477146
93.2054004994,97.5250908219,92.5552903285,84.6090925251,75.0831145232,79.7021167003,77.3308908372,69.5783674173,73.5624270754,76.1411008858
102.192499128,105.25900129,99.5930553375,87.3506222661,81.121061917,82.250223495,78.8932146856,71.9962215553,78.1682632171,76.6203892598
103.106614769,106.298344138,99.2307914992,88.3835608243,81.3727870596,83.4051923905,80.7879796532,72.6149446617,79.722916858,77.8852249111
113.55054173,115.961455321,109.095325366,95.1607170807,88.4452914036,86.8269961806,82.5291209199,75.7600497911,83.5958148025,79.9203239552
108.42846181,113.694386165,106.11378184,90.1377626557,85.3756194123,84.6517510974,82.3894295016,73.8146060716,82.0215354365,79.1459547786
129.369387163,127.869885535,108.515858624,103.268480836,98.9415506425,89.7568424524,92.9432254679,82.791794751,82.0549280033,75.757866047
155.016195923,147.622520369,120.471108988,117.10465903,113.029247201,95.1787884624,104.59212839,91.3270279607,88.4120714166,76.416422542
156.102101546,149.234974191,126.289435174,115.892946259,109.883897306,92.9600592713,106.058349996,89.6864924311,92.0218790053,79.1911782363
142.170708447,141.387883427,123.74289116,111.420321475,100.132998084,88.5917623655,102.089244156,83.1925311245,91.8103944752,81.2959316237
125.717947992,127.239259016,115.092004456,103.191390442,92.0261560271,85.9208498372,96.6247245249,80.1208927823,85.1174346843,81.378222742
111.322760737,116.565974338,107.504686177,95.630780513,84.7450017311,79.8502622043,89.9041114309,74.1478012071,81.7267458228,78.2018245695
98.4686269789,102.227753268,97.4203900126,88.0954556646,77.4386252066,74.9662715476,82.9851473853,70.639247072,74.8286488511,75.1663684293
90.3790636452,90.704653695,89.2254387281,81.8092148905,74.1325715416,72.513863645,77.1206606725,70.3975532107,68.0770971074,71.852781569
88.3043745675,90.5332982133,90.2645515662,80.5187191679,73.7437317884,70.3870047817,73.0521350478,67.645210187,69.2560077865,69.9100955831
78.6172356474,79.6860527608,79.7916346151,73.0957569202,67.9609593749,68.1467677095,70.3281857393,65.7438552298,63.0095548779,67.5571514005
75.5982541316,74.6273125373,74.0753571774,71.4378131775,66.3098428836,65.5208178689,67.9514683992,64.192047082,61.5583574336,64.1881414684
71.3692494068,66.4479310917,68.2168093657,67.0527712791,64.5627926292,63.8251995798,64.4013877454,64.3023736419,57.057133327,61.8136431385
67.5749144621,61.9010754426,64.4227330981,63.9341551966,63.022870315,60.6959232462,60.8759246525,61.903124087,55.4865862696,58.615173592
64.580822141,58.3891161749,61.6003149304,61.0787195965,60.9121594232,56.8271403022,57.3046951903,58.9122490019,53.7554836251,55.4940075277
59.1468060928,53.2793919521,57.5756433127,57.2117286038,57.020087897,53.1410109729,53.448751839,55.8428537587,50.5734040791,53.1284585941
53.982600029,50.2551932256,54.2495004789,54.9367670613,53.2435627788,50.5872522536,51.5060386098,52.6559571361,49.2788280913,51.5264198005
49.8906404139,47.172848038,51.0615363704,52.646378741,50.0392527459,49.1033742987,50.2592328447,50.6091393102,48.142306272,50.5779332543
48.6361835134,44.4372928864,48.8965492908,50.0821083674,48.7285519202,47.9097290998,48.1337738158,50.1795658024,46.4267192015,49.066006673
47.4550670642,42.2949393362,46.9971978216,48.0786620991,47.7442912784,46.6696896742,45.9929736112,49.9097122006,44.8008521218,47.5071403912
51.826891725,46.4372565918,50.2151685489,49.4788038142,51.5547186789,48.242445365,46.0196923493,52.4222381518,44.7272758075,47.0723113053
61.0514790284,61.275461807,62.6671683881,56.6905708847,58.3041645826,52.7316738225,50.698707478,54.274250847,51.3272137076,50.2276025726
78.0249286625,82.7511088854,82.7905649888,68.4206186679,69.7309800461,62.7238030054,59.4658697784,59.9609044762,58.7538610625,57.4854570974
79.8364740952,88.3049355531,83.0369555096,68.9674107698,69.2055963949,64.6285106472,66.0363584194,59.1404937438,59.8555149518,59.9432400466
94.1053971184,99.2623555445,89.0316226585,80.336151968,76.2270966073,68.6144420335,73.7540852165,63.5321140925,63.5440562243,61.9946369474
104.056730971,106.907961713,95.1652742521,87.8156074946,80.2606941834,73.6302245904,80.8248667861,67.6919759236,67.9000049819,66.526865493
102.443690528,104.492088392,92.9914316639,86.6545553003,78.1471115799,73.7588174036,83.4108810244,67.5580930646,69.3900786538,68.1899810835
96.0661132899,96.497234357,88.4362040574,84.3733129851,73.9988924454,71.4533877194,81.2823008866,65.7849801358,69.3662855683,68.7941505284
87.5294540143,86.0999756094,82.5157276342,79.6964605881,69.6769170838,69.1886019969,77.0327335292,64.2584268906,67.2340119913,68.5231081149
79.0199058665,75.6794979298,76.001056458,74.0815214144,65.960195578,66.6824880222,71.7103692298,62.8686213025,64.1866286543,66.9671014586
70.0853167853,64.3447512428,68.0811885771,67.5708115058,62.6251545529,64.743642038,65.9284731119,62.214339016,59.2547019387,64.8235304144
61.9022616403,54.334821006,60.7907906579,60.2944329698,59.7780374695,61.1543952016,58.7106625205,59.946252049,54.2493749771,60.7476983331
59.7317711984,50.5161135269,56.4411276867,57.2280258344,59.5245324402,57.6786121209,54.25454897,58.3023376694,51.131481445,55.763201642
60.0181882917,51.6957061705,55.6385216917,57.444546934,58.6310369537,53.8512445266,52.8373725536,55.5783026439,51.7377916798,52.1466587891
60.2669364483,51.6068429094,54.8586601058,57.1164689061,57.8927461508,52.0541471958,52.4488080287,55.4445674563,49.619936645,50.4175152057
55.6105047068,47.6733582942,51.7871123795,53.7090451269,54.9568064271,50.008198929,50.3284691993,54.1411707669,45.8245118947,49.0138165176
52.5403407368,45.1604496125,49.162673851,51.2135474112,53.4297405073,48.3573233226,48.5467331366,52.6154004229,42.8280697553,46.8210305072
46.5698415161,41.9121311823,46.051169427,48.0997963131,49.1718641798,45.5314620481,46.215552482,48.226060382,41.5889619596,45.201850445
42.2034730741,39.1929882987,43.1619213453,45.7154723124,45.5884259644,43.5008372321,44.599146287,44.9409148855,40.7467605141,43.9770658908
37.6284866615,36.1059963697,39.9208417312,43.8323576349,42.1896867745,42.7412135998,43.8283852868,42.9196182281,40.2585852183,43.9379865698
35.8991817544,32.4780515283,37.3515585381,40.5652760097,40.6022569313,41.8193672244,41.0876153765,42.3712123952,38.6830251881,42.8270134185
33.4954522678,29.270140301,34.5092895956,38.0707913922,38.9646086288,40.7184073956,38.3152869535,41.6117505708,37.2613131406,41.5795599825
32.3605138538,27.8012381845,32.8280171203,36.5126952057,38.1404703598,39.4186681883,36.2154648347,40.7198358289,36.7069574239,39.9639573624
30.7902106598,26.4956609453,31.2801464221,34.9876578602,37.0133767693,37.9926175502,34.4807182527,39.683748227,36.0013049213,38.6303622174
31.8379139469,26.9392766517,31.2584482111,34.3143707203,36.9765154932,36.4027658895,33.2462022368,39.1715574323,35.7505653148,36.8929691664
32.4946864144,27.7711032397,31.6268891184,33.9278074717,36.7073133035,34.9642639756,32.546270453,38.8787943726,35.2103138093,35.708310415
35.5329679808,32.5261615884,35.2036116603,35.6477837109,38.9234415706,35.9354975824,33.8199047998,40.3122017573,35.8725730167,36.0500719663
32.9960078813,32.0484414462,34.1896101436,34.7404892317,37.2606351948,35.1632820997,34.3088468653,39.0453584759,34.609705276,36.0123414213
30.282802507,28.9620195661,31.2440180005,33.1608270846,35.6179629651,34.4805580915,33.5884173481,38.2324255507,31.5969748703,35.1171035559
27.781749159,26.2346187601,28.7924919097,31.4766013942,34.03871089,33.4989714233,32.0884301523,36.5629100247,29.6366147691,33.7663959728
26.4402031065,25.7960970957,28.0650667163,30.9299200167,32.674105186,32.0297117688,31.5110316669,34.2149395574,30.1811816368,32.5414268712
26.993759908,24.8670587522,27.3064633153,29.976170283,32.0724926318,31.0522546557,30.5513401545,33.8664265473,29.1196318155,31.3892661995
29.1963388386,27.8744113026,29.7040259403,30.9352130015,33.4979314243,31.7324680203,30.8933231013,34.4436468849,30.0087767011,31.5281125215
30.1644896052,30.9091803655,31.9506607375,31.8030677846,34.0200017362,31.9899769897,31.9677001301,33.8825597981,31.4654414983,32.1245475029
26.4083019923,25.3014744575,27.0761017057,28.916981855,31.2601653696,31.057517008,30.1846170765,32.838125404,26.5580911172,31.1449059403
27.7640331697,26.172040235,27.1954619041,29.8776863277,31.1302034978,29.1647056225,29.944472392,31.162047465,27.6247497572,28.982890875
26.2034321329,23.8873395721,25.7968024306,27.9494774394,29.5409653625,28.0122303152,28.1851009193,30.2419374226,25.5404999794,28.1972109758
25.6913201669,24.2155168229,25.9765484462,27.2037526501,28.354430536,25.9530240369,27.3698547042,28.3009758059,26.1263841362,26.7715883969
25.0032007725,23.2464350759,25.2504564439,25.8899040922,26.971672833,24.3270145409,26.5040369738,27.5693690805,24.9312101237,25.7230712102
30.9312909464,31.8019029513,32.2805195491,29.6360949746,32.2784925601,28.5844409635,29.4368869275,30.9024666819,27.6306796573,28.0805031191
26.3747283552,31.0150733549,30.7886724816,29.2239905393,30.9073079717,30.2041170046,31.1569989503,28.9706037304,26.7407454888,30.1335528339
22.5908886381,25.1569753237,25.3214197684,26.8042134952,27.1852950535,28.2296100506,29.2049351355,25.8350561929,23.7944222928,28.4795411866
24.1315483068,24.2143048574,24.4450362054,27.3688418107,26.7780323921,26.9129282234,28.1578105636,25.3656279661,24.2477185968,26.9213146403
20.7312023932,19.1695519517,20.6458866531,25.007817946,24.2320321205,25.988009935,25.7490660872,24.1176148576,21.2557838062,25.9071286318
20.2349140876,17.3487725579,19.1165189553,23.5647413248,23.2209483834,24.5234025377,23.2589912904,22.9149087671,20.6683001226,23.8610121769
20.9050793946,17.2141503492,18.924382542,22.5281163099,22.6944264628,22.5454165726,21.5214438288,22.2042900801,21.0073885992,21.9937527742
22.0248910078,18.4659821847,19.7840422115,22.3513238436,22.8104973163,20.8040311547,21.3921707715,22.2479546466,21.6183154812,20.6948458113
25.4687729452,25.6269490457,25.5480916896,25.1101317979,26.0587205128,22.4740359367,24.6157035419,24.1485125108,24.8628356334,22.2955863965
20.9109241091,22.3550287102,22.750789021,22.7628714563,23.2357363227,21.3857369756,24.5323507639,22.755610691,22.1743165294,22.6920724563
21.9744957012,23.5427973451,23.5162753961,23.497551247,23.9470292443,22.0805111758,25.1670643261,23.1883188518,22.1703030842,22.8923215512
18.8124434611,18.7745394278,19.719615336,20.9309606699,21.0216537565,20.9702162153,22.7999745577,21.4346646588,18.8464414511,21.9054143212
16.1638624132,14.6465459773,16.262182359,18.3599267918,18.1844753591,19.8332479282,18.9379984524,18.7476395341,16.0655256804,19.983884631
14.6333423547,12.9004276442,14.3355362226,16.5186568502,16.2199397115,18.026906094,16.056248631,16.3501219521,15.586915332,17.7842292473
26.9056849345,30.066122835,27.6729857315,24.8380505633,26.579601732,24.2506863703,23.1607692231,21.9282937585,24.6838185418,21.3015275199
29.6125914807,34.8319114821,31.3300671094,27.2723546247,28.6273943554,25.7578208077,27.3147150957,22.8150927021,26.6426542655,24.2878815401
30.0877686264,34.4397090874,30.9410597581,28.4819569546,27.6780049274,24.4536546705,28.9060596544,22.4963810323,26.3803673463,25.022605771
25.8231350428,26.8030185101,25.8131261099,25.8203352893,23.3858875701,22.0226295872,26.5924961349,20.955952241,21.7524990329,24.1703692158
19.7814858948,19.8593652285,20.8548588728,22.7592926318,19.4241172014,20.7882029048,23.3479688679,18.3909243153,18.0584092795,22.8348450239
15.1958005825,15.4275943821,17.2716162604,19.7636503312,16.3342837482,19.2985761361,20.2651528448,15.9353288282,16.8048847059,20.8735220783
12.11146914,11.2371840459,13.520697089,16.6032030291,13.5338983201,18.456872055,16.5253740229,13.9699125262,14.624939934,18.843513796
12.5397785395,10.0231728381,11.9178244477,14.7325113808,12.6848104403,16.9585048517,13.4285712747,13.3430500811,14.6000060823,16.3857163658
18.9779732701,19.715735135,18.6698784625,18.5875857434,19.1006238753,20.0744958064,16.9426587408,16.7537044371,19.9370363289,17.8328696144
21.2687842847,24.680597204,22.1278389151,20.6746714971,21.073125116,19.5931113899,20.344802643,17.6196243808,23.3170620528,18.9519584479
17.1235544141,19.3143221928,18.0303403049,18.5692437013,17.9028222722,17.4875565757,19.7914975236,16.509935208,19.3946476751,18.8330415573
15.2484740483,14.9326917451,14.8222110778,16.8055222244,15.6076027107,16.4499976799,17.4900198974,15.5940423718,15.8980510398,17.5731594959
12.4662041452,11.5286727916,12.1333973623,14.5343235454,12.983141025,15.2471694044,14.4407187511,13.3735133514,13.8851308031,15.9000328541
22.5875342258,24.4526479994,22.2227752743,20.0387818696,20.8770518227,19.1445122282,19.0281230657,17.7866361139,21.1554526406,17.691986456
20.057864412,22.0001727635,19.889370709,19.4669138848,18.8570559703,16.8029563894,20.3271805338,16.9528038427,19.824904134,17.5336165801
32.6300904412,37.9487168969,33.7234956249,29.7043195757,29.5977256104,24.7845677849,28.9722361407,23.9309275921,26.9188745437,22.9446750299
25.6979178983,31.4884509149,28.728091417,26.0139474666,23.9990902609,21.6550020274,28.7972853032,20.5303658325,24.4171217112,23.6750470617
24.1667481412,28.263530369,27.0854139585,25.6951696984,22.7458713614,21.2749816604,28.0301676695,20.4540189374,22.916865046,24.1410826901
21.7289581094,23.6394001826,24.2336931217,23.3037782768,20.3371640778,19.7157884606,25.7972323681,19.6981322629,21.1244322122,23.276506097
17.1984849572,17.0730040023,19.1751247207,20.3336199598,17.5583549672,20.0041337289,22.3830146223,18.6222229997,16.6958865228,22.3222930216
13.1942545522,13.2323231002,15.653312772,17.6690029743,15.0773227134,18.9479161346,18.8198241153,15.8607597662,15.6830885346,20.1404898758
10.2682469124,9.88628432512,12.2341198054,14.9864286794,12.7257685276,17.9212130331,15.2949681631,13.6356292736,14.3407563674,18.0548558723
7.51877121728,7.66709158755,9.390500593,13.0750036061,11.0340836439,16.7692407934,12.975065114,11.8702924438,13.8320696871,16.2061825804
5.99107575301,6.20769454747,7.23232054696,11.5882632254,9.98857878609,15.7258685395,11.307579206,10.9502050019,13.454458183,14.635360564
7.72648025824,6.47408767913,6.70081424517,11.1915920328,10.5310600524,14.7110753182,10.4645824823,11.6720870083,13.7368594334,13.086896073
10.5307374646,7.79325842148,7.34767074672,11.2338564759,11.7641504176,13.6581656551,10.0680870174,12.7581537797,14.0454489631,11.8503082416
17.8015157483,19.0232632115,15.6583614648,16.3858902974,19.0852607465,18.1975707323,15.1344674736,16.4004391835,18.8203404606,14.8110445817
26.4603580101,32.3483069345,26.7577386009,22.9300566902,25.4515198829,21.000447738,22.0978794763,19.1984596061,26.1352216882,18.6214066701
51.2131164651,62.3915096807,57.3907035636,42.5168281725,44.1046600682,35.985799525,37.9778461575,30.1230174143,38.8143784331,30.4396908333
40.0342677651,51.482117006,44.9150774083,35.957625663,33.648241777,30.950192596,40.0496284644,25.2640898833,32.951010237,31.6118502506
49.8450507895,50.1322798095,43.134698574,44.256410842,38.446947652,31.9249870447,44.1037053741,31.5987462778,30.1101691157,30.9926562993
48.8476647375,46.7951037779,43.6831759217,44.8136831668,37.8129035592,30.9997035054,43.8007031647,32.1181915536,30.2148812105,31.8507272589
38.6432258646,37.1281565579,38.7449513929,38.9649794429,32.1384995483,28.8506887324,39.4712415467,28.6620789704,26.8320933784,31.8230851098
30.8322445528,29.1897707745,33.5772252972,32.6914763857,27.3458933833,26.9858376361,33.5701832362,25.214265277,23.6579048787,30.0709751507
25.8964709424,23.6980399762,29.1357269567,27.1761144322,23.3780519972,24.524055308,27.5541104931,22.2066208726,21.7773285419,27.2664345085
22.0788988557,19.4271665221,24.8328219498,22.6584622115,20.2404512708,22.1592768943,22.4878015854,19.9630627593,19.8893124961,24.4177041982
34.2092171597,37.2165365501,38.4996479614,30.484494811,31.4397961616,29.2847690489,28.2703006064,25.7464944932,28.6888585057,27.7241579959
26.1640338959,27.9381443115,29.1527627893,24.5166739167,24.3018088868,25.3231216489,25.4049614732,21.3469296962,22.6976250304,26.1704278306
20.2846693086,19.4142523739,21.5052977939,21.4979898628,19.1321883946,22.903563748,20.4789165775,16.8986894343,16.9504763765,23.1224604047
15.5060417859,13.6623146604,16.1620302603,17.5312770602,13.5743151539,19.7846805319,14.4015091843,11.6863161809,14.2465045692,19.3543948853
19.3433698795,17.6676790171,18.0978068877,18.0271903384,15.8390225144,18.8596854519,13.9331044162,13.2597589625,17.5342830106,17.5128668912
23.7828324115,23.8988205581,22.1312855773,20.5555002342,20.5525781455,21.1538364577,16.8901634711,15.4413725315,19.6202265851,18.7895282474
27.1544213933,27.5648981568,23.6862694859,24.0764245464,22.9816601246,20.7894304577,20.9412041728,17.3299043806,21.2857101122,18.8763655938
19.1765707734,19.1001255564,17.9651375999,19.6436766263,16.1774953128,17.5364624296,17.6168103508,12.5048392806,16.2541465311,17.8960581977
23.8627678061,24.9566712715,22.474876926,22.9969020455,20.697876462,20.9082703862,20.2462968455,14.9935106508,18.9519260782,19.3145313136
19.6775203548,21.2695600091,19.4538441077,20.4731134506,16.6575146269,17.0170048832,19.2282615159,12.9955881982,18.953506785,17.973209794
12.0218121315,13.2838254071,13.7229219011,16.0555486935,11.2221827364,15.1696463133,15.7288858613,9.75563077601,14.3436439682,17.0181689089
7.46845833116,8.09139848069,9.46283241088,12.0651804698,6.9863387996,13.6363271965,11.3205736353,7.08102038519,12.0550435266,14.8785380145
4.42153097519,4.57363041918,5.96554920416,8.91796646933,4.0195084371,12.3830392918,7.40168069483,5.17941629852,10.7091538021,12.6169693429
3.18343914964,3.72299449092,4.32206509887,7.54862847461,4.14995002261,11.2763984517,6.42025407007,5.63393013939,11.2792088357,10.8110158723
5.17607184343,6.94543422706,6.01080976466,8.24890507867,7.21267713573,11.6324935995,8.27099940798,8.03643105295,13.5426867353,10.5859084546
3.06092065263,4.67501772424,3.49730446286,7.21498311897,6.0227772395,10.796335049,7.51942948177,7.15096409573,11.3360268066,9.79496096795
8.62939364609,9.10634726619,6.49155534802,9.34834195061,9.55135511634,11.7550826634,9.16419350021,9.88359803742,13.4938660117,9.82458233956
13.5037709961,15.3920041908,11.7835041815,12.0901270007,13.5547382801,12.1952373086,12.607052134,12.3175578404,17.0730258158,10.9184589656
13.4373878075,14.3101072706,11.229050894,12.338654832,13.1279631756,12.1177450374,13.0599259125,12.3014035734,14.4685409266,11.5097387956
12.1405625801,14.1263575302,11.3843410332,12.534946254,12.5276811618,11.3005437042,13.7095367552,11.4249707381,14.3257407627,11.5946423735
7.40639949669,9.29532281355,7.87432348877,10.1172772956,8.56951201912,10.2755042171,11.4972124003,8.48279666399,10.9375211343,11.0805312809
8.75839851921,10.2979070835,8.90201052393,9.51031496769,8.8398962856,9.91146759234,10.9555581644,8.86529155629,12.1449185252,10.5322170783
8.88955840195,9.01157840854,7.87778671552,8.72301273013,8.17704352926,9.06163265048,10.0519913092,8.9178136956,11.0331383337,9.60732219779
7.38222727983,6.95166359114,5.97474944692,7.61558838632,6.21289592263,8.77883265259,7.88771038102,7.24788083058,9.18282564691,8.67468405953
7.17521620689,6.80807126806,5.57314923228,6.21790963132,5.07773589649,8.2945669611,5.66056347865,5.78899474119,9.2542902958,7.7579640957
18.8360019714,22.829609056,17.7664306113,13.4923026095,15.4879166492,14.304869029,13.0084943742,11.5957153323,17.7282468867,11.4169398298
14.4986281077,19.4609865181,14.7605410499,13.3873366209,12.8684382977,11.9486921253,14.5696794437,9.64752923755,15.9916266156,12.0017860194
8.38483468464,11.9556223564,9.56422908217,10.4187510527,7.31122750941,10.0165629696,11.4945740604,5.79571492678,11.354161917,11.4632069972
15.7883538716,21.1388048596,17.0600936604,14.6863001428,13.2200170995,14.0478794216,15.2769961225,9.97631084962,16.9902747997,13.7784142292
14.0565946871,16.7827940886,14.3016631152,11.995034338,10.3327181641,11.2480937403,13.0920342277,8.81727336767,15.1096719827,13.0357692832
12.8449968201,14.0459629393,12.6347458359,10.8360405019,9.33498450076,9.26639776963,12.0151716538,8.91302290053,13.678957581,11.8388544783
15.0257530293,16.2876796711,14.747773176,11.2477120898,11.1059267878,9.87329810555,12.5373216851,10.4346786692,14.2520945956,11.9127540673
17.2328878811,20.9887908785,18.5262214532,13.1504583271,13.8249207147,11.1822505911,15.0878738248,11.8832589162,16.4121452316,12.9865061484
13.7242062439,17.3045600385,15.4621136072,12.055236244,11.6097589225,9.46255188797,15.1651523277,10.8530413244,13.8877382412,12.4535157955
9.90399518161,12.2509323315,11.6988885149,9.73789669272,8.32992537976,8.54897609091,12.7188359594,8.95991741267,10.5215501266,11.5334987262
4.59424526781,7.36168096182,7.52363400425,6.82016025672,4.19743252121,7.841864846,9.19869956346,5.3922371024,8.12579520241,10.16410038
5.79023511705,8.95644240733,7.83217153169,7.03452238146,4.80652535174,9.56329001948,8.41442780216,5.38180425651,9.58420978884,9.88179833539
3.21679324734,6.26067452521,5.1533016838,5.56806441375,3.36130991646,8.00675545958,7.05544920299,4.26473633177,9.2379608484,8.57564063989
3.09596912013,5.21820155682,4.03042089699,4.74186408054,3.51551099973,6.97254702843,6.61379766731,4.85640342615,9.17699169718,7.44617370918
7.69255624262,10.3757345615,7.85540096998,6.43701306235,7.25735074096,8.32363814058,8.6113526671,7.52995188701,12.0380074077,8.06214621955
7.46206807055,10.1358346741,7.52044498589,6.77909342577,7.60220649268,7.46022275459,9.46017310257,7.77091934507,11.5048655499,7.91614445229
7.07749834201,10.6499047056,7.99878097227,7.31427382076,8.14940877028,7.14752470164,10.805478111,8.14097839394,11.4820217255,8.14038147256
8.9400924312,9.60036538918,7.70231129229,6.53904088349,7.64279545518,6.1896872825,9.68064976198,8.51511688695,10.0473252202,7.39457626602
5.93839552527,6.68029191866,5.20697715205,5.54909820522,4.7852382186,6.00256372973,7.4111001323,5.92791425826,7.52358232542,6.74729607968
6.06275925499,5.80628387225,4.37740025646,4.28100521038,3.28090525415,5.53753573912,5.00974898757,4.59781618104,7.15554620155,5.62313008048
6.57565784379,5.69899394446,4.02158264208,3.46519389434,2.82274474608,4.91525994274,3.54802343858,4.09328151986,7.12079616691,4.56839011192
11.8589177146,13.1999471666,9.65108301925,5.89955686543,7.73270760683,6.42411774926,6.8766006497,6.92694048507,11.2218193935,5.46094600288
12.0446624038,13.8980773304,10.1808828796,6.60407281201,8.20865524636,5.33172728888,8.53881593063,7.16554617848,10.8255320826,5.50887761408
11.6512140907,13.2073039154,9.83727146763,6.97274204763,7.70176675043,4.55852757305,9.37624375291,7.01146071759,9.45183038395,5.39184996674
8.27143976664,10.2286793186,7.88541585044,5.30709702411,4.99432310731,3.51693132142,8.11399665651,4.94659106936,7.42991172622,5.02593993635
22.1149591438,31.9822854367,26.0483240519,15.9484299634,17.3469873557,12.9387195121,18.808866963,11.9062524956,19.2959014589,11.2912010622
14.7334818592,21.967935695,18.0374975012,11.994323447,10.4486521766,9.48571196393,16.7037825409,7.79665850295,13.6344582462,11.5398312532
31.7702648046,44.8358957696,39.0490157224,26.44023421,25.0961739269,21.6175968902,27.8712404321,16.1035312942,25.926488317,19.8388315296
38.1211451936,55.0863318987,49.1513434982,31.7487833518,30.0629877557,26.721156286,34.4074429999,18.2141994063,31.8297191094,26.8406528611
31.8217613598,46.0995967013,41.1555697744,28.222492745,23.5040747622,22.9390238717,32.6380212606,15.4087822547,28.0346068649,27.8102810507
27.5283167636,32.6480956431,30.9931212299,25.8296261716,18.2710202487,20.262037159,28.4875699067,14.9372336896,20.5582736128,25.8809060653
29.259236139,32.1773183887,31.6248324231,27.0343568151,19.980411958,20.3085549401,27.0716911592,16.9816908259,22.2118431916,24.7311035623
67.1614013249,74.9399528858,76.3458538014,54.5034852106,49.5743138742,43.0300602963,44.194625457,34.5787609448,41.7938719874,37.0312467464
105.868713847,117.0895918,126.328504465,81.3827313471,77.0517973192,67.2303392483,62.6534004968,48.5800593441,58.1942214112,54.1429574183
121.759927737,138.432877845,112.320975116,88.5168576803,86.9422088062,75.0936707789,90.7527281351,59.0708078248,59.9006120315,55.472312919
166.79729097,168.577885627,125.530979719,119.887233946,115.407234199,78.8137778488,110.29936034,75.2945622144,70.3122418863,56.523453947
147.194662782,143.006545771,124.717743104,104.558743064,95.4624941443,68.1762024752,100.315921932,70.2043169258,63.7554867683,62.2996185556
114.030900383,127.679559504,117.68595249,95.3566376811,77.1678017867,57.2236788737,87.336764053,55.0767340281,61.152438352,61.2502361348
83.4937142295,99.9287421091,100.347925934,77.1827147569,58.9580353279,50.319822792,74.1014352699,46.5462201087,46.3327788804,58.4807357969
59.1636736244,73.4957465828,79.1148608878,58.7532678348,43.1731386859,43.7057138283,60.5641205303,37.9726576444,34.3774825554,51.6156757221
46.0875911758,55.5149966053,63.2192760145,46.3583913297,33.6296244817,38.0112241202,48.4926602021,31.1371816553,28.3213910826,43.7369921878
37.4823354412,43.049695594,51.1430284781,37.6228835176,27.4309080781,33.1556565285,38.93984332,26.0331577782,25.2867939562,37.2498700984
47.192503357,55.6788106881,59.3679006143,43.2737797121,36.2859243077,36.7303424897,40.6499871677,29.4792374984,34.2257985057,37.1396718024
37.8038269506,45.0004635901,48.0893973225,35.3778111303,29.6057085241,32.2893042499,37.2322426576,26.0136007051,30.0416199503,35.4276543391
40.8912663309,40.8151380675,42.0596414613,36.9330685588,31.6326825923,31.4877595365,36.7662199364,29.1280443283,26.9043693008,32.2162488653
39.7784345983,37.6614528956,39.5558409711,35.8110128091,31.5591522494,29.4616236269,34.4140267832,28.749189742,26.250923561,30.1507151368
40.1392700786,38.1661916628,39.6193115876,35.7516594612,32.4567920262,28.1645577483,33.6839817025,28.6298793128,26.9410790388,28.7553432761
34.6363363552,31.4722582583,34.1582742335,31.742568358,29.0133414897,26.4074374247,30.8127697035,26.5991517278,22.3829660797,27.1766713851
39.3247476751,39.5502301403,40.2422314832,34.9976702441,33.6465155304,28.2009413115,32.5267623666,27.5797493961,27.0485874614,27.6613871043
35.223304818,36.9645634069,37.6386740761,31.607423381,29.2001188384,24.5879423935,31.1463124314,24.4700435324,26.469663329,26.693969763
34.6497329594,34.5993852025,35.5742686645,30.6748668444,28.0738102898,23.7789676755,30.2641503042,24.9600547287,24.0241114615,26.0526083382
35.2317670279,34.9546716676,35.6015916363,30.7631026344,28.3117200741,23.4377225381,30.2040532357,25.3663060575,23.8135151594,25.3729961397
35.5548173337,35.7749032301,36.4182281738,30.8444982572,29.3178899502,24.573105903,30.3825916222,25.862992755,23.4226448375,25.8403326301
31.0198367545,34.0192036463,34.1673551325,29.668947649,26.2614542506,22.2319743722,30.3237051105,23.054028242,23.9600893954,24.955394598
23.695484268,25.4004688887,27.503619426,25.3418028504,21.6200458892,21.4150694005,27.4928314436,21.1188753851,18.9908109163,24.4617325768
21.5697378621,22.16466199,24.6660100195,22.7835773567,19.6512056573,20.0019158395,24.4739220781,19.5213923934,18.4997088206,22.3543180884
23.4123814089,22.3967181048,24.4441565769,22.1451088571,20.4819031829,20.1302087161,22.8824101685,20.2565047917,18.7862450549,21.224466941
52.8424195115,60.8152896777,59.257789911,44.6483245498,43.3837175727,37.0205109015,38.6837865314,32.8962571994,38.0000347424,31.197215254
43.8198530537,51.6965271112,47.8188718459,37.8184810126,35.7692021403,33.6073879973,41.5503886602,29.6982134612,32.5107570755,32.3458117251
42.355754486,44.4373300792,42.0681825325,38.7103596492,33.7309093204,30.2605308265,39.4401112955,29.0737216964,29.233818869,31.0102681397
35.4006870007,34.8581739253,36.4100230846,33.9898593403,28.8432351753,27.1378634062,34.2561747502,26.3240164545,25.1404809442,29.739728473
29.5220405729,28.2141011875,31.795330075,29.0089898554,24.7176953778,24.2099148753,28.7961644475,23.2736863385,22.609700383,27.2965218148
46.0696333802,51.9754938366,52.5655377287,40.6486611013,38.6245709251,33.5511061892,36.505956368,30.1791116474,35.029590078,32.3685968772
34.9013195303,42.0352925542,42.1311453786,32.576043315,29.5064610663,28.3732512851,35.0497424109,25.3180375272,30.5490015805,31.86220465
33.515292441,34.4978208593,34.9124355934,33.1168998281,28.8046401089,28.4342396001,34.4783520459,27.3881837538,24.8403273041,30.4773883466
29.830258653,30.1059173201,31.5304986092,31.6835594362,27.078914984,27.0123660038,32.5814816982,25.9612319909,24.3393023522,28.8832843069
30.7733941305,31.0698375547,32.8464860427,31.4072349439,28.2511864531,27.264210049,31.5738020999,26.3243672233,26.0399897893,28.5575916559
27.6088715201,27.4894561932,29.8279514215,28.7442642472,26.1130604023,25.6574792754,29.6815513185,25.1717343709,24.8588811072,27.6069901945
21.8450335729,22.3552572322,25.6285062947,25.1467015154,22.8355972581,23.6468257648,26.7419565637,22.9748403279,23.0246586926,26.5190655147
19.4745155828,18.9974487887,22.8720940698,21.659835831,20.7821144697,21.6521372089,23.3399532875,21.6741236319,21.7011633851,24.6370307014
20.8782602862,18.7999809633,21.8943575357,21.0388041631,21.2136475335,20.8098183757,22.118038837,22.4953050168,21.0522428204,22.8164741594
19.5750810774,17.8927489652,20.489459923,19.9981958671,20.7453798518,19.9230375982,21.1341158907,22.33196175,19.9603860294,21.6172153288
19.4005106613,18.1453025405,20.2416071432,19.0809184986,20.5364848936,18.7173926174,20.3395520169,21.7569153668,19.6840354351,20.252585617
17.9075895305,17.7974437781,19.3519197192,18.3997308148,19.8216103685,17.7110943292,20.3190976384,21.1230476119,18.9168374212,19.3991931019
19.7642445487,22.1030636261,22.3629049639,19.9647097599,21.9062085668,19.4219050859,22.15926207,22.1444072863,20.5010892477,20.3480804594
22.1887695077,26.5953928367,25.4293479606,22.4344315718,23.8287101628,20.979163752,25.0261321015,22.9082759147,22.6255673373,21.7145923362
26.9114779398,35.4890958196,33.09709166,28.4876539267,29.6159953301,28.0134779884,30.8234475186,26.3267584124,26.7071179584,27.2050544538
23.5417504995,33.2059955183,30.5731312395,27.2153021516,26.3808162587,26.4129438574,31.5054949779,23.2566011775,27.6582099126,28.2952455459
28.0803901728,35.3508770886,33.3612133463,29.682162229,28.3423600701,28.0546802048,32.2780313866,25.1501131246,29.2263462485,30.1136063629
25.4643100389,30.0796396035,29.5828164174,28.0335460828,25.8256171977,26.7984099345,30.9452658751,24.6434039003,27.2797801427,30.2470210545
22.3055785624,23.882989063,25.0928810254,26.210988323,23.6204031684,25.4023247906,28.608927951,24.3155908056,24.6088199615,29.0455558371
23.0363245304,22.0826495952,24.0878552439,25.860755188,23.8570323488,24.5349113475,27.1612430045,25.0447581812,24.3885863874,27.3252636088
21.8581048663,19.7903695172,22.6342829843,24.2123279306,23.3698560295,23.7636714238,25.2756158159,25.3328682811,23.1566149736,26.1047009985
20.340239856,18.401160981,21.4214770194,22.611898743,22.8294991091,22.8041852977,23.6526225245,24.8418220492,22.3533908301,24.7167407593
20.2864549436,18.189046856,20.8405561836,21.6989624322,22.8368454282,21.9900968877,22.6657691595,24.6871963897,21.7241017126,23.2929999956
23.9549268576,24.6226006113,25.6899061075,23.8704168628,26.0502836974,23.6699594036,24.4939649182,25.9640222437,24.6938549612,24.0968600594
22.4621767373,24.2586810336,24.9556076743,22.8345269326,24.7394286444,22.5535297112,24.6125773998,24.7656627878,24.0176805922,24.0558503418
25.2656885259,30.1124920561,29.5516395922,25.8504015692,27.7539822755,25.5735293727,27.405482998,26.2554934869,26.1914455897,26.3275449969
30.6147153187,38.8354492061,36.8189645015,30.0547338606,31.4248549164,28.7505561447,31.4583124556,27.5137274592,30.8943220884,29.462966624
27.4271623606,35.9933733788,33.9226407728,29.8930865505,29.1080725015,28.7760371343,33.0409401808,26.5587480803,29.6389774937,31.3173512315
25.6908158498,30.114674452,28.9585326353,29.5940863551,27.0933929448,27.8311450176,32.8230205086,26.6401005572,26.857725791,30.6257796356
23.9129944292,25.2170566319,26.225882923,28.1165845537,25.4210655835,26.4502480508,30.5345537911,26.2402116411,25.6448600382,29.5725066737
22.9394976147,22.4835302955,24.7289753584,26.9039883367,24.7224656376,25.5226966936,28.811112787,26.2649394126,25.1204892406,28.3483929644
20.4514772319,19.9167762034,23.0087352503,25.1445985314,23.7661570207,24.8812273164,27.2580811476,26.017855065,24.5071181805,27.6508466198
19.1859774223,19.1546414839,22.1926475321,24.3333255722,23.6940476232,24.8039678797,26.7210643589,26.1074220065,24.5768573878,27.06212473
17.6727008734,17.9829101785,20.9931124757,23.1691608315,23.288269504,24.6136074245,26.0321950824,26.0144069775,24.2566267274,26.6195127988
18.9141013415,17.6076226196,20.5945712673,22.2750048616,23.6248647543,24.0176159829,24.768174413,26.3871167764,23.8409256627,25.4322207911
25.0279031314,24.7832998366,26.0452502648,25.5472310407,28.141878399,26.6120162665,26.5739050148,29.1957506,26.7302051447,26.441190295
31.334220398,33.3151626874,32.9409724807,29.1702882693,32.1489442772,28.4393323119,29.4616112379,30.6633521089,30.6088262491,28.1474299695
30.1780430109,31.8139258134,31.3548843457,28.8667643686,30.4583909599,26.975740856,30.050626874,29.8084791106,28.7264458906,28.2942669584
27.9637128109,31.4596394453,31.2521741533,29.6619302867,29.6988359861,27.1853814893,31.0582595388,29.2872611135,28.3128008231,29.4058219569
24.6416452638,28.721758427,29.1516075012,28.4685803227,27.70984819,26.7852245842,31.072438029,28.0762780595,27.1980779136,29.7385817225
21.8931501573,24.4570377628,25.8214325885,26.8543041095,25.7111685201,26.0781805914,30.051227678,27.3375503268,25.3643815328,29.1289115033
27.313479235,31.5449611074,31.9743972298,30.9005344256,30.2071458338,30.2051079527,32.5836100171,30.2415965293,29.6818845841,31.3614331854
32.7286919143,34.9117356971,34.7702212765,32.3131045847,32.3995870619,30.8121583386,33.7383505495,31.6148627624,31.5494405505,31.6337039503
34.1483830776,34.4048232205,34.7506671498,32.9444715611,33.0040202442,30.866125534,33.6237531619,32.8010988467,30.5256420053,31.9831470299
32.7518448304,35.4274857433,35.3562680404,34.7138993645,32.9369500034,31.1310960964,35.3412281811,32.2717421852,31.8332163986,32.8434438555
57.3699443726,65.4640372216,64.8577962539,53.4358990809,51.20392942,47.2127778108,47.1304115304,43.528615826,45.5051083944,43.0105926384
47.293636848,56.9946206951,54.7100705055,44.4608039668,43.4464894807,44.6660955036,48.3734250446,39.0852826546,41.7065129063,44.2070665984
69.4699290282,74.0988778771,67.3552294928,61.5315993316,57.5295720722,51.4399699548,56.5282876595,47.7281971534,48.5272380151,46.7842764353
69.9338311316,73.0334367199,66.4251602834,62.3649526921,56.250408063,51.5273677565,60.9651555495,48.6685951321,49.299681304,49.2903233616
81.1437227605,81.5682937063,72.3342879784,72.417136037,62.6866405176,54.4886660145,67.558954869,53.204309962,54.1269980307,51.0596804868
82.9070200149,82.0642913591,75.1525881697,74.223355232,62.2932116609,54.7032353783,69.9672143627,54.3553580114,56.6334852142,53.6527680907
81.7226413786,80.3078577343,76.5260156734,74.5021503096,61.9312657738,55.8159738881,70.0308517956,55.914953152,57.3305556399,56.1775943948
83.8013521287,84.0212816038,82.7869763869,75.8160025484,64.5268565529,58.5700038779,69.5543584856,57.8079091491,60.1458351469,59.0914933342
85.3776924137,89.709413291,89.9676066616,76.0771389275,66.558508099,61.0121496308,68.9200160902,58.1747965847,63.1408260435,61.968766139
93.0308862257,99.9971695072,97.9582835749,82.0831995985,72.2676990786,68.5412351916,73.3272762131,62.6322412118,66.2015936197,66.7680483929
91.5942392777,100.548479469,92.7029079353,80.1720272298,70.3174289078,68.800776178,77.3183803413,61.8105200325,67.0470278897,66.4637692264
92.4279192121,95.9380072102,87.1535889162,82.2998637709,70.0725169556,69.4200512541,78.9096824071,64.2586693562,66.248956822,66.6156616415
86.2947376817,87.8329064096,82.7770386863,79.236805046,66.4563618608,67.6082920213,76.1821935226,63.0367718832,66.955698581,67.1558576118
80.4410484242,80.5562393484,78.9349944312,76.2577320462,64.4936244022,67.4226091423,72.9217018745,62.7291073893,66.6862828289,67.8378575506
93.8085933593,93.7425499253,94.533907368,83.6005447642,75.3415695173,74.2463968075,72.6621177751,68.1879483316,72.4635080615,71.3268481947
91.3265665275,96.9975681198,96.5240877848,80.1494289313,74.7155222467,76.0976628256,73.4339790936,66.9519183419,74.2457830871,73.728053726
95.2029062816,102.965972317,100.481230739,84.0243339842,77.6289843015,78.8577450985,74.7731858486,67.9283507802,76.3892658997,75.8915600308
94.2340117593,101.833000055,94.1648337966,82.3938032961,75.8726419869,78.0601653952,77.5065721333,67.4284695246,75.3551298914,74.3098292178
108.772921995,110.019428354,95.705889598,91.4795304683,82.9514032427,77.5366660011,82.9098563438,70.9822799788,77.5284036053,70.508106704
120.830995712,116.151603744,100.427649263,99.1003607161,88.0669608723,78.9782432487,88.2139546265,76.406119874,79.1099259998,70.8119493402
120.641556009,116.65057355,104.135801921,100.141236066,86.7563021083,78.527135211,89.0099466709,76.8973963466,81.3310445383,73.004179242
113.495726772,112.849811744,104.036729653,96.2418865273,83.1820578716,75.7601417587,86.318015984,74.2698265678,80.549782848,73.0407445221
105.161756504,106.162889284,100.211214177,91.5898647258,79.056668883,72.5675722436,82.4806526265,72.2580106672,76.4640130735,71.6521068064
96.6966004534,98.4176934024,94.4274250211,86.7036794387,74.5106886192,69.5925426116,78.7846389675,70.5235694977,71.9082233536,69.7365391688
98.8323975689,102.911737644,101.745259033,89.2474439511,77.3172502872,72.5874421179,76.8247870613,71.6466907852,73.4250313733,72.0639891189
106.810065034,115.829583142,115.238489594,92.3199081567,83.8459932119,79.2766203317,78.3966027229,73.4807270965,76.9999457432,75.9927089449
102.072474434,115.639988479,104.498826893,87.9562803168,79.3003336045,79.7142863663,84.3413905855,70.7781417244,75.7663460148,74.5090321877
110.717671298,117.389646284,101.933461442,93.8033296591,82.6306527519,78.7544348707,87.2131832805,72.591849744,76.7565002258,71.967148968
124.921090662,126.439680087,115.760044483,102.379009462,90.7292268562,82.840641744,87.6252508146,77.5834981909,80.899760568,75.5627287929
110.491122457,119.730915278,108.587865215,93.1333287796,81.0620531407,78.7305612773,86.8702629674,71.2638333696,80.539096724,75.5008838357
106.369912656,112.69899471,101.586444406,92.900029583,78.776272076,76.2306835849,85.2121837883,70.7846632448,77.1087537119,73.5629943914
100.19143417,104.524287235,96.8916752549,88.7166337148,74.9006648379,72.6403065425,81.3237026623,69.2999366331,74.7372655637,71.9049935711
99.2924404904,102.634120923,97.2215569937,88.3250680174,75.1890438377,71.8139173734,78.7653369572,69.4527190678,73.9502404957,71.1241253241
93.6801176671,98.5513049476,95.3215497872,84.4184498753,72.4070135433,70.4616318012,76.0154617403,67.9853769201,72.4700838996,70.9449128935
87.5606567514,92.3829701851,88.7960929905,80.1138273058,68.8991815192,67.8139893903,73.9458740478,66.0029046877,69.4803085348,68.5163276192
99.6865981759,103.43440226,101.123166146,88.2642366283,77.6049187031,73.377779045,74.8531006265,71.0348607624,72.7775280562,71.106508338
93.0372135079,102.46057234,98.7502057714,82.6564679058,73.7229526346,74.0558377445,75.9561623365,68.4952365355,72.9092228788,72.6747008143
90.1108502079,98.1849185462,90.812635904,81.2516599362,71.5024245328,72.1166329802,76.6617611139,66.8998546419,71.1088639449,70.1561873595
95.1905203917,97.975985573,89.2465725287,85.0160143668,73.8134778247,72.8860509785,78.457147578,69.4486564943,71.3709887932,69.3199144531
97.3860668922,97.5366446022,90.2166712848,85.5956404299,74.8227568292,72.6295999063,78.546006341,70.3050952709,72.7755976151,69.2301861483
96.4065139125,96.083142845,90.3001145323,84.9703519923,74.3122026399,71.0563049547,77.4205061589,69.4418493459,73.3704150658,68.7444062654
89.4406064973,89.1719733552,85.9920205678,81.3183512037,70.2718230189,68.5594649471,74.6263579748,67.7638118947,71.082596232,68.3070436456
82.0407982797,81.7060142533,80.3049108197,77.8680597646,66.7081227744,67.4998222058,72.2082549527,66.9811595927,68.5176052595,68.0145428807
72.5416188976,72.2348110093,73.5048689112,72.1635746161,62.2524112646,66.1609707427,68.4344790286,65.1830142699,66.2157778737,67.687400468
65.6390857021,64.2130561888,67.0154902007,67.4114753389,59.6650283669,65.6342513716,65.0181230524,64.0621658062,64.3202936128,66.7189699568
58.8145570138,56.3720784739,60.2359957049,63.2643608801,56.9637530791,65.7763575099,62.0618572973,63.1401009205,63.2005498525,66.4641704957
54.0953759447,50.0810680151,54.9456728467,59.5782205134,55.4744381978,65.4567422208,58.8556415128,61.9222754906,63.2250324149,65.6147305464
49.1310833328,42.9546661392,49.4044457394,55.2742903232,53.7519449944,64.3733546318,54.4717172426,60.7844179846,62.1635102172,64.5512418788
43.0927332246,35.8680209942,43.5731744043,50.854363529,51.3132004825,62.5117781865,49.5896711406,58.9441171622,60.7910439434,63.2475898314
42.0151101805,33.0617479139,40.559105703,49.1605762083,51.4276609047,61.2338094177,46.5390712356,58.4379319256,60.3602342819,61.123112249
43.4158223041,32.7163127123,39.4922945439,49.0111851234,52.542608841,60.5384805547,44.9784494844,59.351541129,59.9090130049,59.3685942956
47.3940866872,36.3881573158,41.4096514865,51.5443996395,55.403725968,61.666957646,46.1431884199,61.8401873576,60.5871379553,58.802491555
51.8801627543,41.6332209655,45.7781574372,53.5976947351,58.2342603084,61.6933205725,47.1314118122,62.711068902,62.4825736215,58.5480082573
53.6002502481,44.2523089353,47.8380484599,54.2528051525,58.779837351,60.5930850263,47.7152015725,62.4828853609,62.3058384623,58.1689202004
51.5793559959,43.41415183,46.5912170506,54.0266189721,57.2480293631,59.8917042234,48.3904187098,62.4118543192,60.0559395026,58.1185052496
50.07989471,42.7677228385,45.9992375395,53.4143971517,55.9686566382,58.3678609564,48.3411329352,60.9343747991,59.2016339819,57.1518452544
48.2072499337,41.3020595207,44.5528107488,52.9720863812,54.8546627363,58.7008117065,48.8478755964,61.189782001,57.4414606703,57.2558398929
51.7224551837,43.5722358133,46.6631793189,53.5628045661,56.7073856144,57.9622647912,48.9534671329,60.9696170139,57.9678121519,55.6146239804
78.6063338237,74.8273296148,78.2800265029,72.2034942593,74.7552486767,71.8893269032,57.5704042692,71.7736508142,68.4309817818,64.5052085147
63.3826367557,68.6415955419,67.9746651374,60.5933078746,62.7065269323,67.9530314343,59.6829057783,62.4725283155,67.3121483355,65.2575202543
67.9016235609,68.4555392296,65.4815402157,66.2321177396,65.1348283332,68.5055187279,61.4380773921,64.5482903714,65.7536560419,64.8319078347
67.092391166,64.9140504829,62.483053903,65.8459267711,63.1064752252,67.3242271398,62.1440719877,64.1469435563,65.6005988606,64.7023174338
66.0313397734,61.6576401368,61.3937713923,65.575237303,62.3235621117,66.3702831858,60.9595858717,63.9675618963,65.6732675471,64.732865369
62.6619587417,57.102151391,58.9669177498,63.0622841955,60.2666713843,64.2884116233,58.6511094784,62.5516779657,64.9379476301,63.8961663473
59.079741678,52.7570123052,56.481348042,60.638727793,58.450856048,62.593486507,55.8633694319,61.7323785562,63.4134590352,63.0948384974
78.4376589173,75.2329573564,79.6624155445,72.5825537365,72.374465598,71.4004411686,59.3654762542,68.8971017647,70.7103200232,67.8536156698
91.8738497454,95.695403575,97.3608959557,78.6833967642,80.7379767641,78.7731784421,66.3958330668,71.6567437959,76.1625864663,72.9662669984
144.489746553,145.353392971,112.128767122,113.844303185,111.965551994,98.2359295162,98.9438708564,87.9406059386,86.4041670369,72.3809583702
193.205515006,179.477347027,142.781784194,138.210961315,135.219582434,112.897142193,115.791519734,102.964334969,100.477798882,82.9006134959
212.148983688,197.070380785,178.866666044,142.959398941,142.874234306,117.183896158,112.408357085,102.976712186,111.501022099,93.1658381115
206.292145762,212.960821682,178.459134765,138.72883353,141.103920536,121.6845289,121.835419,97.4420545739,113.607054866,93.9013191386
222.151678031,228.992460314,180.826267225,150.831825909,151.788889427,125.702180624,131.309699055,99.7501972654,116.007130976,93.0681001563
215.654626087,218.56519025,178.379983059,142.242811593,137.849965581,123.548062326,128.586203043,99.2145038254,116.978708675,98.8462343452
195.638463066,206.897519068,170.806473562,131.525802153,125.120967621,118.290408218,121.459641758,93.4766281067,116.110622797,99.5621431838
164.832989071,184.714242899,153.973222136,118.984395631,107.93416113,109.906965815,112.546792298,85.4100804656,109.70481959,99.3801930188
131.838592198,158.370891029,132.280257112,105.873585434,91.8546781916,100.432901356,102.656336242,76.7376543807,100.992533024,96.9405012841
105.317735975,130.513166979,110.076791319,94.1453828743,79.1127726185,91.9635144694,93.1628564365,70.0403577027,91.8125282632,93.1501556832
88.0713832686,105.131496836,91.5380147852,84.5592764804,70.7604611255,85.5558065321,84.297199603,66.5197476517,84.1705818352,88.6276328733
78.6578537398,86.507670173,79.0808929519,78.2738957559,65.8696174091,79.8601166692,76.4057393731,64.2300465647,80.712749198,83.7740929652
69.900697283,69.0529015958,68.1304636752,72.3356106008,61.8358472353,77.1365078079,69.3980557518,64.7918051435,76.4122042949,81.125325297
84.6969803612,80.1474211601,82.7142079091,79.9491176473,74.0632650384,83.2498678631,67.585193611,72.4661394338,81.0186336662,81.9672440097
78.4980651692,76.6539229034,77.0433437565,73.170546192,70.2434532862,80.3547890518,67.2671990992,69.2569310194,81.6236342035,79.4430663787
75.8361607576,69.5838617617,70.4930665108,71.8408064682,68.772256215,75.4470421544,63.7702166362,68.8556746506,78.1444461739,75.2689166117
72.3163860578,63.5111915629,65.9673952188,69.9622208454,66.9419228644,72.0813524713,60.8961271019,69.5515243436,74.2977988519,72.4037035647
68.2599357813,60.1276282737,63.364645617,68.2440184052,64.6085057692,68.9039429602,59.0158537017,68.1623501055,73.0200669389,70.0107315273
63.4260650711,55.0164391577,59.5955889887,64.8955175508,62.4987842659,67.5292619977,57.0024039423,68.5024318008,69.2439249716,68.4688638058
62.7771657327,54.2794753791,58.6939042614,63.4146745212,62.6541347148,65.8418455255,55.7627416941,67.9421986233,68.1278908129,65.7909659678
60.755037386,52.2991016434,56.9798382489,61.4470391534,61.4542491075,64.1989849212,54.3363627685,67.4168610967,65.9291009611,64.0638876168
56.8252899779,49.473186295,54.0827511028,59.3594297296,59.53724526,63.4960418998,53.4247582546,66.9371301767,63.3859161618,63.0864206705
55.0597157021,48.3145102861,52.8367594261,57.5936819931,59.0622436101,62.6193470691,52.3409207898,65.8318975134,62.3204456104,61.6194733281
59.4695029224,53.8630865624,57.7027161155,59.3733780814,62.3628024746,63.6558876465,52.6436080419,66.4115489129,63.5734040113,61.5375329428
56.5024769561,51.6525719162,54.7018866458,56.8191689492,59.6934233642,61.8556583905,52.2399811376,64.2748934751,61.3860744372,60.4308618406
55.2766155114,50.7239717541,53.5013384593,56.724693812,58.7238898939,60.7106602502,51.6479483006,63.1689584009,60.1637087987,59.6201117988
53.0146896075,48.4276247345,51.3865563557,55.1554257209,57.0257122238,59.4675619626,50.8432519562,61.8547819608,58.4624748088,58.674965564
56.3929978543,51.7982429598,54.6970344643,56.3390718558,59.4249448274,59.8733279053,50.6918394123,62.4328217777,58.7918712468,58.2861210864
63.0117698727,60.4390668592,62.2216677057,60.1461489194,63.8515564346,62.5715264337,53.1509944228,64.2813939548,60.8035005154,59.8324307037
83.0548042319,81.6781120836,76.4405079396,74.7940569482,75.3580111912,71.567816336,65.0214437357,71.1093275502,67.3902468666,63.5291004667
85.854041519,85.6686429036,77.9719958449,76.6315809204,74.1501526523,73.2522918803,71.5942451855,70.6943834265,70.5050939479,66.4021213986
76.3476556503,75.7430138973,72.2291164899,72.5414419811,67.7175108613,70.6994305436,69.3649021021,67.3486235335,69.1805283208,68.2457948138
66.1607546824,65.0113138048,65.2115868748,67.3299793723,62.3220330071,67.7915783357,64.9476718569,63.7283073969,67.1047011742,68.0480960479
61.4063694892,59.6430120627,62.6661796025,64.8069198211,60.8496438005,68.3948728316,61.4235544873,63.3333228425,66.3224361992,69.1250171609
62.2562728553,60.2068383093,64.5840677462,62.6057086692,62.2393898747,67.895657807,58.0338947218,62.3630952538,67.5065841235,68.2519497135
53.6474501644,50.5840064728,55.3547060831,56.5698224308,56.0058141687,63.7541090188,53.8952274475,58.856752446,63.5503133096,65.9568006505
49.182309722,44.2007175255,49.7358047831,53.9517366912,53.5813953283,61.3115118716,50.0492986064,58.0326503346,60.3902138216,63.5848020764
45.0852857415,39.2597823439,45.2696233382,50.8905261592,51.5240588266,59.5578488436,47.1685190105,57.2610217035,57.9754655517,61.4057926555
43.2241437388,37.716079439,43.4601600315,49.6251135725,51.1872443999,59.1970106847,45.6687786906,57.1641553564,57.2288445415,60.0791371133
43.1905775375,36.5477407848,42.0589026007,47.9220492648,51.1623003227,57.4011919784,43.9234448035,56.3180245896,56.5344800774,57.5822815645
38.7974538692,32.5543394808,37.7892218672,46.0282357793,48.6578648792,56.2750642707,42.6986213992,55.7096407365,54.0644439002,56.5879452232
37.5198380495,30.7291094002,35.897284491,44.6943243841,48.3806630524,55.1530693126,41.4622844087,55.0861983526,53.0318829995,54.6438668807
35.7458422781,28.8769434837,33.936143607,43.4397375596,47.5305882202,54.2747698711,40.4439278778,54.5530747698,51.8127392323,53.3928550272
33.854482849,26.9168150586,32.0155806625,41.7099818083,46.5851760688,53.0075632411,39.0407709667,53.5273017599,50.2363013041,51.7856194451
30.5506795775,24.306555343,29.2014525474,39.9702679256,45.335241004,52.8176674826,38.0160203413,53.0422502571,48.0435195079,51.0280721588
28.2786235847,22.243657621,27.2215008737,37.891305433,44.3344318607,51.3488287863,36.1621957921,51.0784893541,47.077357517,49.3563834669
26.8878711054,21.780541001,26.1588991145,37.3177578507,43.4312261025,50.5234075859,35.5213728367,49.5597991558,47.0046301777,48.5622518639
27.4758417479,21.2269396475,25.4017485416,36.558843343,43.3629013568,49.4611971064,34.6334099012,48.9856670941,46.1813732036,47.1578949777
27.6152753624,21.0834423743,24.8029318128,36.6236093489,43.0092464396,48.7120635292,34.4312486532,48.8077135391,45.4213822274,46.2747976525
26.4900356549,20.559389553,24.0313196928,36.3622035228,42.3254657432,48.3423607776,34.4789205505,48.4414187702,44.6152323409,45.8513112803
25.3114208061,19.6469448842,23.3980772032,35.2575322328,41.4100185136,47.0919379227,33.6429647384,47.0813062496,44.1947356609,45.0082523673
25.596847982,19.294246298,23.1130774328,34.5992222199,41.1421886836,45.98779872,32.8193863065,46.528208438,43.3107600473,43.8846546499
26.9791367958,20.1750376191,23.6436813134,34.9004206516,41.397288333,45.1454171545,32.7237404593,46.5259606614,42.7592500204,42.8148395781
28.0839055266,21.0296666493,24.3222125411,34.8935969165,41.4660140329,44.0465580137,32.5281991478,46.3389536696,41.8599449325,41.6989961376
27.2505910855,21.01984414,24.2057328983,34.3893418802,40.7364099249,43.1268645213,32.3412248037,45.7476964194,40.4570914644,41.0226045246
26.8497733714,21.190805856,24.2258066148,33.8326146203,40.181473579,42.0045011005,32.0802062115,44.7013777321,39.3070288935,39.9445060353
26.6974320525,20.9499138086,23.931699537,32.9738722089,39.7110629149,40.9620623926,31.4110872078,43.9751277415,37.4431383443,38.735879717
25.0898183407,20.6818578324,23.4320207147,32.1887631024,38.0975736951,39.3251133338,30.9850218524,41.8252839336,36.5534942774,37.654232573
25.3597300011,20.8148013375,23.4152384855,31.5384749229,37.298705645,37.8035429192,30.5149551051,40.4916235751,35.3745389331,36.1990578236
26.5781438739,21.0269154797,23.6808475462,30.3790473203,36.3184808607,35.3263652873,29.1413623349,38.9718964187,33.6456624186,33.9372403027
26.7722628441,22.5337225135,24.5474848045,30.7023201335,35.2190376164,33.5363340124,29.5417345389,37.4727838514,33.0955104957,32.6755668154
28.1346872029,26.1823618803,27.2564206424,32.4433864684,35.8344348427,34.0867420616,31.7521907883,37.6663364829,33.5967886065,33.1293112852
30.6590581964,29.0861674271,29.4994618987,33.9745585605,36.6759114753,34.510062448,33.8998660108,38.0927832685,33.9083412283,33.354285744
33.5363569726,31.1189838256,30.7677013181,36.5089106674,37.5996638581,34.9795427479,36.6602689722,39.1084212224,33.8014544459,33.3347418875
39.9581227027,36.1153900674,34.5657002672,41.6092960717,41.0728448717,36.9635103041,41.128489027,41.9626040456,35.3558128385,33.9356056461
43.0652650887,40.3773302895,39.5027602265,44.7399537114,43.8535965194,40.3084173712,44.3822603059,44.3650619966,37.529495351,37.2369417473
42.2164572289,40.4585814577,40.2546479419,44.5495857837,42.8158782507,39.8845939553,45.489834375,42.6058331982,38.9422030684,38.2419732144
40.2445936287,37.4132896057,39.2460915605,42.8549704127,41.4360582908,39.5505134297,43.993882799,41.9828366671,37.6936028575,39.0883817821
39.6111558879,36.0898496893,38.6947859721,41.9034380355,40.6586361758,38.7954446033,42.656777783,41.1318794583,37.4735174399,38.7566574849
38.6597177582,32.6173323615,36.4752549692,39.4365115752,40.1977161385,38.4718029951,39.9610107048,41.7352986996,34.2103408589,37.8820953678
42.4594104344,36.7485438666,39.1697488586,41.7629763309,43.4683620599,39.5583771941,40.5515879063,42.8332635907,35.4494352037,37.3340050917
52.7143338784,49.6462048605,48.4101147663,49.9834654952,49.7847437837,42.7015851676,46.6274421677,45.3283663905,41.7273260235,39.0626192419
53.3038476439,50.388318661,47.9997939566,52.4815741607,49.6106850518,44.80619338,51.894699878,47.2056760414,41.5584702149,41.623878126
54.109869889,51.3738612675,49.5098868904,54.6726386779,49.8659620108,45.7832128165,54.3292708486,47.4644498619,43.8685778442,43.531866347
52.4624977921,48.3509878575,48.9770514548,53.2568325015,48.7638328013,46.0535028809,53.7076327742,47.4992143837,43.7452623899,44.9888314335
52.9169978283,46.6741978962,48.4114870574,52.9756252343,49.7110883924,47.2437679186,53.2442103265,49.1238616789,43.2262946621,45.5156381356
53.138036678,46.4608923719,48.5704310823,53.249901837,50.274941645,47.6757155114,52.9742697456,49.4938789042,44.2826489712,45.7821983369
52.803376351,45.3573530592,48.2200825627,52.5579671517,50.5594646702,47.8310710778,52.0594676463,49.8765013303,44.2033403164,45.8972342065
50.9583474431,42.7502874884,46.6634330766,50.4597663978,50.1431147219,47.3182622374,49.9155391471,49.7172757088,42.6308077468,45.3951413289
47.4169355785,41.685813142,45.3930913464,49.5712598537,48.0113604634,45.8872860799,48.7365477558,47.1208807044,43.6644408184,45.0693338572
44.2499068939,38.0812019005,42.4231987912,47.1742116202,46.648498412,46.0565760271,47.2040405086,47.0816937364,41.3048465765,45.0323064872
39.4732823668,33.9713763531,38.6867796566,44.4118660392,44.7019212575,46.0265286995,45.208442006,45.8701250286,39.5851639817,44.7294515426
37.6090701158,31.193129779,36.4487729264,41.4642196552,43.5858444466,44.2588348561,41.7351111313,43.9118131611,38.7297551572,42.7924550616
36.7736480194,29.0416591366,34.3527659262,39.2072844847,42.5524109349,42.163373393,38.3152821846,42.6182209117,37.0216273771,40.6164952375
37.8699284891,30.6737178565,34.9340948441,39.3140514884,41.9414905758,39.4336533175,36.9625846946,40.889413,38.1477053605,38.5151717739
37.2317197655,30.5772873791,34.6468797202,38.2863706385,40.3864643249,37.3035095044,35.8952090612,40.0892245321,37.0475529332,37.4173315648
35.5300875786,29.145498236,33.2553786617,36.4348104532,39.1174832201,36.183484222,34.5748776262,40.1505658204,34.0883659796,36.3719924932
33.7967499392,28.6035427514,32.1763863115,35.2400606984,38.0294531393,35.0442847533,33.7813755996,39.1296512962,32.3869057327,34.9534979624
34.2839290074,29.8539121602,32.4776353133,35.3882030082,37.8137474975,34.0369000334,34.0303266782,38.2570532945,32.0848824852,33.5613291171
35.6022411595,31.0600239029,33.3494448017,35.2200628631,37.5045868643,32.6799723389,33.8627552064,37.5878658265,31.6849765127,32.3610166425
30.3755715369,27.7832906004,30.2084207349,33.6177583054,35.0338281856,32.8222988096,33.8325515389,36.7002908031,28.581564513,32.6481491672
32.6570772186,32.6948232882,33.953186434,35.7879230287,38.584850363,36.6520668414,35.8728760012,37.6900763754,30.4054269036,34.3055776421
37.0914288593,40.4274077888,39.617744299,38.9762670998,39.9678598013,36.9202972423,38.7623745852,35.9449273621,36.5133017937,35.4750847678
33.4269511485,35.3828515253,35.6402417775,36.9786710608,36.6063764192,36.3472300606,38.6230059738,35.1667254446,33.7539024498,36.7447568884
31.7413741547,31.2096242547,32.2649813781,36.2129487102,35.4178801798,36.2057702295,37.7916840607,35.3449113029,31.712936921,36.3165287732
29.890921804,27.985650098,30.2492413181,34.6364893464,34.1119550064,35.2099695519,35.6888618406,34.3482479335,31.0983056057,35.414744029
30.1449564377,31.4478860107,32.9906806944,36.9912187136,35.7441974871,37.8221721266,37.3610923019,35.0672510014,34.5344501619,37.5326585131
26.4895059907,28.0672347694,29.8855952592,35.0669925323,33.6436526585,37.7569921409,37.3852648372,34.0820596931,34.5545574223,38.2560928805
24.1355237933,23.6233265265,26.4030097241,33.4249549684,32.3875932272,37.5652818944,35.8947987922,34.1207984088,33.5427964173,38.0500106603
21.6392754215,19.3458997391,23.1543603156,31.35763091,31.4267001249,37.4910769283,33.5069571173,34.2115294893,32.2215978628,37.4864879938
24.4238175359,21.3597329813,24.8524911783,32.1109006413,33.5342014523,37.9950522608,32.5685803821,35.2219480787,34.506263057,36.9856440207
26.8597492566,22.2121628627,25.2163837528,32.5895331198,34.5238943924,37.3541954878,32.2938426874,36.1465925574,35.2184576181,36.1077916988
26.348548768,20.3144186733,23.676235401,31.3873889059,34.4351677753,36.6488751916,30.7424239861,36.9681703372,32.8296778984,35.2048488845
27.5755717965,20.6907222328,23.7235026386,31.1542927583,35.2629408999,35.4136226661,29.5685512614,37.0048410405,31.8134823103,33.3599764094
27.9065463171,20.9832227208,23.5056051944,30.8657390704,35.5403901233,34.3736700245,28.9200009284,36.7337560036,30.0711627938,31.8498834093
28.1801366662,21.1246937582,23.4286685072,29.7244193805,35.06179564,32.3857778573,27.3955542388,35.242668412,28.2828070606,29.8558422948
26.1316073656,20.6329941597,22.5178989602,28.5443708834,33.1760749118,30.3822141651,26.4537931542,32.717695238,26.441468196,28.2914282545
24.0114863046,20.1437778684,21.6942195653,27.2757017894,30.895139186,28.3259747019,25.7829132817,30.0307119186,25.2774439621,26.868317943
27.4203904035,28.8908439459,28.523835252,31.3477343642,33.9795236215,31.297678705,29.9935204594,30.9392992516,29.7441284037,29.4243093768
32.89148148,38.8345931736,36.9171929626,36.0318799288,37.4508609734,35.3416198177,35.5232612351,32.7243432091,35.1745567183,33.7794474393
27.963581294,27.8720051934,28.3016616886,30.4465547532,32.6873810046,34.4361275502,32.800301995,31.5418490295,26.2472472107,33.0315797714
28.3470397019,24.9613533533,25.4414977143,30.8528964426,32.0256953155,32.3188675328,30.3923085844,29.8609591949,24.9969969644,29.9969486082
26.9850759555,22.9239951125,23.9025749958,30.0462085981,30.2653585428,29.8632901303,28.5478536237,27.7516462662,24.7724208854,28.0606055731
24.3737031796,21.0113058857,22.4960104427,28.5438273758,28.0729906364,27.7509189184,27.2147473903,25.9362924644,24.4851241397,26.8428035428
23.5524020448,20.1336807819,22.0087114339,27.0862906976,26.6557512695,25.8312754639,26.0917340756,25.1811476251,24.4748136081,25.6273535615
23.2447279988,18.9840652462,21.3885950875,25.1020293239,25.4892103626,24.2431670551,24.3380097971,25.013187843,23.2995488777,24.4278295588
24.4473307537,20.2413424486,22.2276910163,24.5240343156,25.9978512719,23.8775929688,23.5078816255,25.5273336575,22.7287632793,23.6317166949
25.6152865651,25.2178647308,25.717506175,26.3974791722,27.5034009557,24.3970501289,25.7622743966,25.6460487751,25.3246115037,24.2826824817
22.7282296871,21.4617510486,22.5345270275,23.8839091404,24.8673576185,23.1556237616,24.6258986018,24.5967801285,21.7549209998,23.6316000926
22.2368931673,20.6593152623,21.8779929287,22.8697885043,23.5488588399,21.2444599633,23.2815838552,23.1775750605,21.3690789681,22.1080526838
21.8730368839,19.7829167311,21.2065456689,21.6081997241,22.5269911692,20.1180668435,22.0545593035,22.6999642071,20.0747715808,21.0693296199
18.6188817418,17.4764652092,19.0127692619,19.7163117611,20.3919919806,18.9841851143,20.660658652,21.0341929432,18.13358564,20.0284105379
17.2160350455,16.9340164044,18.2031824753,18.4714253126,19.2096149982,17.8553525352,19.770327305,19.6162271054,17.7831273349,18.8418102467
15.0525152722,15.2809211589,16.470357476,16.8871765381,17.5614263472,16.8164216822,18.7718109151,18.3613339078,16.5977316672,17.9048463795
13.4928946253,13.498631938,14.5878176921,15.3831055771,16.0794432197,16.065681654,17.3382216833,17.2416062403,15.1708002459,16.8061850664
15.2262399121,13.5458594729,14.337074174,14.5636330251,15.8276391952,15.0826589704,15.7121586387,16.8933197244,14.8220123892,15.2584188008
18.1620054357,14.9511169617,15.3625066447,14.0692323826,16.2028687942,13.59805039,14.362719371,16.8511116483,14.9659472661,13.6782148309
16.63975719,15.6304592414,15.5019641203,13.8718938438,15.7205825807,12.2555454524,14.8830921368,15.9577467038,14.6731773663,12.939167112
24.5410276263,28.581371265,25.740287917,20.1494640881,23.5859234148,18.7761139165,21.0597087739,19.7699721125,20.0143397087,17.1019007014
18.7930861841,23.0874694194,20.6754106061,17.4224761057,17.9365137073,15.7058191584,19.8865095992,15.284949128,17.0486734994,16.6746632826
19.4014620053,24.1657126319,21.6724034678,18.829488219,18.0095715729,15.8280879429,20.8411220234,15.1525217705,18.0164133102,17.2708174562
17.5891691138,20.5324347565,19.0780578759,17.7447638615,15.8391151392,14.9555487886,20.0882139071,14.5006222576,16.0567667339,16.9933990496
20.5705285891,25.2821518783,23.3565185575,20.2342491769,18.9066383495,17.8750065763,21.9999176086,16.1879892153,19.080824465,18.9314359757
16.5980489555,21.784104617,20.526864417,18.5335929896,16.3169476156,16.4298754485,21.5185941135,14.5458198187,18.3759864062,18.9884528631
10.929157498,15.481477607,15.419014659,16.4602973587,13.163852166,16.0970795901,19.9114527331,12.898146125,15.2450363876,18.782488688
8.66262414552,13.2520659272,13.6119068694,15.1756305498,12.1723089013,16.0963902726,18.5941616352,12.33491846,15.6218357359,18.3184366192
4.41909211389,7.5654040971,8.80460762294,12.2079393192,9.02509296467,15.5665086001,15.202761606,10.4437294425,12.9553496878,17.1128030916
6.45069973969,7.94891620993,8.66541945545,11.900102013,9.97412310816,15.7966356737,13.4944596014,11.3952582869,14.3282298175,15.8953693098
15.5637384344,18.9803370647,16.9834910499,16.8612788866,17.4304571711,19.9346963664,17.2640729951,16.0926504245,20.7513621434,18.0482211657
26.5129830276,32.3039358016,28.0044982519,24.3620315353,26.5796115833,25.7876841258,23.8760764897,21.2655878141,26.7388685362,22.6716227275
20.2152596959,24.7211702906,21.4643612135,21.8234881433,21.1411572014,21.7906743873,23.1908071997,17.8005732902,23.0215900884,22.3498832667
17.1289942407,19.6259280963,17.8806614383,21.5036486516,18.9988104668,20.5131866314,22.3648238649,17.048958838,20.1588661334,21.8073074319
14.1613847527,14.6718645716,14.8509689238,18.7852647645,16.1621837081,18.5831802923,19.5397158456,15.7232245864,18.0900715368,20.3451749655
14.3618892945,12.2174070874,13.5512654022,16.4305630327,14.9580168005,16.9190638353,16.3919294746,15.611406158,16.9582410137,18.3504742298
9.287851087,7.41469404689,9.25260234574,12.9292726601,10.9472910178,16.3176341246,11.7696626602,12.1160771214,12.6921523368,16.5639326032
24.9475564559,28.8976989155,25.8417396889,23.4587081894,25.2771620687,25.3226691752,20.7480089787,19.9938235382,24.2711707756,20.9235225125
22.932367749,28.4154402395,24.6355326394,22.468339754,22.8043932565,22.1479218428,22.5190468112,17.9779901786,25.3701705447,21.6709229994
21.2464907656,21.9171451008,19.9845606803,21.0234797779,19.7270123341,19.5066697448,20.8903418097,17.4880842625,20.3218117033,20.5594391376
18.9564983801,17.8140627062,17.4437585993,19.3707568384,17.4105528107,17.4633225714,18.6270331669,16.426036536,17.8595926193,18.988589813
12.9358896076,12.0272942572,13.1507175983,15.4669904812,12.9304695121,16.0218427473,14.5888704693,12.8631597201,14.0513920128,17.346215957
9.54941517486,8.74311073164,9.84105196675,12.9315450298,9.77447679383,14.9926918034,11.2590743518,10.0209761326,12.2102741884,15.0285377985
12.8066098926,11.9576054579,11.9092943835,13.1490364959,11.9449453684,13.9530462544,11.7259224763,11.7684135006,15.3139708586,13.5007165778
14.3383779197,12.6312715108,11.7629463757,13.5697236402,13.0808069854,13.9870262597,12.4376986285,13.1225465267,14.3633057728,12.9440116865
12.9977824365,11.4062651816,10.5871710288,12.4538297555,11.9208113091,12.7109903486,11.3497907192,11.8625260132,13.1638541188,11.9221469635
11.8583927096,10.3004896162,9.67713495368,10.6178522985,10.3739720896,11.0353440698,9.63545656447,10.4187612793,12.2808483644,10.6948591887
10.943492615,9.29881739946,8.75510003857,8.57950177427,8.78447054801,9.41723739808,7.75980951584,9.12187917904,11.206665591,9.40859344079
17.1737025042,18.078817995,15.1088694928,11.844348252,13.9894451686,11.8645917331,11.3800252327,11.8486884518,15.1860721093,10.7023649999
12.3334391964,13.9726187471,11.6678679929,9.885267084,10.1553978444,9.38919234319,10.3874279737,8.87052216337,12.2661990496,10.0639180841
9.96368215475,11.0452183991,9.14180456045,8.85368988267,7.57876330033,8.28075688705,9.2555933971,7.14764039625,10.0429965597,9.03328718313
10.5888740639,11.7872725356,9.65971950978,8.47200894498,7.43373801876,8.44967731609,8.77894428755,6.92730697102,10.5081116814,8.76440270747
7.53654349567,8.90664626313,7.21332682325,6.88593464699,5.01670008947,7.16993963491,7.34776171205,5.07541311674,9.06232717097,7.79049225787
5.73420278604,6.90356555443,5.5772253988,4.97725235184,3.41716938183,5.91626578864,5.78809102683,4.11669091988,8.30310818242,6.6716477041
9.04036655284,8.51260783426,6.71760616555,5.01943571164,5.0359158735,5.50190807294,5.91648169489,5.89738296104,9.02763505863,5.71624372456
20.6896903797,26.4057680892,20.7382095479,14.3865873046,17.0490979923,14.4825942373,15.1404859246,11.6805780484,17.6807651288,11.3872976578
15.5990860918,20.2639851338,15.4089373368,12.7248673213,11.6534010242,10.6915680031,14.3336235285,8.07075170027,14.6280089822,11.1047225698
10.3037188004,13.243430791,10.6527817168,10.5328072505,6.65351390413,8.68122269249,11.4483340335,4.91293829968,10.8117285806,10.4157784606
8.24347637948,9.72880675697,8.33421748508,8.61178129744,4.45465334281,7.43065760803,9.30045063007,4.38991584136,9.72655279191,9.18900114067
2.95386361778,5.08796924313,4.62580967798,5.58430046815,0.68477165648,6.69191132569,6.05419534344,1.46097180109,7.65875610822,8.10562746448
1.89202574167,4.33969844046,3.40255259904,4.32759595516,0.260373759356,6.89333699465,4.73747321114,1.47758971067,8.13665815862,7.23400092672
10.3959013332,15.6135881669,11.9721750261,8.47128492086,8.19687814349,10.5405475338,9.82204936552,7.10962998565,15.3034336959,9.38202062962
12.7553467554,17.6079340283,13.393654355,10.2971751123,10.5163700803,10.6454852825,12.2865167636,8.74278144148,15.9200199523,10.5325130695
6.63679712801,10.2366873816,7.74179624203,8.26361049303,5.47413126273,9.17371367235,9.51193304695,4.62593914028,10.642822781,10.0868584368
0.643085105487,5.04693209202,3.42507897819,6.0553878349,1.43284199714,7.74010527423,7.0612271553,1.44902841868,8.6709333038,8.88931043175
0.420620870699,2.60972190967,1.47290225332,4.38642730768,0.32882302355,6.93896466933,5.12304102555,1.99628661392,8.21936243971,7.47255674864
5.14308164634,4.1816092436,2.61152788962,3.96709767049,2.07012502168,7.16048475784,3.47078821477,4.14248391393,9.24471753036,6.53086861298
4.6358454185,3.928721094,1.98141218407,3.83387185064,2.50186407081,6.3276338692,2.90341489647,3.94569889964,8.82739479787,5.41734227464
4.42884835436,4.54163281245,2.21811121875,3.76330615178,3.53563156721,5.41070924232,3.7760009767,4.54357571814,8.97938569015,4.62830234865
5.0402862373,5.51930403995,2.95914467588,3.81914565509,4.65959316994,4.61781345962,5.10173058689,5.48981994487,8.90787754333,4.11530498218
6.24588466913,6.45300995113,3.79229663012,3.9671689953,5.40845481257,4.04487050088,6.01340605555,6.22135646511,8.41946068813,3.73048185013
7.45564333416,7.53711159008,4.92255068859,3.82513363189,5.83455431664,3.49228758276,6.405254008,6.51946453883,8.08299654096,3.4666744345
9.17397379304,9.40955753229,6.49228680833,4.31130330927,6.47641149135,3.54216136679,6.97219916596,6.76465702678,8.07311052951,3.51039358457
22.2486474825,28.8090364288,22.3240192168,14.169186674,18.0164704126,12.1148927288,16.5185767677,12.4524715374,17.6574459939,9.39720099058
24.7953245749,36.9075773859,29.5495367503,19.3439190471,20.7816427637,14.8327090424,22.9399907423,12.8358646129,22.2937590323,14.5941336498
16.448026421,25.6738751851,21.2024722756,16.0713217152,13.2488137415,12.5028083428,20.8534081154,8.41795404312,15.642944538,15.69488584
14.5242858485,22.7388380053,19.6942540016,15.5887206557,11.2500323159,12.4858327033,19.314275806,7.71227537713,15.5704942199,16.3306439721
17.1849412966,26.3515937014,23.3890987076,17.891788347,14.0604107594,15.9954683282,20.9797534644,9.98882964565,18.7349558455,18.9030309448
13.1383629982,20.211923821,18.8502988145,14.5596639992,10.6451826017,13.5264973873,18.291904841,8.7389737865,17.2491126928,18.220562052
8.79229536254,11.9401898488,12.6869411522,10.8922173344,6.56484610914,11.6945657731,13.4868053031,7.13588760978,12.9429379147,16.3970445975
4.97752780951,7.04128304882,8.42742151988,8.36324147208,4.27551519073,10.5478639574,9.95409051069,5.94035997798,11.0760972262,14.0974782485
2.08306753905,3.44081429868,4.78462313731,5.88400284336,2.07456582032,9.87667767427,6.34879097714,4.46220277626,9.40377051999,11.8043847174
4.60117312816,5.38536679811,5.61278375721,5.60820482309,4.58062965687,9.56345752683,6.16293006835,6.60192462821,11.4790747969,10.1830178119
2.07967646188,3.52601937222,2.89574527235,4.96466851043,3.49785463467,9.20045272109,5.0455009788,5.30519085697,9.47891994765,8.95420921741
0.814986340298,3.57308869992,1.74678835146,4.84984293799,2.82551054001,9.6511656445,4.26819504636,3.82285984678,9.27809612022,8.30438862013
2.71776109724,3.17853594006,1.11389784195,4.19656648482,2.98167233177,8.10938330552,3.31689059067,4.5467733867,9.59065689048,6.76628570268
1.4936946982,2.65851484982,0.372768755212,3.69750593833,2.97354248049,7.03068866791,3.40386136049,4.28198337835,9.12705494763,5.90532081011
1.01988522269,2.21478107182,-0.398131484,3.50408991112,2.56797511671,6.52392155491,3.33798192611,3.91254124043,8.26030687567,5.15304083296
1.91631047601,1.98314306,-0.609544217274,2.62361842017,2.11555334844,5.66472643052,2.30526966223,3.72570290689,7.83008189872,4.28914527983
4.92399509899,3.53034074927,0.570872560691,2.72207041333,3.18269981901,5.17767044371,2.05875325398,4.65126649229,8.1196728437,3.56922364624
14.4698643023,16.3310799003,10.6824361803,8.22475039785,11.4201047693,8.52748473641,8.51457840489,9.48432675617,14.5413033546,6.00091187115
10.1446221157,12.4095198277,7.96594735004,7.60419062254,8.42493132445,6.38407407639,8.90951230293,7.10929371548,11.0387240452,6.10343067888
7.37426678921,8.99479867829,5.78399121362,6.20593908984,5.18689941685,5.19970373484,7.39500878354,4.75166884905,8.42787572846,5.68191417117
5.99446990093,6.61220159174,4.27831697637,4.46398058776,2.61041068305,4.40550425727,5.1774924297,3.12023470365,7.05496913575,4.91256048205
8.52942349137,7.59317135191,5.463060585,3.4428586334,3.30812713417,3.78209730228,4.1701280396,4.18920311688,7.74490816376,4.11503323158
14.5201133498,17.1120785307,12.7250995039,7.47901684037,9.42869537189,6.86910603571,8.91395896095,7.43629027361,12.4840333952,6.10702306291
17.5897504978,22.8485057036,17.2138897289,11.5270719473,12.858859586,8.59853529688,13.7612847651,9.11568752559,14.8848965308,8.39985691514
20.7812889344,29.0947265128,23.2593216646,15.4818267424,16.2200470247,12.11658165,18.191427818,10.2414170201,17.658588404,12.4544102407
13.193717755,19.3103012153,15.86254288,11.729155248,8.79616770478,8.69219968342,15.0274250556,5.86656426665,12.5262914012,11.9142762131
10.2951860437,13.6995618064,12.3762331584,8.70988734602,5.34934336438,6.41738664164,11.5575770722,4.79758272408,10.4656182517,10.483278667
17.1132596863,22.290561221,19.310272188,12.6717547066,11.3513260783,12.2480176783,14.3082323941,8.05204399988,14.8882978738,13.3484264453
13.3710109147,18.9873858561,16.2995230417,11.0673422094,8.81643426016,10.0352137035,13.1814681075,6.41727209693,14.4734975883,12.8316469712
18.1564592527,26.6579559171,22.8254869936,15.1354996182,13.8659442321,13.5011055175,17.2993875526,9.69588356088,19.0065201419,15.5214989093
10.3835609282,15.6829827465,14.1896147925,10.7080667766,6.92459196803,10.5617573227,13.2589735486,5.62033539544,12.6320847459,14.3134065961
8.8524733931,11.6328023057,11.1853705996,8.4933774992,5.01787790635,8.63991386535,10.1594273122,5.33103923214,11.5762311944,12.1918151002
7.60775662179,8.65491448436,8.68865358257,6.38062206421,3.56171056815,7.93335188381,7.16031332194,4.77478156649,10.0021836413,10.5913335384
5.91394703885,5.79578275133,5.9089145461,4.11559045175,1.61638443709,6.73462357117,3.76844879414,3.40645805745,8.48867746803,8.45628018509
5.26590787399,4.44374523458,4.0122922207,2.53369163735,0.579426253104,5.74492599623,1.27791662274,2.51636076786,7.65521707,6.39197355863
4.69961914687,3.88244147155,2.68334234343,1.32040167486,0.0623633259031,4.74155419977,-0.275371952673,1.79884626895,7.16065590828,4.64815084995
5.13475432276,4.34048300561,2.36851713147,0.456998481626,0.648669811998,3.55867618165,-0.59069482266,2.08774615979,7.1462805901,3.19275130975
5.63208225299,5.4439956144,2.52839226959,0.800020110312,1.76789299598,2.77298137385,0.59801908373,2.6261392528,6.98539213961,2.18478098543
6.00836395963,6.27232069598,2.89476793829,0.892451745609,2.37264714291,1.90014841597,1.68476990214,2.90471283353,6.62892164014,1.48743597285
7.49089219215,7.32499371039,3.77580405502,0.945536304035,2.96248316538,1.10744652876,2.44577948832,3.40424917786,6.26583397468,0.914980657529
8.36622560864,8.3344565985,4.74020875219,1.08141298392,3.37925606808,0.383936572809,3.27672815613,3.60604878889,5.85756713888,0.485308497345
9.39611101656,9.30581038997,5.76807747546,1.09833806719,3.57007300297,-0.251444783347,3.83802228501,3.69322026148,5.39196542036,0.11764764827
8.29553029828,9.71406882139,6.24621932712,1.0767756664,3.3921511326,-0.903316439485,4.93099683998,3.25933480681,4.83723462665,-0.0737628541565
8.71867760349,10.0172872134,6.76236810743,0.703414523392,3.01163506893,-1.40550754535,5.19231443484,3.09215225701,4.20233949013,-0.311956833886
10.4809542761,10.7688006269,7.63628902569,0.424076804022,2.72307890289,-1.58446589827,4.60102189013,2.93360989699,3.91833564619,-0.554057783329
11.9480060497,16.2097116767,11.7792015137,2.87763465128,5.52098367479,0.118469934517,8.05698535151,3.82261999394,6.67140803456,0.864765763375
5.82642071089,11.6466380143,7.93220219419,2.08891825811,1.96083290334,-1.0726468629,8.03098331981,0.779260302766,4.12228251539,0.964594941215
2.74903564853,8.08071252762,5.3376822277,0.182523120694,-0.74497893039,-1.77819119495,6.65394008673,-0.682061379869,2.63750889724,0.749084441552
3.30689652932,6.58162637329,4.48053170937,-1.1826741256,-1.40527435734,-2.04520209149,5.16233345943,-0.328014649787,2.30815489431,0.246470492934
7.30388536781,9.75940431529,7.0659608102,-0.545445906977,0.881619058676,-1.02362907318,5.30079760026,1.41150319401,4.33622092611,0.460555374598
6.63594289299,10.0754954295,7.05753633289,0.112671625884,1.54475231533,-1.25388192882,6.03476776406,1.45915044818,4.50074226245,0.401366829567
5.4726855658,8.61773059279,5.82322908355,-0.173645259259,0.689910500832,-1.83358422734,5.70570270778,0.884801944462,3.49616207807,0.0523967016562
5.22010334255,7.91346525325,5.30668547836,-0.550407889587,0.341319184949,-2.13308916251,5.38978706097,0.837066340082,2.99940178803,-0.307005981075
5.04912270078,7.20640413812,4.82697158302,-1.2798200401,-0.205952752985,-2.4701605208,4.53074213139,0.530395774085,2.55868507107,-0.741809372041
3.65927177122,6.64971393614,4.37358757285,-2.26681643765,-0.437130201815,-3.06302433561,4.29791130705,0.229033355995,2.22408918011,-1.17095690823
3.28262920852,6.42508941963,3.99515692248,-2.69801928082,-0.494050434314,-3.47220901063,4.30269437994,0.194939898891,1.82596935025,-1.60847347636
1.54405226701,5.63856727015,3.13393349951,-3.33628484814,-0.997449075488,-4.01710221795,4.3391688591,-0.379107864462,1.22151141974,-1.98166235413
2.73757307166,6.00158972652,3.21400951108,-3.14584943475,-0.748653108286,-4.08887804825,4.49182530302,0.0497546944237,1.03172633764,-2.38136206001
1.51048870043,5.77941499041,2.88352982543,-3.06733999339,-0.774012395795,-4.35289103629,5.04645740465,-0.213911761399,0.786999650027,-2.57826424024
1.85020093904,7.05543540489,3.61309380169,-2.30227839309,-0.458630795659,-3.61287297049,5.82083162991,-0.290912151704,1.54552108537,-2.14517818367
6.43020727672,11.5950160882,7.20066543816,-0.131755291377,1.96945050962,-1.71305451301,7.48672763702,1.43461644719,4.10306806914,-0.843214856441
4.94705049966,12.9273018548,8.26941292525,1.42183082774,2.63701662862,-0.883110369678,9.50705711135,1.13294182484,5.36685395642,0.703618533277
4.97733327956,15.0685874009,9.9371301662,3.80401173842,3.69213995484,1.21515700668,12.078691051,1.47947007771,7.1316343322,3.06912648679
1.98181182429,10.3456074524,6.65264055991,2.53504349786,0.923858039403,0.446196254711,10.7169671024,0.0731298745519,5.35059160418,3.54459109768
0.040072180201,7.50500012461,4.85858802814,1.59867600887,-0.254510028278,0.480617212154,9.60385664653,-0.179515991795,4.90570793426,3.88776377342
-2.70061131834,3.26788742967,1.69324714145,0.15591332814,-2.22171253336,0.0513920122374,7.54079906073,-1.07401879975,3.48822579655,3.37584168957
-2.70909746786,1.1663447257,0.241082769476,-1.21135426827,-2.70245182972,-0.0317291229168,5.48368392945,-0.537493197628,3.19313549926,2.59894037388
-2.21567598796,0.591198897539,-0.461063534663,-1.47561195506,-2.20260312791,0.169714386918,4.36768649494,0.158897599719,3.35044665433,1.82557022774
-0.610443387119,1.19990464764,-0.212025531821,-1.37169885318,-0.959144999528,0.321587962079,3.91685362061,1.32764278141,3.85347520003,1.15999107576
1.92706598351,2.93968846349,1.0260788061,-0.817101298633,0.88687295241,0.381702447663,4.18812040404,2.7766828932,4.58689564916,0.689029971114
7.04592823864,11.5431675387,7.30826613665,3.49385764495,6.12406450393,3.51449545138,8.6523493027,5.6423600038,8.98559216024,2.75612275916
6.39062739354,10.0803823199,6.45517037165,3.43507802638,5.32102461428,2.12049931148,9.02613991565,5.1697872838,7.67988503905,2.84106510682
9.70210103891,16.4184222148,11.7163189813,6.9904165035,8.71566279727,5.01028910884,12.7744025015,6.95111363481,10.9032763235,5.49484743195
24.4284799339,39.9093180315,33.0587604023,20.6699906705,21.5617087111,17.0209009305,25.0679954037,14.0182506653,23.7109816201,14.8962703107
17.2380655045,31.1978747896,25.4414571376,16.8834813527,15.2182639796,13.9402152704,24.6087654888,10.3824353476,19.8973639816,16.8856741584
12.7104184889,20.5994598162,18.1269079542,13.906278921,10.041466799,11.0173010658,20.2082077568,8.33210237421,14.9377875692,16.2821154121
10.7223166298,14.3036718465,14.2705880608,11.566707873,7.7143235798,9.25541551674,16.4741523466,8.18055382483,12.7444665258,14.7890319612
6.66567408737,8.75172994234,10.3401013061,8.39020131815,5.26943702376,8.31168364451,12.5485874092,7.15271255655,10.3878446995,13.3616308036
4.34217171737,5.68979056578,7.7146127151,5.61207318082,4.02901164916,7.466185346,9.31011148441,6.54702854016,9.36866088668,11.4399755235
3.98495530252,4.56329685138,6.07576183598,4.00292962139,3.92985910978,6.91091302245,7.17372009182,6.64921061026,8.79971629975,9.57182896279
4.52467101279,4.55076861564,5.13109800842,3.21918453229,4.26997173425,6.40164185195,5.75113636777,6.79930380831,8.42344501921,7.89898869641
5.0175195221,4.99449500773,4.65343369884,2.67933719252,4.6021537825,5.64845588739,4.89180165177,6.6827547776,8.15313429322,6.46087388783
6.29523772765,6.15957374025,4.86587971838,2.80317839907,5.30764877634,4.96744558461,4.89498927225,6.89090607001,8.01551685846,5.29266149105
6.66824124351,7.12012916462,5.10509472082,3.07496145062,5.65816475174,4.27424171047,5.42573535849,6.75043850259,7.6995343559,4.47992226874
7.00689666463,7.97787340261,5.59796679409,3.02290512991,5.73672416798,3.52359706296,5.92976165345,6.5153745654,7.41178288255,3.90642873738
7.7332146154,12.27772456,8.76255858052,4.80963483742,7.75082834753,4.40111456315,9.18035434608,7.21528813051,9.36659540837,4.90605320177
2.64290455569,8.81406491578,5.77125399647,4.03280023092,5.228109432,3.19575323578,9.87827893209,5.18956136009,7.05508757476,4.98390440496
-0.207179243298,5.79531674439,3.42561458793,2.97803561556,3.07468908645,2.72082568414,9.42689864002,3.85818439106,5.44877176518,4.8005192673
-0.236505123942,4.08030040826,2.38454042105,1.85465058334,2.0213639278,2.47294067529,8.21080648296,3.68600112309,4.90093709405,4.32189649836
1.48198557586,4.02212398646,2.57842552641,1.53884336051,2.40310945685,2.37088880754,7.43627285868,4.44013748807,5.13538383463,3.71822981196
5.05961077787,10.4702153713,7.45901517819,4.18224833607,6.0914407166,4.99708663892,10.0810782567,6.42330535798,9.02304067906,5.37862398703
4.48597018282,9.39935237462,6.55222995549,4.32460432875,5.59568295888,4.3817781914,10.3003273671,6.0165447761,8.35864273291,5.51304537292
2.07917738722,6.56498749859,4.48685385479,3.28740636213,3.92316943917,3.30165440919,9.39360343913,4.83171917254,6.83313721252,5.14980840729
0.872436142368,5.20196537931,3.46919511999,2.84796511153,3.3447370351,2.97830224141,9.17584817531,4.6100818963,6.20132711769,4.85755433189
3.4613845628,5.46418815182,4.01587772792,2.59915744764,3.83258349944,2.87234530753,8.41454691522,5.60680250668,6.2356452784,4.30116681922
8.22464145794,13.6776441237,10.3638545703,6.55760230292,8.57047294922,6.12353280875,12.3050749955,8.32646532371,10.8323532289,6.44540761603
10.1421400006,17.9372675842,13.788418917,9.36433000535,10.8365621237,8.22687480773,15.4102295458,9.36829379515,13.1365564993,8.91962179271
7.93430937241,17.9210102122,13.9751585291,10.289415103,10.5078014646,8.92555198429,17.2390278869,8.77357374351,13.7598732633,11.1276946476
5.97121486858,15.6080845554,12.4707015267,10.1985993687,9.3202940729,9.61789349833,17.3879790498,8.22974126088,13.0097402335,12.6739912901
13.9686719183,28.501950323,24.0357431705,17.2685314194,16.3528334784,17.3013750247,23.1471412699,12.6757299367,21.3019926721,18.5871682149
26.336289373,45.3109387778,40.148939936,27.3084519792,25.831732732,27.3491054895,31.457050027,18.4831007348,31.0284587207,27.1683372713
21.468325819,37.9071193031,33.1557500248,24.6046701431,21.7691536349,26.0760949677,31.344369538,16.5679475185,28.7517018802,29.6746599464
21.6895592598,29.1319102986,26.525577139,23.8181671063,19.228194369,22.8682958313,28.0964342559,17.0018349062,25.3740085262,27.9080157543
20.3219666959,22.2038631769,22.7150596196,21.9495263098,17.4197796266,20.0057158858,24.1585974248,17.4198457075,23.0843265025,25.8823663862
14.1622654039,15.4327051927,18.1343216656,18.6411478678,15.0397179348,18.2053896181,21.0130639968,16.8498658494,20.3418773542,24.5146702428
10.4409742654,11.5802514041,14.9444515377,16.2395961354,14.1306043074,17.6031027032,19.088701761,16.9430236635,18.5927202901,22.804547352
6.53728186834,8.29591022808,11.8151502312,13.6413298031,13.005533433,17.0148081697,17.2140329055,16.4046767371,17.1615443871,21.2550443334
4.91459697885,6.67217029176,9.74794619982,12.129482373,12.7976541865,16.6993930537,16.0228759349,16.4182917116,16.4772967512,19.6940424191
4.10983193552,5.69156985507,8.13702953119,11.1560548625,12.8224911168,16.4849987662,15.0561271262,16.5823300622,15.8521239958,18.3789301657
3.38077523302,5.08802591069,6.81264117298,10.6217068206,12.8644387181,16.2771991254,14.4128298743,16.5421613578,15.3411616088,17.267996539
3.51049464363,5.12465163158,6.19090561554,10.5052339834,13.1707572399,15.962301389,14.1549296357,16.5706097627,15.2508238368,16.274538414
3.29977616302,5.06436123227,5.79539367807,10.0723142575,13.1471533143,15.2211273969,13.9106839284,16.2734656896,15.2305449153,15.4974659259
3.50247521243,7.6942283352,7.44095346293,10.7700221226,14.2203281439,16.0989349494,15.0637917021,16.5971689199,16.6389172874,16.2622383895
5.48536333601,10.1795173401,9.07933569061,12.0481176647,15.5110154316,16.9732559223,16.4529879221,17.4040365298,17.7804531251,16.9829095364
7.12355907068,11.6551677059,10.2117034283,13.2332150751,16.3335769876,17.4313004646,17.5337850693,18.0091421944,18.4548930599,17.6704323059
5.13506853784,9.37316547234,8.36358327224,13.0964692949,15.1614286956,16.8823042132,17.7157436897,17.3932523175,17.0663407356,17.7428537233
2.59871739972,6.76610170657,6.50021270992,12.2819973825,13.8336464146,16.3081398859,17.2759149607,16.4618779116,15.9839108158,17.5583746833
2.80516833935,6.63021242071,6.56181054153,12.215191617,14.0066454858,16.9177353795,17.0490058741,16.76706172,16.1673228767,17.6575150765
4.85682308662,7.45890801019,7.49708699718,12.4478922237,14.7384878443,17.0500158829,16.8349935331,17.4064225054,17.0686484415,17.4746191542
5.47735988291,7.01883738991,7.36441618593,12.2315835028,14.7471942258,16.4763755888,16.3638542055,17.6631650156,16.8874276842,17.0566978141
5.02527598527,6.47607590673,6.98125883322,11.9245733651,14.5249747894,15.8962960283,16.0804293903,17.6007343227,16.3587792256,16.5712940303
5.43728262749,8.8408554739,8.60434408737,13.1729698004,15.7667582344,17.1994372482,17.4907263853,18.367888739,17.4629287237,17.4142485133
5.66630676011,8.17912102525,8.23734583403,12.6703982337,15.4368165181,16.6516831667,17.2344375849,18.1247302321,17.0924056948,17.1323798734
6.3032500115,7.19298142435,7.71371315876,11.8189299284,14.9652732761,15.8976775357,15.9008391654,17.9967252065,16.0990401737,16.4331007493
6.89394913735,7.27437235148,7.9455056866,11.286054319,14.7899229951,14.9433075266,15.0468309397,17.629550862,15.9105146602,15.6420577237
6.79105331683,7.21640014587,7.90414934396,10.3426693031,14.2441260226,13.8828536784,14.1364641725,17.043854732,15.1603316532,14.78621181
7.17016098001,9.37303151174,9.24951913963,10.6400003977,14.7219357105,14.107919157,14.6025770076,16.900785941,15.5243867724,14.8107421062
6.76745959878,8.55559065058,8.40693452065,9.79366815745,13.6360083285,12.7995750681,14.0057624422,15.8773221525,14.3196567591,13.8596571984
4.99486475455,7.56623429026,7.38299163233,9.11691502694,12.4569492935,11.7507900028,13.7982953772,14.772461344,13.1978706771,13.1648750393
3.41496005498,6.49544716694,6.27271149414,8.17262365228,11.1803107584,10.7828268855,13.4193118611,13.6102092215,11.9722894274,12.2312884384
1.18713104746,5.34763760874,4.9934442036,7.01390478429,9.67404703154,9.87111267956,12.9661777588,12.071507532,10.8941405316,11.3409218769
1.13812262456,4.47788175182,4.01620463748,6.52685980986,8.88308800007,9.53790946008,12.2728710174,11.5681499635,9.97327910155,10.4936038603
2.27424410122,4.67731305023,4.27748546028,6.13973990084,8.85233493576,8.83249035362,11.7432075759,11.4106844548,10.1431611984,9.64497122915
0.00103570230223,4.14466727576,3.45550334674,6.17584778474,8.36140362587,8.5877404471,12.332980505,10.8235657167,9.69326118732,9.52224727499
-1.34523282792,2.97565083653,2.42497532014,5.30870254568,7.46587682274,8.23408827307,11.8289854345,10.0740263583,8.99718140891,9.17064646229
-3.16331718126,2.00590076708,1.36123175493,4.96131005386,6.79766340464,8.06265389812,11.9395364273,9.39777557304,8.62379293924,8.96964044757
-4.49173175355,0.935636721788,0.342102811499,4.41263223153,6.16329251946,7.96795862446,11.7194497418,8.92413875673,8.2881826303,8.79606694123
-2.62179933559,1.86653379051,1.03632513718,4.76532208397,6.84213876193,8.46966112158,11.6991451726,9.69282495241,9.03562044246,8.7338019837
-1.02534583614,2.21630285968,1.47556176819,4.65898441397,7.19298852067,8.233332999,11.1311093224,10.0847193057,9.36410311644,8.42750733903
1.021937463,5.72723747425,4.03826230474,6.40003802552,9.09594859039,9.55365863208,12.591890869,11.1861400157,11.3161678239,9.35557890918
3.72742448583,10.1868307143,7.41194330758,8.96338262502,11.4606456941,11.6561414584,14.9641169864,12.5287768062,13.7540021679,11.1968003864
4.43646156232,9.88237125199,7.52003432954,9.13073039795,11.2524751969,11.3198427971,15.1181445883,12.3351959897,13.7309905343,11.7896094375
5.45557779062,8.11051301509,6.80737817366,8.29775865645,10.3918737818,9.97954029646,13.69613856,12.080407278,12.5795431568,11.1929648309
5.90413990532,7.51838509084,6.788252251,8.02209482436,10.164128445,9.02225497099,13.077486586,12.0982368887,11.9117008089,10.5508653751
4.84551532655,6.8506930334,6.51778903481,7.28489456014,9.62105114116,8.15598914767,12.7026671857,11.6931674913,11.1044314636,10.0102042731
2.63336141526,5.94960896745,5.66698617744,6.62791549372,8.85310290171,7.67337583047,12.7839212172,11.040149473,10.1318573398,9.67309279337
1.01382110149,4.959962687,4.69047653745,5.90964760577,8.05582703751,7.40812808851,12.631224921,10.4304281431,9.2345374234,9.28676182398
0.760413364241,4.2862209933,4.12662843642,5.03371350823,7.46114082734,6.99649734637,11.9480244066,10.0231183942,8.68616653908,8.67284507665
0.223186759162,3.79995026354,3.56020519364,4.43587836071,6.98466199725,6.6551508544,11.4067032612,9.61356340452,8.25528541664,8.15735763177
0.302988002504,4.21909829325,3.59194153063,4.58364198099,7.11286868813,6.75649679704,11.5203650548,9.60067423221,8.33992414017,7.90607131161
0.623367967084,4.07734725399,3.4215491711,4.19779900895,6.90032706582,6.40155247046,11.0392666957,9.3978711185,8.14305083302,7.46912046927
5.11330584729,11.9411292818,9.32268541039,7.5774085283,10.6902469665,9.70333428915,14.1006391212,11.3967608543,12.5369073733,9.68167088529
4.39218825025,11.5290320631,8.86491248165,7.89882855462,10.1571409579,9.43533893878,14.8496950168,10.7319353203,12.4743893226,10.5280284238
1.96329683695,7.93550126805,6.20999374464,7.03051482688,8.32544386281,8.14321772816,14.1938706687,9.63431107787,10.6646042129,10.3382659052
0.068964303045,5.09855310167,4.24753122742,6.0708302972,6.96533904737,7.54023696219,13.1743086125,8.99342131357,9.29646694417,9.98622733424
-0.733990024457,3.15199200341,3.04588979152,4.70156711435,6.0137900013,6.99291985395,11.6361024608,8.58978295241,8.55416282739,9.33161360203
-1.18358079655,2.21324590998,2.29791743088,3.81943604689,5.63365518771,6.58981958047,10.6017322174,8.44642982176,8.16841129458,8.58113554849
-1.92717195804,1.7429919887,1.65380105756,3.41208813637,5.52219166946,6.39656416222,10.1969481078,8.36058192544,7.89895158098,8.01163952437
-3.17385692995,1.83128013942,1.31139446358,3.17731106726,5.49490782394,6.53291383704,10.3020956971,8.08393626093,8.0138845913,7.89842167257
-1.55388396805,6.10541630966,3.94313175959,5.66646174822,7.73740628763,9.18184189904,12.7195949585,9.42613378791,10.5001575986,9.46759784098
-4.89524583103,2.94437265039,1.25829894159,4.89353688473,6.16353152202,8.26925233717,12.7646950302,8.07934114183,9.37895949697,9.55379711929
-6.52420103847,0.737397999231,-0.48905481755,4.74556081001,5.48054136086,8.20994329135,12.8274222441,7.95612828782,8.64828353469,9.57033956847
-6.885351458,-1.09331422006,-1.64009188002,3.97048014995,4.91142664724,8.17650481085,11.8054171129,8.06271971135,8.21651374808,9.32382520348
-7.3094844406,-2.22843117466,-2.3966122394,3.32195197218,4.67460011576,8.0879625738,10.9257007724,8.13335643937,8.15109894947,8.97395313535
-6.54339316117,-1.54299628175,-1.92684570832,3.41763034642,5.37008159118,8.62695426387,10.7104613624,8.80277648851,8.95159321249,8.99531176469
-4.11832846134,0.179322780006,-0.645721040932,4.14403176328,6.68653055242,9.25499488771,10.8473294032,9.96549248914,10.060766721,9.06090748306
9.78282999821,21.2878168693,16.3444779925,14.9031912181,17.9386216558,19.5974337286,19.5767035247,17.1889901209,21.6956135813,16.0017430295
16.5888491897,28.2590437316,22.221751787,19.3827724098,21.7175467406,22.4763082391,24.1663059478,19.1426379385,25.847694801,20.3161552792
21.0380464189,32.4904770875,25.9359420582,26.0146301893,25.3625569672,26.4479046996,29.9405384027,22.128669213,28.2798469208,25.245418861
18.2637998732,26.4225840561,22.068282163,25.4857356886,22.7984159317,24.8626032328,30.3636853435,21.2196089151,26.7803019724,26.5279699181
15.0253895121,18.7659279556,18.1698276806,22.72887177,19.7801844816,22.2490332304,27.2376332294,20.1678471974,24.4526916002,26.0921302976
12.6602777506,13.9863060583,15.7888062428,20.9066871366,18.4195658256,21.2266760634,25.0434979908,20.472263609,23.0585684717,25.6115856355
9.47460093481,10.3296196793,13.52629434,18.8201920948,17.4570056843,21.1618322797,23.1957598672,20.8794151105,21.7429103305,25.3235700057
11.7067636575,11.719504588,14.8638483531,18.8926717942,19.3330893931,22.3858624736,22.5250255367,22.7754479284,22.77207695,24.9180003872
15.8165894259,16.8684837805,18.7865322463,20.7634540779,22.8480068873,25.0295278656,23.3898811202,25.4045318174,25.2053746116,25.968680318
18.8574497451,24.3941697189,24.2581409176,24.9648988315,26.7051344328,29.0708676746,27.3013565211,27.5722679922,29.5000251139,29.1858889654
13.7851653245,19.64340008,19.2451349998,24.342828928,24.1544428328,28.547357813,28.833996586,26.3211149339,28.0205151536,30.0487249862
9.21792264539,13.7634286929,14.9968792645,22.4651546577,22.0699871258,28.0155742875,27.5826400628,25.4105833389,26.3476194114,30.3744970452
5.83800060806,8.24487074401,11.3284303951,19.2708510221,20.1695936646,27.2514234247,24.3321342618,24.485361026,24.6599424092,29.7526685848
8.31380031694,7.12105635365,10.8020163268,18.5363927382,20.8528867946,26.6502278983,21.979507568,25.3281641187,24.9754350964,28.0110341207
11.7669330795,9.05358477913,11.9006163409,20.3505385,23.0421783293,27.3876971753,22.2757724022,27.7591231327,25.8045923065,27.2386007203
12.1744563056,9.78796150079,12.4794955653,20.2538855246,23.6010237368,26.8713667534,21.9504182655,28.1301975723,26.0860599035,26.600361864
11.7867400471,9.96798010454,12.5399314695,19.6740433489,23.6645964347,26.2059744227,21.5191662984,28.0073260167,25.728282235,26.0496699455
11.1126238206,10.0558276249,12.309516713,19.3070711532,23.5356510215,25.7566906614,21.4372869372,27.7993500651,25.1141345584,25.6279760073
10.856407573,9.98500632997,12.0117507466,18.8263033471,23.3696188938,25.3113475956,21.1277319433,27.5544711864,24.2711307827,25.0476917136
8.77317606502,9.29471711881,11.1677196533,18.0074272266,22.3114105042,24.6272504074,20.8702724875,26.3778665166,23.6617339354,24.7926833103
6.11606914558,8.14531963893,9.76843642035,17.2492231584,21.2302897337,24.6027811731,20.8738563059,25.4587726503,22.7416792491,24.8535946248
3.9649505415,6.62199352478,8.25215035879,16.1768735924,20.121292997,24.4017535064,20.3517620007,24.3798414848,22.0637776019,24.6573347131
5.57762966787,12.3863916261,12.4789899484,18.4952618588,22.6949646048,28.3334166999,22.4582555917,25.6937611134,25.6586434746,27.5577537492
4.12530080141,9.44400678469,9.78590500363,16.8469773082,20.7802404323,27.0838616481,21.5825938874,23.9802886348,25.0225932368,27.265172399
8.1357800593,18.9939442031,17.4439713266,22.4192219509,25.7619984362,34.2200298497,25.785311354,27.5397729206,30.8372600181,32.8830873747
7.08024394996,12.1529832292,12.1888892608,18.3335674738,22.3895605594,30.3629015371,22.6164631415,24.887904737,29.0305411275,31.1244656063
8.37974233239,9.27067860196,10.5281337332,17.6544974695,21.7553389215,27.9904838714,19.7684697617,24.9229960108,28.0636590783,29.6883836158
11.4612225034,11.8731777061,12.5081712985,20.1004504682,23.9609626987,28.9058288002,20.8544500374,27.38690516,28.774096713,29.7349309581
13.2641144816,12.7485563236,13.6218404087,20.4462515346,24.8274117813,28.2720619452,20.9128227306,28.2158505421,28.7553221699,29.0724779932
19.6786054645,22.8892654498,22.3318587125,25.1789008854,30.1439052711,32.1538582517,24.6681912183,31.4582037249,33.1907172905,31.8134706875
32.2730883588,40.7471060311,38.1882786154,34.5005925028,39.2108655011,39.9463320785,32.6905456575,36.5303121995,40.5359570928,37.5304467082
37.0378458282,47.7751761712,43.7021716304,38.4029208585,41.3508344548,42.6479093569,38.2188725834,37.178300505,43.6503703546,41.5817405844
34.3271694557,41.3541120334,37.930043586,37.2929236271,37.908910042,40.5074940029,38.6904227472,35.8478310619,39.826974804,41.6599695292
42.0680408648,45.6392925302,41.3360577541,44.5236236117,41.9039294781,42.4407397884,43.0275375215,39.3951206775,42.2725887471,42.4348804886
45.9974936928,46.9288334391,44.0653788459,47.6451610856,44.0019453796,44.3127729752,46.0530933212,42.4850891652,43.647030231,44.3949713643
44.2278464288,43.0882821124,42.6829629865,46.5570038919,42.5010258641,42.9196119764,45.6967803659,42.295516551,43.3833460086,44.43789375
36.5223902986,35.6394120235,38.5731616217,42.84653772,38.5255907036,41.2552438296,42.8409024236,40.6176872194,41.5855587972,44.9952348572
42.9808913607,47.6717940722,51.3279929801,48.702338733,46.335189549,50.9988075547,45.7949346891,46.1964045259,47.7114887983,51.5556747694
35.9669757542,42.642433271,45.436501262,41.8897784808,41.6254104959,49.0669837803,44.3342447388,41.7890536639,47.8614958389,51.5888657163
27.7887811256,31.2205490289,35.1676967149,37.1422914084,36.2313326447,45.5100634754,39.5741811058,38.8027649496,43.7322598686,50.0291088155
21.5188220623,22.1680633195,27.4096040843,33.3990246746,32.8281213521,43.4632095722,35.3393907208,37.503270888,40.7384301348,48.2553888325
15.6269425047,14.9440278393,21.2170769024,29.7386847108,30.1626339339,42.0377395616,31.5298294625,36.3721503803,38.8287265281,46.5642251206
11.6629413175,10.6662306815,17.0171804505,27.4127576671,29.192892808,42.2283153294,29.0265538615,36.4625119255,37.8888907733,45.3899473443
11.3496959493,7.4070297655,14.4554899919,24.2059113039,29.1726967587,40.5034654254,24.7472262538,36.1763409785,37.1689862525,42.4420085069
13.9226173048,7.7237754154,13.7888965531,24.0151441944,30.4300530495,39.1564908219,22.7156860436,37.2302958766,36.8247862388,39.5555650291
16.7226842404,11.5040377232,15.4274493296,26.4046100146,32.8430442732,39.8638942878,24.1412372198,39.484642969,37.4506319579,38.5608610429
17.6771070118,13.8225080314,16.7604706482,27.007928863,34.03270627,39.7371484634,24.9966052983,40.0439496221,37.6701011259,38.0048203831
19.8843168042,17.5463629147,19.4468550357,28.3150972413,35.8223079774,40.133075053,26.3411673594,40.6065495915,38.4346515883,38.0809389517
19.3896485085,17.0389594959,18.6513728537,27.9020409722,34.9620641457,38.8245213564,26.6972524274,39.7167222021,37.0158670748,37.306783436
18.2054294666,15.5166227883,17.4916422078,26.7761305737,33.902065732,37.3805899543,25.8138426236,38.7335697417,34.8279561149,36.2577904598
23.012505468,18.9330084284,20.5397144115,27.6561301165,35.8879145698,36.422458998,25.5289055661,38.9571633486,35.0054473593,34.7399844725
41.4471000149,42.5414911754,40.8283013984,40.6728537624,48.3452019656,44.6018597486,34.8525589714,45.7953170451,44.3317098348,39.8747032243
51.9031161331,50.3551938499,43.6548827703,47.5964158096,51.4016260637,45.3129974512,44.4632694691,48.2771118168,44.9805043333,39.8380727642
91.9623674332,80.6318780096,61.4402278217,77.0311022834,76.5907490058,56.9011994127,67.5699143647,66.5601591416,51.9328177315,41.9725112876
111.47866199,96.2225852806,78.1344755817,88.5168132692,85.610740777,60.9625566537,80.2071208061,73.9299730214,58.4954313007,48.2003036605
118.938270247,107.130420089,91.4006165297,95.0487028152,88.9170123229,62.5157909685,86.6782744911,74.1092192972,64.1633362577,53.6062174835
116.522202024,106.110617053,95.9208269969,94.4821123885,87.4020089407,64.7580526328,88.2741631752,74.8785491803,62.4097523047,58.8215639525
111.860643172,111.599720843,104.325240051,96.4319358322,83.6989530937,66.7932237311,87.7766765755,69.3926797974,68.8378473796,64.7695290777
93.2187344547,100.132309217,99.0403752432,85.1160625066,72.6594603409,66.6244213697,82.3452082381,62.9693698719,66.0239101266,69.2608743406
82.287011823,93.6677616524,95.7571681032,78.8361107982,67.9701043081,67.8685081585,76.0207790548,59.2846107268,65.0742726012,71.4377859486
63.1357120299,76.5824974437,79.2609243132,65.6119458396,55.7798204345,62.7934542993,68.5311728257,51.7204935299,60.7148442921,69.3786834534
48.9724858735,56.6807217594,61.7993991519,56.585640619,47.3343746767,59.0456153624,59.7964498351,48.6187050518,54.305788058,66.5429842913
44.7767510296,46.00120876,53.1206323435,51.0100130761,44.8887502612,55.9052394058,51.9847095328,47.6195877353,52.5508137182,62.0424405045
43.7865878166,39.278408651,47.4123187022,47.3347141909,44.3165572052,53.1005729501,45.743893927,48.1409947944,50.7562355044,57.6950537007
43.765822689,37.0234138183,44.1126524661,46.723067232,45.2531296665,51.8710984233,43.2247581698,49.8103385009,49.8282084586,54.5468780558
42.9378502715,36.249982076,42.1218810603,46.5583362438,45.9304951856,51.0963546778,42.6519935253,50.8216602096,49.5904329566,52.4426768406
42.63235574,36.0768389579,41.2608072177,46.1350604855,47.1080428289,51.0020449963,42.3922387383,52.0659563722,48.8341725781,51.0505067354
41.5933682894,36.0774889346,40.596215708,45.4331268161,47.0296555294,49.8698982123,42.0896324455,51.3009655905,48.7048512959,49.6147933368
37.5566131176,33.16821777,37.6234661911,43.4939893622,45.298948249,49.2561420065,41.3995106585,50.5273246548,46.8388565382,49.1949053279
34.1423093042,29.250869024,34.144824796,40.5327767313,44.2941111321,48.6832243935,39.3681036875,49.9862202524,43.8582995316,47.877443876
30.3854210645,25.8504373611,30.7735320554,37.8939759337,42.6668674573,47.3397762099,37.0057653023,47.9314822133,41.9407171741,46.1958391996
31.0895453316,27.3476652669,31.6625962123,37.5489212421,42.6092833186,45.4867934861,35.6851483458,45.4559100514,43.6915970036,44.6378593457
29.0828644922,25.5571604217,29.4736666211,36.1859967882,40.8015641411,44.4640094486,34.9009901865,44.5488429283,42.0083333678,44.1656561375
27.2446910817,23.3241228945,27.114470392,34.8595898177,39.6665168288,43.7188676056,33.8830071757,44.1395097046,40.0207870405,43.1852535007
26.6677897154,23.5035072475,26.8283665638,34.8551274445,39.3252147688,43.2868141852,33.727949588,43.3970701497,40.2845297638,42.5794602819
26.6995740781,23.2023642646,26.5612630742,34.0448229762,38.9597865019,42.4475882532,32.9822586414,42.7688800482,39.9414972261,41.7856364892
24.2429536951,21.3923413988,24.6719057207,33.0038507247,37.4199750518,41.8212642189,32.4317464579,41.9713083866,38.7117273433,41.4686137494
24.0214589811,20.3178797641,23.7255868154,32.0569649652,36.997399358,40.7982314262,31.4233123796,41.3319657476,37.8962840078,40.1721399611
22.9924927375,20.2923248014,23.4243973735,31.7893420251,36.6351163367,40.8755421671,31.1713482274,41.1089970057,37.5147135889,40.1230548107
22.4872132896,20.4205273456,23.2931337094,31.2419985933,36.55311127,40.903073888,30.8573216768,40.6476933847,37.2982322735,39.8841630221
23.371580143,21.0915491656,23.7320997366,31.0042445454,36.536137561,40.0068965741,30.3384579626,39.8086986474,37.7072510897,39.1409840562
25.1320523738,22.9837440715,25.2251506912,31.5234354161,36.9778699336,39.5143365775,30.374150569,39.6839352715,38.1360051724,38.8645750762
21.2908450626,19.2488799746,21.9308684441,29.2870695602,34.2257170202,37.9408067195,29.1026432961,38.3059784253,35.2758543474,38.2090261385
16.5113564527,15.2013974299,18.2705517587,26.8353767085,31.5868760504,36.552675644,27.2783384671,36.2715695558,32.3604179014,36.8888325851
13.9856046671,14.0401541594,16.8592298397,25.6818951304,30.0956050045,35.5443933357,26.5066302095,34.1527554113,32.1947034937,35.7430791649
15.0810130688,12.712791262,15.7779283772,24.0539484825,29.4613717436,33.7600673522,24.6255127375,33.3449233998,30.9653055158,33.4632539864
14.4275259362,12.0747381723,14.7347146753,23.466349012,28.3688542557,32.3373527409,23.8337514314,32.5710041332,29.832626908,31.9553468981
14.2818053696,14.1306083207,15.9172960792,23.7552620339,28.5957022909,32.5047649934,24.3348738082,32.210212042,30.1074632168,31.705216689
13.3853499183,12.6870278929,14.5217384912,22.2001990011,27.0827835218,30.5822297454,23.3939452512,30.5928208597,28.8008930937,30.1534982366
12.6436925534,11.2213672864,13.0651979854,21.0709944507,25.8463379598,28.9805097709,22.2026365278,29.6183749033,26.7505141286,28.4779312023
12.6066211836,10.3059060746,12.2063890691,19.9112295972,25.0805305003,27.550944421,20.6671672095,28.7865328282,25.0126597566,26.7563265537
13.7079454131,11.357714063,12.8212917146,19.7166292025,24.9870197187,26.1791212865,20.0383125953,27.9344923158,24.6555568255,25.2022874931
14.4065883598,12.074151376,13.2543821005,19.3418582815,24.4387535074,24.4762708817,19.7100130301,26.996680382,23.9844372468,23.7892912768
14.1528528227,12.0519907954,13.0949658051,18.6088723979,23.5682183671,23.1224348796,19.22915815,26.2182052913,22.3865670766,22.6385756539
15.9940259699,13.4590849077,13.9768401448,18.9426106555,23.7475447484,22.1270220785,19.3933074184,25.9731480277,21.5010888958,21.2566672001
17.0098274473,14.1671232624,14.1423962416,19.3763949212,23.8027756866,21.8728505596,19.6172946587,25.9211166038,19.6350973922,20.2472758074
20.6512555947,17.3919842611,16.1930951984,21.8630732939,25.4774596351,21.9112258163,21.5376584751,26.2508909177,19.8985917103,19.2608541809
24.3999712704,22.5898533896,20.2198268696,25.4938242262,28.2035788489,23.5516587413,25.1573781698,27.2970704275,21.5476830581,20.2744036287
31.0532193885,31.8127806961,27.9846351477,31.193470434,32.2638740777,25.8547142907,30.7491793179,28.8695764707,26.4014088274,22.7348877694
36.5549581199,36.5095498965,32.0495036053,36.2671351478,35.3789748557,28.6164338684,36.672819224,32.0379202619,27.7411211957,25.5191846998
41.487173455,40.897148944,36.2942618937,41.6846076571,38.5350882379,31.6134742504,42.2947955895,34.9552406331,30.1364399602,28.5897153929
42.7963606529,44.1856636689,41.321010969,44.2544765578,39.4867233803,33.8566049718,45.1630986009,35.4002390663,33.84562109,32.6538883035
41.633486093,44.7291159941,44.1533875427,43.9324303411,39.1480955826,35.9544432854,45.7749289382,35.3336669416,35.9107186524,36.5774236535
34.7669301372,37.1432084523,38.6337170037,39.7344645716,34.7000048968,35.0523392815,43.7163458325,33.3816436778,33.8179044581,37.6414325404
29.7487583252,30.6452743129,33.9297728311,36.9767457746,32.0895673908,34.8496537461,40.8845023158,32.5850905795,32.4290952722,37.8549772385
25.920990134,24.9762521596,29.8183399812,33.685135929,30.2176485809,34.5289070876,37.3752905129,32.0583577679,31.30484737,37.222422508
24.0707357078,20.5644531399,26.3400550933,30.64895057,29.4934531488,34.1750195073,33.2859994109,32.2118236869,29.6806818977,35.6546884501
22.1711962558,17.7593339783,23.4043025017,28.460310136,29.0230886707,33.4943352373,29.8418937365,31.7844538843,28.5355533117,33.7891362374
19.6944742385,15.0426416283,20.152129733,26.0929384203,28.2928874235,32.7506077946,26.5596594056,30.7789827982,26.3350362923,31.712618581
18.7534120575,14.3835324135,18.4076558418,24.8796027408,27.8199821357,31.0593012457,24.3680915441,29.1515720521,25.9755564363,29.3007123307
19.7866628545,15.3596565409,18.1912045855,24.8191593021,27.9313754372,29.3105653509,23.7029247107,28.5268316493,26.3563206077,27.4147316093
20.9627640208,15.7179171167,17.96687184,24.1571057265,27.8816470074,27.8204496296,22.7266337006,28.5342869607,25.1133299713,25.9091742819
21.3379175206,16.9821207065,18.565404722,24.126405664,27.504193806,26.0111436399,22.7137242998,27.7218928292,25.0935941325,24.6863558702
21.5939959658,18.9994772888,19.9231770813,24.681700892,27.4209141007,25.1500865008,23.9588000462,27.4641687281,25.3441952841,24.4247272913
25.4764008024,27.0417092714,26.5317318093,28.2867768739,31.1572892916,28.6230177991,27.9705745673,29.718532321,28.4599531897,27.3200865741
24.4753401281,28.5421290333,27.5989670613,28.5820072111,30.3571478713,29.1212206762,30.109642168,28.8156909152,29.3302458775,29.1940344056
21.8934261681,24.9376655307,24.8683492937,27.131497779,28.3008285396,28.9197938157,29.5590059841,27.9731216582,26.925188719,29.7834892559
22.5850687158,25.6783191921,25.6565345453,28.0058058552,28.5337675307,29.4176110327,29.8248966464,27.8388861662,28.0996423921,30.2916300637
19.015302229,19.9480413417,21.3099617294,25.2486621059,25.5277256675,28.0011168165,27.5956746778,26.509803994,25.2134285643,29.4685706972
17.8329816696,17.0752256192,19.1936631074,23.9110549743,24.3428385038,26.7736837926,25.3939339674,25.7679332572,24.2452278647,27.9366146655
16.477490927,14.7631751433,17.2623992744,22.4263969091,23.4014286846,25.9744232867,23.4514045341,25.3350452853,22.9543251888,26.5792743662
13.5684797304,12.3667893418,14.8251247852,20.7868011707,22.0659291627,25.3866522749,21.778440736,24.1734630415,21.4487965098,25.3594983872
13.5135571998,12.5572060585,14.6441642174,20.2859580181,21.7667017398,23.9106094475,21.2280844673,23.222332052,22.6054111721,23.8634370448
13.8568997165,11.0253017368,13.08084143,18.7683338646,21.4025264762,23.6934999712,19.2585152598,23.7548316377,20.0145486914,22.6949791604
12.962374964,11.0167819767,12.4372653011,17.9638754881,20.8377314794,22.7891332228,17.8855004035,22.2815511356,19.5771874607,21.4077907875
15.6423666468,12.9542702271,13.7816203085,17.8426189184,21.1791848881,20.763248619,17.3206179013,21.6689955318,20.6924039648,19.6948997783
14.8311966613,12.8726914509,13.2939471361,17.4651731089,20.4140328136,19.6852047302,17.425458324,21.3415377773,19.2494722478,19.0260923143
20.1036016873,21.7746468017,20.3733219899,20.932280754,24.6905021199,22.2441525314,20.8771849575,23.1598402987,23.2180094192,20.8617749959
17.086298485,19.6650870955,18.3963387437,19.6954262103,21.8364281867,20.1720345719,21.438830605,21.072421599,21.7081910523,20.7975415377
14.1782839825,15.1286988211,14.9347654325,17.8370160355,19.0328787304,19.0488757611,19.7628933684,19.7213978959,17.8440428801,19.9594446073
11.3133837509,11.8373920243,12.2664515095,15.9152420383,16.4126363871,17.8922981032,17.4621867516,17.3943953894,15.7828544906,18.4883657074
10.7296653123,10.0953614661,10.8505381203,13.9950528664,14.6389099167,16.3267533873,14.9169778865,15.7444727996,14.9698640855,16.5955978844
14.2110076701,14.9630034639,14.3422918693,15.4651423462,17.0719525576,17.1424750631,16.0822942031,16.8184008062,17.6703565682,16.6214936486
11.1788814814,14.2860711472,13.317419696,15.0488556323,15.9058269746,16.3987106028,17.0088550043,15.671524633,17.3524763444,16.8712905635
9.66346997237,12.2549534253,11.608089753,14.1597833391,14.5723239764,15.2153007959,16.8747685192,15.0420288752,16.1755526199,16.2200013213
8.87150395576,10.3306286524,10.1898415537,13.1406091632,13.5170757609,14.5319188616,15.9371989524,14.7795670481,14.8324638567,15.4975135594
9.62935629532,9.59559606265,9.6310795264,12.6429180753,13.2590742293,14.0482390845,14.9234397965,14.8951006048,14.1202775088,14.4794625234
8.08970230862,8.13908045804,8.4445403703,11.1671775767,11.9903361216,13.1625807546,13.2520949793,13.7018280384,13.1261337147,13.5371758462
9.16458545724,8.27955760902,8.42730785916,10.3448340168,11.8133250857,12.2252641354,11.9985703807,13.3961456168,12.9156532319,12.2696721115
10.0597888796,8.6192016599,8.38729075971,9.84198344818,11.6485542768,11.4772554371,10.9966307718,13.1200391863,12.2882781913,11.200692767
13.5146092691,15.6379551043,13.4684209482,12.6093530616,15.2358838574,13.5562012611,13.9883252562,14.4373184872,15.6811259301,12.5511928306
12.1443913864,15.4080777863,13.0127740778,12.7317551434,14.2824226408,12.487261372,15.2395000707,13.4681617654,15.2490379754,12.7671656125
10.2294575338,13.3879567526,11.4093663278,12.3666537755,12.7183783311,12.4929249083,15.0566106124,12.4201403514,13.3164240996,13.0477660454
11.4792579234,13.9528098958,12.0627654135,12.5420431472,12.6799675965,12.2870420446,14.9646837068,12.3303508333,13.8967544639,12.8604851994
15.9718289365,20.9579719482,17.8826987269,15.8481999892,16.6346375183,15.5842677819,18.0176348062,14.4115741348,17.677633918,15.3278423659
34.0495876758,47.1819384788,42.1662523957,31.3603581364,31.7872904383,28.8381521855,31.0158938381,22.9406882962,31.3910169521,25.1128045953
26.470201847,41.7520610304,36.4973963245,28.1549992856,26.492643431,27.503124949,33.2128570004,19.4478868078,30.0154993492,28.8628333977
22.3947943391,29.7467108472,26.8784984983,25.9391185453,21.4628957914,24.4366800113,30.2985418282,18.1824145603,23.9078894432,27.6840329978
24.6666061298,28.9563741094,27.1616895384,28.6799720216,22.9895569843,24.9597933088,30.4620065595,20.520085421,25.5306684888,27.7721344101
41.2807013894,48.1152402353,46.2719423425,39.7607618177,36.4569731096,35.7554316101,37.427358777,29.5445066487,35.3984298837,34.5852315792
36.4868666676,42.324284488,41.0892975835,35.0396874173,33.094528452,34.4459887436,37.0087858071,27.9639354467,32.6130977653,35.5560353416
40.1238528057,39.7209243108,37.1698108568,39.1482862487,35.259345664,34.1786597152,39.1451898764,31.215757485,30.6561126123,33.7170090068
41.3425662875,39.721750484,38.168738328,41.5609088664,35.9562996546,32.8827970657,40.1516996305,32.0196972511,32.895543782,33.3574745227
36.0537628541,33.1511709255,35.0855325012,37.6535658086,33.0144234531,31.3639047525,37.4906221757,31.3853385924,30.0782375463,33.3405661266
38.1220935676,38.0158026466,40.411591534,39.0017894033,36.8964640987,34.9097023047,37.7778476971,33.3883566928,32.660612558,35.5076502766
29.9517455018,29.9122859905,33.3942409096,32.4669484685,31.2439288193,32.2185453461,33.9446235059,29.5789577582,28.5914465533,34.1005586484
28.1168128743,26.5645299097,29.8729753449,30.8644985749,29.303472482,29.7519800661,31.1132774909,28.05129385,27.6328064583,31.4345562436
26.1298958346,22.6107170526,26.6097377083,27.8097276081,27.2798350876,27.8149114494,27.5557784324,27.2682154595,25.0894464305,29.2748486333
20.4444561958,16.6310676893,21.1469225271,23.3173024919,23.7322511921,26.5123871085,22.6632870629,24.4039809176,20.1518463587,26.8925196413
18.4561000768,15.4267138033,18.7392726387,21.5240260441,22.1058921984,24.2530385048,19.9243949738,21.7011782118,19.9158123154,23.6655633629
27.066103057,28.9217622232,28.7021208397,27.4203893265,29.2225352467,27.795689988,25.0078351067,25.0403614944,27.5095202293,25.5989655892
20.5431186396,23.8855362439,23.3955686037,25.137048292,25.3675323657,26.8667999758,26.1276157162,23.0492189576,24.1520923954,26.5246097443
23.7321428943,29.2270407428,27.5363877147,28.8052112588,28.318001204,29.2092454305,29.2175382313,24.6009607,27.9958304878,28.5616919529
17.9129805523,20.5921266544,20.8558456399,24.3478674782,23.3592817193,27.0730109584,26.5808694697,22.2265939774,23.4351387489,27.9410277484
17.4380150425,16.6086135571,17.9850082818,22.716025084,21.7085972561,24.9846338591,23.335903103,21.5070254934,22.071148953,25.6792253034
17.1723878414,14.3579087921,16.390194013,21.1159746615,20.767903443,23.2592348509,20.6946880428,21.2657946526,21.1403115581,23.7318679071
12.3955197356,11.0145829062,13.245712339,18.6943994766,18.4994825567,22.1663669595,18.5488793304,19.4557900552,18.9799029162,22.4703267233
11.625946192,10.2514193519,12.1402779896,17.1464489071,17.772471903,20.9171243773,16.8860355947,18.5833778389,18.7358770466,20.6644084196
10.252464954,8.58154794907,10.0547055151,15.5050330482,16.463321621,20.0058650013,15.0145847021,17.6155075018,16.8876561977,19.0855114348
9.36088262337,7.44012981529,8.51502480419,13.7735593272,15.0168084714,18.4746626667,12.692141218,15.9915846729,15.775213319,17.1882030714
20.0653958055,22.5407973192,19.9622145085,20.5699451004,23.9621220851,23.5786345782,18.7994748259,20.7813763993,23.5588562233,20.1200578749
19.1358577308,21.4236616432,18.8020568174,19.642572838,21.9955102639,21.4369263972,19.4609733213,19.3291657684,22.4114540517,20.4169310812
28.5157143143,33.0879240966,28.5942337661,27.5078508713,29.3935047457,26.1383942134,26.1235368095,23.8737698489,27.4093940476,24.1052581726
27.0366091257,30.5740392274,27.2783594775,26.31625925,26.9210449791,24.5749051227,26.6575755694,22.59219467,25.505021619,24.9735042053
25.7135025613,28.0920789008,26.0829997148,26.5702818198,26.0914011147,25.0314070436,26.5968331565,22.149217105,23.1195242889,25.6866620996
28.6854623402,33.6712624904,31.1331343542,29.4416224433,27.8376600576,25.5580061988,28.8673996845,22.5469950811,27.6998871974,26.7468017434
25.1687198992,26.5302056963,26.1755327728,25.8367940019,23.72289324,23.3065994708,26.7343805464,21.5932862177,23.2281607286,25.9053150295
18.1899182627,17.5220074775,19.6901104375,21.0103418592,18.3659033331,21.4789335601,21.23156929,18.1103316232,17.624531258,23.8729048672
12.0031061795,10.9545660881,14.0228958682,16.2344062763,12.7891834686,19.4818798065,14.7324230711,12.7365268339,13.9926030103,20.4099869919
20.4555513354,21.9308037317,21.3858827483,20.5114645573,20.4583609143,23.8395700715,17.4312541188,16.4308987426,20.0836181783,21.1629159435
25.5942462248,29.2201718272,26.3081202712,23.1006058109,24.007541854,24.0318278259,20.4841356237,17.8607220758,24.7028545285,22.2094998242
32.4329808048,36.5299983193,32.0083571806,28.4075218309,28.9542429666,25.9636714306,25.8425056067,21.1928814775,27.331436626,24.5280808705
27.9805425016,31.046017418,27.6633383702,27.5369781458,25.3641880463,23.9284476131,26.8251920683,19.7444664543,23.8527046436,24.7341508101
24.8815052647,26.7686556812,24.879390167,26.8984384126,22.8926197736,22.2722182734,26.4119606158,18.9828897078,22.1880719977,24.0221387006
19.7014187138,19.2122596207,20.0069806896,22.7217212263,18.450478248,20.5941466278,22.5750071417,16.8058203544,18.0633324227,22.4920849747
21.7901804261,22.3533502731,22.6853237898,23.2703079937,20.8369726637,22.5142447873,22.084215502,17.8337582413,20.2474953718,22.6370806365
15.4562908318,16.6499759943,17.5910366022,19.6270215137,16.4229608983,20.0383938839,19.5354493131,14.6514347963,18.1380579303,21.1037255687
21.4605475627,26.0640533927,24.9940632362,24.3796326588,23.7373573984,26.7332551496,23.3504347827,18.4076335339,22.5696396669,24.595603991
19.910183064,23.4935935486,21.9215124984,22.1382503775,20.3826824676,22.5234247897,22.2912511848,16.5754192949,23.6209174685,23.0498581915
18.9494440808,19.5400534209,19.0239163361,21.4770715969,18.9945969321,20.6788237657,21.291052979,17.1785249834,21.3475678762,22.096219646
16.7662053219,16.6911832789,17.083104589,20.3531393055,17.914388906,19.3932993736,20.4849775263,17.3475882732,20.0713057233,21.1489405674
14.59852245,14.0691775034,15.1598565179,18.4842023561,16.880752091,19.1960272874,18.8444624577,17.1797343358,18.0549871808,20.3599306614
14.0201961445,12.6092220917,13.8832077718,16.8024165812,16.0467452847,18.0425901189,16.8261927103,16.5910974473,17.3064336856,18.6706225888
13.9989431815,11.7116384597,12.7776807885,15.5404951559,15.5231864091,17.2574517825,14.9600739559,16.2150607782,16.1049874695,17.1620645321
8.57801221116,7.81513192024,8.76427677802,13.0072590029,11.7748924273,16.5815105675,11.8524472254,12.1421999664,12.6826401409,15.6582079105
7.38626476113,7.2816394615,7.51079486872,11.9274290027,10.6678892243,14.8719662752,10.7350645339,10.8456861451,13.4431005502,13.7320033477
5.07326561582,5.23094161334,5.33154489288,9.61968885762,8.535563016,13.4171486027,8.76970851701,9.23175748321,12.2017448476,12.4066980469
12.2255880719,14.3640753913,11.9760199483,13.1913336996,14.2527281131,15.5959687523,12.7360157087,13.0841157586,17.6144286374,13.5748522545
8.09683969179,9.06146954528,7.50972867815,10.9483086658,10.2552133903,14.2158252389,10.502639778,10.101756629,12.822648166,12.9429104776
5.255093972,6.56101623442,5.31046230732,9.30448529633,7.8667827041,12.09387071,8.67850700737,7.88350721008,12.1316171607,11.4963316559
5.60847584461,5.76665351762,4.63612551773,8.19309485276,7.40805940509,10.5805988315,7.91466897037,8.16306749948,11.9007687128,10.1714907513
8.02372664069,7.90540026775,6.15692199104,8.25764851032,8.7410223795,10.6699657934,8.02282270028,9.26761320736,12.4864917592,9.86368030627
8.49644085715,10.302643219,7.66810553007,9.30126008441,10.0817048296,10.9686859601,9.70451569418,9.6942924538,13.3424733328,10.1857676763
9.84398996503,14.5890884062,10.8895104123,11.3707838867,12.3334887264,12.6741053714,12.6964230347,10.5855206123,15.3541921332,11.9345158554
9.03398403714,13.1414348574,9.83865599377,10.9563555897,10.8747500921,12.4712791376,12.4096848859,9.41610169533,13.9195898547,12.3957879493
6.98899504185,9.00693074383,6.81833382294,9.22215502018,7.39980812516,10.999957151,9.59754640553,7.04845661113,11.413046672,11.3290950672
6.63443266074,8.92185365817,6.82091735324,8.86091035371,7.2520405537,10.4254720329,9.21390480198,7.0554628742,12.1376100219,10.7760714424
4.13117685893,5.8971928933,4.29120968859,7.41294948771,4.92204494171,9.72089241557,7.43191230941,5.46248859895,10.1212135073,9.84641602982
43.553124727,50.7173768346,45.6301705917,35.5499672945,37.5228540622,34.4151934234,29.9817399599,26.0170699175,31.0948092057,23.2230647741
26.8674990893,38.2249365379,32.3060604587,25.5568374288,24.1986951962,26.2042332174,29.2246123143,16.2386622511,27.9286061241,24.5294190409
26.3734491272,31.9405926346,27.4992148422,27.8865254059,22.9359853252,24.2321942423,28.7337382974,16.6717407444,24.6632787191,24.6901529719
21.6997136365,25.7137018341,24.2631710849,25.2159469798,19.5570748357,21.9471965658,25.9431541684,15.3529256179,23.1959517904,24.7517472234
18.5087588804,21.0721277952,21.7904683967,21.8940226127,17.1678842496,20.0880313532,22.6882805112,14.8895556129,22.092100033,23.9565482108
14.9719183251,15.9755772857,18.1546297392,18.3484811307,14.7839898774,17.87452259,19.5410766851,14.5268634925,20.1843839382,22.2825777175
13.7138371163,14.8856802603,16.9588545667,16.7354622114,14.992735548,18.9759289481,17.5983489961,15.2585554934,18.6551424974,21.8656089476
15.4233892007,17.4598222338,18.5112188474,16.2968430616,16.4625752717,18.9194288088,16.8004057909,15.7981076565,20.5835224094,20.9924384802
13.5996484571,12.6856138393,13.9975557248,13.5302487358,13.6353180111,16.9333114784,13.1282188038,14.4263545683,16.2758554275,18.6770934513
8.65323892679,8.35630225512,9.38812127905,11.242809972,9.66864419295,15.7451558975,9.16992979967,10.1355072416,12.5053620781,16.1386822759
16.6526104717,20.054369513,17.1591121296,17.0089475625,18.122033774,21.9684737801,13.9707529113,13.4262321286,17.9614738711,18.3976807803
16.2940982017,19.1541381276,15.6494906097,15.7318918632,15.4289926711,17.6769182931,13.2083543453,11.5966600107,19.2167755405,16.9028116589
28.2992817992,32.4200357906,27.1286405737,24.945949886,27.0211321409,25.8705306306,21.5476692817,17.9413830608,23.2970671579,22.022286361
20.7080798108,23.9633069175,20.0207801077,20.676083352,18.332217828,20.1072379417,18.8973289925,12.2536470724,19.7206387106,20.3190737088
28.2917523464,28.649009552,23.7753664315,26.305739452,22.8773381669,21.038286587,22.7468014062,17.1148055814,21.9447779935,20.2845274695
29.1446442104,29.7542175834,26.4942485436,27.3763862742,24.8466197998,23.1801889553,24.7775089023,18.2732882266,21.6885597213,22.5114554783
31.2310236048,34.732632216,31.1479631784,28.9613331956,25.4642355634,21.5048281216,26.7099753605,18.6786283663,26.624685839,22.8483058875
22.2650760317,22.9646647797,23.1088966169,23.4232668799,18.7891957114,19.8869683117,23.5537897662,15.9981363966,18.402736774,22.6219274915
24.7524067857,26.0378592761,25.4786861627,25.1224773543,20.5943570338,19.4814411807,24.3342812776,17.5907483609,21.8372335546,21.4242148374
18.6737066683,19.3836245883,20.8002266539,20.9629919366,16.9651698225,18.2954178138,21.9433250832,16.2785020401,18.1532456679,21.035431165
13.894753453,14.0915484636,16.3273034533,17.583926654,13.9362410943,17.5512300726,18.5052668324,14.2330419368,15.3543663727,19.4006772145
9.43888367795,9.41550487203,11.8520283757,14.2104329772,10.4629923592,16.7326023684,14.2236343904,11.1331811087,13.0184785514,17.2525095737
7.51095030444,6.56129706161,8.6237271162,11.3656483426,7.85780894126,15.2793702479,9.89141146271,8.8505835368,12.0799135934,14.6733634055
10.569877794,9.23995021495,9.5166734188,11.3442531993,9.80530636236,15.1494696253,8.92827795662,10.0063898051,13.9862853581,13.3677021774
10.782344256,8.88690249357,8.43306899653,10.3664400091,9.64284922754,13.1079829135,7.86738965302,9.78455819102,13.7166947488,11.7225403847
9.04268478136,8.02548089986,6.86665466073,10.0243269866,8.98694056503,12.0158788562,7.85036751387,8.97670147265,12.3310723149,10.5928684695
9.13683896282,7.96848842553,6.47996129854,9.36150085168,8.70155938776,10.6677486195,7.65565172315,8.83104689152,11.9893547982,9.4382974088
8.52045010163,7.2077151099,5.55605307009,8.5346004505,7.64730000925,9.84946615757,6.89412231346,7.98015860876,10.6593541033,8.5333925384
7.96549167624,6.81162261156,5.06391285204,7.49401250084,6.70606732632,8.73022500253,6.0395528538,7.08027138834,10.133684474,7.56799806391
7.18670465032,6.12110672168,4.43367311535,5.92498730126,5.4342598567,7.43799661035,4.75906674641,6.00757181463,9.38735427457,6.58742340967
6.68751799469,6.31281837031,4.24317681964,5.36411018925,5.23586216184,6.45001232778,4.94418821351,5.74473971894,9.09291163238,5.69806895414
7.33738283697,6.83645946564,4.56761121661,4.8992621021,5.39369885195,5.57943051933,5.15988579445,5.98712358322,8.82150511645,4.99483268742
7.09331262293,6.91957731789,4.58087525172,4.27201790583,5.03997646941,4.72153306444,5.12585398309,5.62057818826,8.19315577117,4.39408743625
7.42072483467,7.27354014666,4.79406905022,3.94084639683,4.88532187866,4.03881200572,5.21325415645,5.45909380149,7.69327620854,3.81992387577
10.0157490763,9.53625252712,6.84003539789,4.3360637555,6.41581840276,3.32136731808,6.4669317096,6.72319652266,8.27642062861,3.33772179781
28.7787070152,36.3890566772,29.4812024242,19.0280895427,23.3231690597,15.9641755213,20.4399519256,15.6073056828,21.2814357492,11.6306128477
23.1978475158,33.7044682842,27.0647644322,18.9136396419,19.2713199661,14.9515464652,22.9497845874,11.7179091836,19.9344071658,15.0514088075
20.6794470376,29.4334930495,24.2472178377,18.7437446919,15.7362221228,12.9219993326,22.5034510255,10.3011469478,18.3535581228,15.9883549856
13.0262465437,17.5752490683,16.4975674626,13.5876050554,8.19444190221,10.2563847378,16.8907535853,6.50079906506,12.3234594124,15.1210226349
9.48726931695,11.6081760937,12.0819139221,10.9900694604,4.86733652287,9.42279355379,12.8626926421,5.24433633278,10.2205532739,13.2319134621
12.5451762563,14.1232270547,14.2036987178,10.6312667073,7.38043252751,10.272450949,11.9209311004,7.60466367772,12.9926944501,12.5251580155
9.15063333886,9.49071871939,10.2394569252,7.44959715945,4.7086897237,8.68831613133,8.22013441427,5.84296282273,10.4701795009,10.9133709641
13.7721215512,16.0585720371,14.4978950634,10.0860541793,9.7067604244,10.5922953937,10.8862347601,8.91482122985,14.3006431431,11.1600678359
14.2347892079,18.8614261522,16.3272825657,11.0906373456,11.5394783979,10.9379073842,12.9767707061,9.65521450605,15.7628940868,12.0805428087
12.4247230068,17.9276679427,15.2881923308,11.0701731593,11.006784717,10.3250487503,13.9543006177,9.30476064147,14.9443512543,12.4891329075
8.07869049923,12.4070282841,10.9352571132,8.83538408436,7.6819504264,8.43107728805,12.2408673839,7.47811318304,11.7031288683,11.571274228
3.99067951981,7.71840713212,7.0939377505,6.7043102604,4.62915016498,7.57014766412,9.88722953468,5.50420976276,9.17406531801,10.4293407092
17.6142088466,27.182365973,22.9522147056,15.8223305299,16.1147071665,16.237826425,18.2361238569,12.7362671343,20.383399481,15.3387369726
14.1030479274,20.3569041837,17.1347446949,13.6443435804,12.4565720048,13.9764487365,17.179065471,10.8392654023,16.4699186155,15.3918505802
16.8172960736,23.4201109057,20.0804974607,16.1459267096,14.9162125902,15.1542689604,18.5457632487,12.230049752,18.8794261813,16.7590996277
12.8572435623,17.5215656934,15.8333931068,13.7355800583,11.691004189,13.2152252329,16.4814080419,10.595502843,15.9089640558,16.2907609421
14.8372601219,17.8742519668,16.6001224777,13.8603766842,12.5386599187,12.7398882586,15.9771375093,11.7843082712,16.5941841614,15.6584739088
16.2956076762,18.82008417,17.5989608926,14.3185357882,13.7769978086,13.4620971748,16.1247248981,13.0333782524,16.5704299766,15.9201989132
21.1380461057,27.8018268736,24.9016645036,19.148494009,19.0547402233,17.0146719361,20.9080043477,15.8959746571,21.5900578137,18.5113511368
14.3728378155,19.4193818638,18.2072690986,15.4864347932,14.0019048626,14.4056271359,18.9314381917,13.2129769781,16.7517224688,17.9424697542
10.8789063798,13.7755775722,13.8401942831,13.439637861,11.1184358059,13.1460172445,16.2262559802,11.7256583086,13.7613826021,16.4311387647
7.00188017424,8.79545512369,9.86766887992,10.3878993717,7.87355402355,12.1276176939,12.3732410546,9.41501072414,11.4160427849,14.6553222695
6.83226720771,6.93751165013,7.98225482491,8.5487550595,6.89316694175,11.1830069804,9.50962310496,8.87716340626,10.9810695584,12.5013570295
6.34825142888,5.69027328316,6.42046376098,6.67036720573,6.07877228197,10.0233071611,6.93300337198,8.12092868735,10.4241889288,10.6264818309
5.637057276,5.58699117977,5.33405037455,6.19176806215,6.15141983326,9.26129717955,6.37534516883,7.75857132912,10.1404099799,9.15034323857
5.00599368196,5.3538806257,4.3915747569,5.55174348792,5.84447541628,8.39691621786,5.91426769315,7.20155546245,9.64567380916,7.94762591044
5.34849371355,5.65391278748,4.07348989509,5.33409143392,5.95413340553,7.61943003235,5.93218731142,7.13932903311,9.4000236128,6.95368406708
4.66189090059,5.78188396723,3.89745489761,4.91932729492,5.92425510424,6.61968223434,6.39271638155,6.88160696243,9.21182767673,6.26068185354
2.33829244462,5.01467121417,2.93166868885,4.46963804225,5.18527672795,5.91397043838,7.04831831407,6.07018578609,8.37416588707,5.88818944984
2.73943291915,4.8475095312,2.55628935533,4.57919261498,4.93934727284,5.80858440946,7.33045091141,6.14174442376,7.79766803413,5.47616658364
6.63792334226,8.26522265029,5.30870606131,5.74220486886,6.98148859845,6.51103529554,8.45894638626,7.63870290412,9.51185749843,5.73524525855
9.55590417783,12.452392303,8.86785878097,7.73897393683,9.47822516874,7.19046205199,10.9725576671,9.0851372783,11.6465404702,6.7242404262
7.71132929178,10.8838005528,7.90178753124,7.74632606653,8.48045446837,6.36915412313,11.7041993514,8.45470326928,10.2181408634,6.97382238789
8.26655653712,9.66361787205,7.61028596692,6.74680500854,7.43061368627,5.66604426953,10.4964963063,8.08094697615,9.1004148657,6.66490456127
7.76226457243,9.75671307503,7.8986472937,6.66696917741,7.31338270156,5.48846210561,10.632506666,7.87507987032,8.99693975384,6.61167736254
4.16543986307,7.6859479005,6.32874496942,5.31397242451,5.73208731061,4.64963147751,10.2985893039,6.49603225181,7.90428657682,6.40802781628
1.83083716919,5.66963581862,4.53365941905,4.2203168359,4.2498580364,4.39348318615,9.60946060731,5.50340687711,6.73265031606,6.05850666681
1.54241767463,4.54971412444,3.50917963665,3.38309223621,3.46880266415,4.24943971592,8.59263462212,5.18189257496,6.26930138408,5.46375270222
3.66528764219,5.53176993259,4.20990536794,3.60752168388,4.40437481992,4.38480110417,8.43933782766,6.13203834888,6.93368467358,5.00322636337
5.74523956745,7.3358826924,5.55434047564,4.52257892568,5.87845040517,4.57656910138,9.14466343299,7.20742077951,7.78223056326,4.8627394247
6.50318539517,11.1135772116,8.27672790971,6.23244375218,7.74443932438,6.36822092396,11.0972611335,7.69690082011,9.81104760399,6.40256625036
34.5287427571,51.361920128,46.5722645448,30.5510327182,30.6006443973,27.9893024154,30.7724450972,21.2729463087,31.1056707206,20.8509162077
50.7043204356,74.8220335259,70.1786618397,43.4750904362,42.4669956313,40.8624208007,44.4359338811,26.5726879046,43.1700524118,34.5580198345
43.4313537499,66.6880154206,58.2911095284,40.0048060374,35.7020306023,38.2859728246,47.0039792257,23.3978987483,39.8666708203,38.3966199064
45.4251873885,58.694358783,50.9696218541,43.3121845329,34.0897805763,35.450866298,46.5293967565,25.1048920607,37.3364074414,38.4952228202
38.1551650933,45.7460942269,43.6178383478,39.8384813981,28.8531795529,31.4216728686,41.8223860194,24.2329915076,34.4742348108,38.4630367553
35.6312707375,38.6557487321,40.2000178144,37.4249022285,27.8030742851,30.1893387385,38.1135360988,25.9008193895,32.738805736,37.4795627557
34.3963003748,33.5562297412,37.2958717476,34.6648914073,27.4594802823,28.8106946201,34.7517111367,27.6193369079,31.0940147053,35.4001535374
34.7748892595,34.6004086376,38.9437972036,33.9741969544,29.6705585935,29.8010227984,33.1674522638,29.7977080859,31.8210288731,35.09761168
27.2978556503,28.3879876551,33.1185006096,29.4130972685,26.3792531559,27.8065663379,30.5419406615,28.1039874359,28.9452987754,33.5948739352
24.3622608059,24.4214582677,29.1296937141,26.7130095786,25.2213310963,26.612565988,28.0192310684,27.7522900376,26.556618857,31.3143369381
24.7278519282,24.0375517355,28.2578472409,25.2409392177,25.5700870509,25.7177007281,26.0972538499,27.7729406534,26.1364688493,29.2781737379
21.7035645218,20.9122392957,24.8776417985,22.5954896196,23.9136818408,24.1989844951,23.75884997,26.7836116858,23.672507415,27.4313336061
19.465245026,18.6704716372,22.1248786337,20.49891866,22.6467610354,22.7758044144,21.5744603656,25.4775063938,21.6558716797,25.2666683499
20.0535186256,18.3304253427,21.0024663029,19.262676177,22.3466108332,21.3241208158,19.7607508685,24.6213061895,20.485709882,22.8832604342
24.476583899,25.6915095985,26.1580252214,21.9282267949,25.7203324684,22.3882632609,21.9634705662,25.3648709726,23.7383136617,22.9957590905
20.4192277131,22.8707314143,23.0301228124,20.3505174492,22.7927738507,20.4745817317,22.0130776485,23.2470100192,21.3288411307,22.4097095087
23.1137009418,30.2735241791,28.8660755006,24.311001351,25.9665308772,23.5062100301,26.0555585861,24.3176223271,25.2942817389,24.8598479269
19.2823728532,24.5297690025,23.8733695508,21.5588082037,22.0947078168,21.3049094217,25.2838927923,22.3048084193,22.0969017011,24.2223367767
15.7007227035,19.1495130146,19.7660700535,19.7703614879,19.4460158302,20.0221891908,23.3761798094,21.041338942,19.4490732896,23.2987373246
10.6083120672,14.121639333,15.7484326418,17.2162827723,16.6914475799,19.0707172966,21.207271045,19.0564098061,17.5552586146,22.3370268902
7.34299889918,10.351580862,12.3016948753,15.2301821422,14.9381871583,18.9208048287,19.1798140441,17.8176296246,16.0288278171,21.1020096739
8.22535035521,9.28433194527,11.3296282317,13.968842492,14.7443382771,17.9458900098,17.2210672696,17.4712892397,16.5405731832,19.2761693209
8.15780638599,9.19793086234,10.794871578,13.7074043494,15.0167729687,17.3397395944,16.8692333416,17.6703189216,17.0371794642,18.3734950472
20.4507149751,27.2256782669,25.3583270448,22.508398949,25.1131663202,25.308237226,23.981516223,23.8808743422,26.5049652962,23.3075872142
16.8777074694,23.1684436702,21.6104903444,19.945220235,21.8206341678,22.8212813972,23.8104294179,21.4952361505,24.9661897048,23.9424390078
17.4244719334,22.3284746119,20.8775403285,21.5709750268,22.2282068684,22.9818302839,24.6565693003,22.3032158153,24.2691637237,24.6117080076
18.9562104915,21.8783093079,21.2409064148,21.8221244974,22.5117472796,22.6199908592,24.370187419,22.8639102184,24.1541517144,24.6386395477
17.6084967381,18.7297329314,19.2457687495,20.7617695327,21.1007257433,21.0859725124,23.2337886725,22.4725997207,22.5360883099,23.819263691
17.8551442559,20.3613829185,20.9554641185,21.5438694093,22.1835068869,22.1141113268,23.8424651129,23.3127648988,23.4275711898,24.5265830382
20.468187414,19.9875615066,21.1890874626,20.3187787909,22.2889077258,20.9803042064,22.2201939501,23.6530600198,22.5525519516,23.1851110394
17.3847476626,17.3648375943,18.8260010326,18.925877369,20.3365364208,19.2611162697,21.0041539662,22.3357001231,20.3705863488,21.8742385007
16.4414336973,15.8210222631,17.4288223628,17.4081103599,19.2257598027,17.9635847632,19.4913077365,21.3926523535,18.4904812458,20.0716768188
16.8450322091,15.7011609572,17.2155132294,16.2884387977,18.6760491873,16.5913335234,18.1673830402,20.5590854178,17.7246369179,18.3672496581
19.4851354349,21.2697123426,21.2416183623,18.2926769448,21.0111162916,17.7229037656,20.2583704857,21.2745339255,20.0224986554,18.8141982645
21.6230531887,27.4932055705,26.0558439844,20.9287863799,23.2722402165,19.7825127746,23.6893728888,21.961031688,22.8894969847,20.9814944194
17.6619373652,23.1432641421,22.1967208366,19.0329328229,19.948129988,17.8980448663,23.3951590916,19.9319842257,20.2391210414,20.8396826929
15.9493391817,19.2252288006,19.4970669822,17.2520120681,17.693679042,16.1228674632,21.5470923744,18.7806456551,18.1048378937,19.7549932396
16.5714296019,18.2053728593,18.9118896424,16.8482558003,17.3862623629,15.5597969668,20.6400320448,19.0021981432,17.3016007631,18.7756385588
17.7252615937,20.6516801661,21.0297337092,17.5062425819,18.5945050963,16.4551337526,21.0993961729,19.5929855302,18.6018017974,19.1469863753
14.1670567249,17.6877297134,18.3051141157,16.0629046087,16.6386268996,15.3173585464,20.5965649073,18.2266310321,17.051501922,18.6087328437
12.4730966774,15.5619940752,16.4136167952,15.1793744539,15.6603333876,14.8853563269,19.9380400239,17.7324257197,15.8486422041,17.9062684696
14.6482592624,16.4577146278,16.9725981863,15.9225403944,16.6618469413,15.2126754488,20.161654805,18.6049609016,16.244763115,17.2488358439
15.3715671903,16.2811977638,17.0088189452,15.6024603731,16.7042946588,14.6878909997,19.5960644299,18.6895258648,16.1224326977,16.6143051483
16.2095127929,17.0976178709,17.7168789634,15.6919467788,17.1446071729,14.4294476232,19.500964666,18.8683309529,16.3274553014,16.2287264798
15.8062582065,19.2663407355,19.1317006204,16.7638144311,17.9988993268,15.4480297816,20.9839006629,19.0684322524,17.3091483461,17.0939341748
18.2375756976,26.7944929415,24.9233605162,21.1434410428,21.7220601752,19.976268989,25.6574538873,20.8812647772,21.6829023799,20.7825656866
18.5007218992,28.0139303473,25.5751665828,22.6002167812,22.1063889817,21.6860246838,28.1696749494,20.9800424973,23.0160271643,23.1128972061
17.8360037964,25.8903871994,24.0375028258,23.219019416,21.4556269879,22.2182417648,28.898902687,21.0311697107,23.0858214342,24.5406857902
25.3866056984,36.3229642257,33.8860371143,30.2245267863,27.916472038,29.4198051984,33.659727155,25.504863547,29.9138733,30.1385774116
21.4422205705,29.1437139935,27.8213458248,27.2382847094,24.386377291,27.6419224283,32.9391569755,23.9985541041,28.1097029362,30.541182389
20.8139129441,24.0127583843,24.8754029369,26.2521565756,23.3915247261,26.378873686,30.2593085398,24.3038194709,27.0021705123,30.005882185
23.1571988686,24.293512721,25.7558687674,27.531108058,25.1871491531,27.2430635589,29.9440310893,26.476274708,28.090826889,30.1362305915
26.4870057156,28.2053931411,29.0534390408,30.6955287025,28.623078966,30.0913283174,32.1983397586,29.6421703772,30.6359989678,31.7669641752
23.5147851312,24.6840681272,26.2998212186,29.3411289032,27.230351044,29.2766491122,32.0356000119,29.2843638886,29.7270104036,31.6540218131
21.8964480922,22.0805610256,24.6720342293,28.480096301,26.9208998325,29.1594271495,31.1426771429,29.687525068,29.1386785804,31.5484631321
27.1197221282,28.8198622848,30.5878220543,31.7948701086,31.5220397827,32.9803240084,33.0535815141,32.8741837312,32.8945515647,33.6616122673
38.8081001366,40.8510140896,39.9798936829,39.1134707892,39.3378315464,38.3724174793,38.5770550011,38.1172807575,38.278406341,36.590268425
80.0048016266,81.4264632513,74.8444959453,68.8276192592,65.6459045437,56.8373736114,57.3011647217,55.1762393073,54.0313740567,46.5801028844
108.665432447,111.412186729,95.2332612035,88.2118854465,81.1715320726,70.6405475168,78.0183151738,65.5297669159,66.3419413701,56.8251493751
109.494668124,114.156696643,101.43487724,89.4228704301,79.5694253628,73.3546605722,83.1145165508,65.4245257688,71.859692507,65.7003721266
99.6778100059,108.00418552,98.022879909,86.1470528418,74.1358203296,72.1532902122,82.1741035323,61.9555013958,72.8719429489,69.6991258382
108.499121176,114.558010414,106.916313717,92.3522226207,80.8957052439,76.6821853528,82.344453868,65.9312011433,75.2833040623,73.0437487212
150.562520544,151.529594022,123.840488362,116.883062523,107.850060624,91.7425042549,101.613463966,80.9590510006,83.8689871846,73.5137385966
150.137941292,150.009202439,126.031780279,113.385951422,99.7621341526,90.3329378139,104.965258595,80.0262580231,90.0932093688,79.4599242122
134.802211211,138.473628285,121.391057797,107.131256518,90.9639933467,85.7328560164,99.0735294074,75.2512362338,89.9788591726,81.1927627511
111.260404182,118.44220713,109.711398092,96.1485270415,79.5267620355,80.0692180062,89.7946424602,70.3097536697,83.6148258269,81.2558537607
96.3056302917,105.865669392,102.070175364,88.3103488967,73.5360530058,74.8731758482,80.8008501458,65.9664443475,79.0886402853,78.4567098018
84.4559739078,92.6839012782,90.5440080124,80.6126763388,66.9479989273,70.7367769556,75.0121011245,63.2845174165,73.1913844286,75.0321220396
75.6245327518,80.1079224943,80.5354829239,74.0415458545,61.851661796,66.4970967096,68.7563228978,61.6272428729,68.4251350962,71.2607996623
67.793635809,68.7414262409,71.6795108772,68.106141531,58.0968454815,63.7574745938,63.2701776875,61.2451196571,63.9364301459,68.2037651787
65.6125862255,65.8245714266,69.9793256721,65.7019103192,58.3998366408,62.9906994225,59.5508887047,61.3140058913,63.565500799,66.2771417343
59.3029554862,59.1344329445,63.5241992467,60.6119470383,55.3686349946,60.952052043,56.4964369553,59.7004245504,61.093192633,64.0894174485
54.7881078225,53.3121432838,58.1859538583,57.1332528115,53.4904453832,58.883638859,53.105897979,58.5872439836,58.8660775992,61.7278049169
50.4350533968,47.9086551265,52.9199828324,54.0426165672,51.5157847031,57.2332846161,50.5421540981,57.611945336,56.7250053163,59.6528813556
46.5509471506,43.0403402319,48.5719377139,50.934723566,49.9685666544,55.7547072915,47.7779724483,56.7415206784,54.7375182608,57.7450059091
45.0035240363,40.1103754788,45.7064066204,48.6419060049,49.5860814107,54.2061860971,45.3703568868,56.0566696865,53.1388429644,55.3183970243
43.4200875396,38.1982837075,43.4466459407,47.227216528,48.8485185088,52.7133698823,43.7819253731,55.1708544525,51.9801993536,53.4478340816
42.001295185,36.7376134885,41.6829751884,45.9701881367,48.1773861592,51.444810927,42.62717086,54.3780187331,50.7764969967,51.8874254752
39.6197773622,35.0300393891,39.6783446771,44.6839518058,46.8808854758,50.3699795691,41.8326231913,53.2858415336,49.566193039,50.8058758778
37.6833477038,33.2364255248,37.8853477636,43.1246171354,45.9060974301,49.4343969433,40.7938771335,52.3410159952,48.3223385392,49.7324866876
35.4543026962,31.3066910549,35.9505599784,41.5675773744,44.6417360782,48.4459129799,39.6691769475,51.168330054,47.1941223364,48.7863145266
32.2432658701,28.5836435385,33.2944388378,39.653704114,43.052035838,47.8258582595,38.4359769167,50.1309093537,45.5725271711,48.1343601099
30.6217547866,26.8197311588,31.4264300662,38.217325764,42.2854659985,47.1193257644,37.247326973,49.0554640378,44.6311765116,46.983249671
28.7764803612,25.040327092,29.4998164506,36.9881639939,41.2745620614,46.4864341502,36.2027701383,48.0505778248,43.7771510678,46.1692213074
28.059606943,24.0595499149,28.4233628847,36.0803656527,40.6445933714,45.4637061584,35.1777735094,46.8583491299,43.5965580916,45.1036357356
26.7261196018,23.295620178,27.5643493448,35.1963755249,39.9699803225,45.1611522592,34.3300302007,46.3035385324,43.0433893145,44.9066364913
42.2405685611,43.9572256001,45.9300942217,45.9219353837,51.74608641,54.8376760944,40.7602456214,53.2338372715,51.6675435751,50.6657300213
43.7512777365,47.396633761,47.1073716024,45.2644263307,51.0390478606,54.9952706859,43.6987789813,51.2886719851,53.3276906794,52.2593326689
37.2515813112,39.1697485551,39.7295689254,42.2434025092,45.3707455529,50.6254224724,41.4349666133,47.3578581255,49.9128755947,51.4220014765
30.0793554901,30.3875696047,32.758546831,39.2181414644,40.4957547367,47.3627198974,38.5351851624,44.6527979068,46.4310864283,50.322683403
24.3282833051,23.0632019472,27.4445077812,35.4379360106,37.1275750005,45.2167379842,35.1754338368,42.9127981708,43.5769546574,48.8568726133
23.0541783462,20.5996810548,25.4225613168,33.9820431417,36.9849026621,45.4418106209,33.4212618366,43.519548457,42.1305557913,47.5199212983
33.0948894939,29.8864655145,32.8072672537,38.4718485557,43.3903862608,48.1064734396,35.3085635553,46.9736969102,45.6962178243,46.7176618446
43.8792707595,38.7256469869,38.7816695495,44.0002961635,48.4720801223,48.8818687904,39.5286300626,49.7599192412,48.3450530822,45.6912254677
55.8097577538,49.9792921003,47.2259417943,52.7813912581,54.5969732252,50.8535309989,46.3751462044,53.7770335672,51.5869571868,46.447048179
63.5618163534,60.0148790374,56.6082527161,59.9798288117,58.817981028,54.2732330669,53.2110839131,57.0537417321,55.1307965627,50.2244500238
59.183929098,57.4899532725,55.7247202031,58.0841812451,55.531798249,53.4975501033,55.0291586056,55.3990048856,54.0439240394,52.0487629808
55.3373338529,54.2556578319,54.5949819984,56.6527574889,53.2316538958,52.5079850821,54.1838028375,53.6542891852,53.1668459599,52.8595190126
49.6509801431,47.9076078912,50.5324465679,52.5956234628,49.4934159654,50.5947020632,51.5154877627,51.4299297478,50.7298033097,52.430254921
44.9622460562,42.7708271,46.890546616,49.6531833389,46.8580102616,49.6026650984,48.8210784742,50.106674598,48.9234435689,51.948398513
45.3104684755,42.5735258053,46.9880361447,48.7892878175,47.398965628,49.9053575785,47.3169263556,50.2338468963,49.0710475017,51.3249796507
47.713378602,44.118525538,47.9460853626,48.9511065,48.5699214494,49.8204813701,46.7510097921,50.6291147749,49.6935956108,50.4489073834
50.3367684914,45.238985696,47.8669719526,50.3587989702,50.242945616,50.5730448667,47.7255244358,52.7428534348,48.8022476934,49.8454680024
55.0634621952,51.5179540418,52.7650405499,54.6029720907,53.8861320552,53.1113721878,50.5700523063,54.9480516084,51.5212298879,51.2069282473
54.8826627994,51.6751550648,52.7521596395,53.9954563831,53.4206894295,52.4238717509,51.4067759823,54.1067273681,51.6304566699,51.1090968387
54.9913932132,53.1879221176,54.8427826283,54.9561316131,53.5192485881,52.433565464,51.4139956717,53.5161123542,52.7091141991,52.1727447845
55.7069131033,53.7115100013,54.83374881,55.1031127342,53.3408048976,52.1556318573,52.1868349015,53.265961537,52.5039189257,52.0219639917
55.5283171645,51.2523315018,52.7619913271,54.5557087919,52.880772536,51.6819888042,51.9930769082,54.2626148745,50.1928957274,51.332681493
55.5629929442,48.9550036266,51.3060495262,53.6340398858,53.5928834046,51.3550236529,50.9605539858,55.7082326084,47.5444146698,50.0242280051
55.1091368135,50.6656442719,52.3663108493,54.614118156,52.7217069499,49.2620429952,51.0932232641,52.8634779062,49.7950659605,48.7479940797
54.1457767599,49.8280514497,52.1622714909,53.9484843406,51.2991001833,48.0716854162,50.7649074164,51.8646503499,49.1202090777,48.4477999504
49.9281726176,46.4195990787,50.0685979616,51.3322355896,48.5708198572,47.0071779547,49.1264071463,50.777805411,47.3422216634,48.5221537931
50.024009821,47.3314894823,50.9379188299,50.9209295433,48.9196591281,47.3724411144,48.5873092854,50.7791176666,47.5002403689,48.4276854159
50.0922611785,48.3250376127,51.3334942984,50.9619085924,49.2911386505,48.5882500079,49.0672136195,51.399981656,47.525666335,49.075380132
45.9504865059,44.7275672607,47.8001625783,48.7214283766,46.8738592442,47.9996270542,48.2807851797,50.0186055039,46.3398856934,48.9546451118
45.4982131304,43.2740461158,46.0233445712,48.6571731421,46.7646511678,48.0682504229,48.043889477,49.8841785046,46.2050582789,48.3222235906
43.2611520468,40.7633963356,44.0057131919,47.514652222,45.2546180622,47.4062998454,47.1163816017,48.775771889,46.1590917759,48.0273480864
42.065235901,38.7016595774,42.4859275015,46.4298776921,44.7990548059,47.3741911077,46.0721710118,48.6912615025,45.9236557544,47.8173045405
47.3890226067,45.4184407039,48.6202707761,49.7950532176,49.4512035906,51.3412233248,47.4026112051,51.6619907565,49.3395932541,50.1764579191
44.9371873801,44.5105096279,47.7145662321,47.4769339611,48.0825043448,51.0870671079,46.7063239741,50.0926934492,49.8596585425,51.0833987413
88.8582979287,87.968836133,89.447886,77.7002401338,76.8861204935,71.8021282973,60.8958632114,67.77456822,64.7534428702,61.1600418836
113.957114034,116.691573048,98.7499771604,90.5367413081,89.7066801294,83.7083803052,83.6583194634,75.5128690969,74.0893120682,65.7292450407
123.022429061,123.402062275,107.221775984,97.5741453325,90.9608999653,83.1764650474,88.3436127486,75.4065593133,81.5059000382,71.4075582174
115.914285066,118.85195819,107.419750136,95.5408925225,85.9025467501,82.3755458604,87.5281609822,72.6567039679,82.2629144533,76.125400128
103.527847593,109.785653393,102.371763654,90.5561307337,79.472703561,80.5262468755,83.8901220149,69.2569963429,80.6354433438,78.5437672656
85.0308019403,93.0226211466,89.5371904617,80.6690122493,69.4815374238,76.0541421291,77.6526009287,64.2301843197,76.1144986196,78.2462617187
71.6816037837,76.7058944969,76.4313854373,73.1459921289,62.8301159187,72.956403301,71.3439101139,61.9099486812,71.286821394,76.4723288104
60.3408900751,61.7778428736,65.1495457542,65.5191344225,57.1205924829,69.5233712287,64.299160409,59.4682384074,68.2128458189,74.139873302
54.605227631,51.6243168475,56.9892775627,60.8008420908,54.8939676821,67.9110916193,58.9658244915,59.3046639999,66.1711657445,71.5155952552
49.2542918437,42.8194751326,49.9697158691,56.1821570555,52.7760213516,65.9888524503,53.8279545203,59.0670048524,64.5808992778,69.0219570911
47.6749342831,38.9730219965,46.5780342899,54.1928552532,53.4855387178,65.7980551313,50.4409074158,60.537319989,63.8088818047,67.0560864051
67.599244207,60.4598985065,65.8371390589,65.7965871264,68.1406470583,74.0456745136,54.458931611,68.9285737009,71.607134849,69.7504107498
61.8869559933,57.9654174649,60.8105462319,60.0763220897,63.4588194865,71.4944180565,55.2699130007,65.5107938972,70.9203977525,69.0724369479
67.8042812184,64.1422856177,66.3651484113,65.2686131724,68.060831389,72.1458456011,55.7514889896,67.500149816,71.9451782768,69.5990738121
60.429851058,58.1336329892,60.0336708823,60.2996498607,62.269794485,67.9650061204,54.4244604645,63.6978915856,68.9400340367,68.0074672358
53.0982830215,49.1810987922,52.3947321342,56.8023049393,57.3748999567,63.786457903,51.040452227,61.454383358,64.246312241,65.6167831018
45.9276189822,41.281272511,45.8116795459,53.1860253807,53.4779614973,61.9958405477,48.4301668511,60.5766765392,60.2393320421,64.084365404
41.2972269618,35.8737737872,41.4126743416,49.69587563,51.418289255,60.5467788455,45.8306315743,59.3375216629,58.2346295867,61.9295868781
37.3436024012,31.0195866482,37.1356956925,46.4979365414,49.9059771119,59.8443921574,43.3641316639,58.8168364613,55.8765967325,60.121479532
34.6012443649,27.8956940417,34.0366782647,44.1496974328,48.8962962606,58.7362989983,41.1955975854,57.5629755035,54.9300411701,58.1181532225
34.7398246554,26.8947162999,32.6196320186,43.2012014411,49.1500453433,57.5931638583,39.7586467511,56.8883209106,54.5526324395,55.9587285483
55.7196931878,49.8329175963,51.9647717337,56.4942716354,63.6163251255,66.4396659133,46.982758764,65.4209563895,62.5725522086,59.5859508001
80.6584496908,76.9942415517,73.6578273682,70.9313351938,77.4507597477,74.6175097771,59.152283528,71.9664657223,71.7619714621,64.2568581017
131.915188648,124.136742388,105.584567244,104.180587776,106.717324256,90.8762530869,83.9489235934,87.5105886174,83.5373454024,69.6563262981
179.137043482,169.449992099,132.537606849,130.812587448,132.068303934,107.2683149,110.537000853,100.225456426,96.803631942,76.9914305304
183.032322997,172.64012694,145.058287348,128.09485526,124.251338026,107.36095776,113.422773787,98.2343473775,104.70853063,87.0948676986
163.617878918,163.031896055,142.086076808,119.487218065,112.135257725,104.288397185,108.395011011,91.0121371933,104.636232686,91.4878458877
146.230904255,154.187475178,137.456341142,113.58971695,104.634636238,100.134121412,102.07216813,84.8439424,101.213045792,92.0551650331
121.08719156,136.130907891,121.17588729,101.683726989,90.4020068086,93.0666575003,95.8006465971,77.0307123034,94.2033880698,90.1145557749
97.2040889577,110.787434313,101.672876424,90.029096691,77.4472330346,85.746469481,86.2909167569,71.541175589,84.8604117364,87.2168085775
85.0046298257,94.1256340732,88.9057337908,82.3652467294,71.3573471912,80.2853512757,78.5200019796,68.1534632812,79.4285803468,82.5014206133
76.2070099428,79.2824785256,78.0890629942,75.3362430814,66.1236187458,75.1344729486,71.4263912486,65.7095810482,74.924579469,77.9662209921
71.366286715,69.6270993953,71.2143058978,71.6809876168,63.8330956245,72.7370166021,66.3814031185,65.7137024309,72.0243653335,74.9824364247
72.7644375441,69.2601945447,71.6381567334,71.9784192355,66.1068428332,74.2400427618,64.8318118397,68.0867462005,72.592807934,74.2834155394
68.1731194058,63.4724792912,65.5729240853,67.9317212645,64.0102250694,73.2128354918,63.6758589539,67.6529127424,71.2994188434,72.3732227096
63.6516109176,56.6350767176,60.0312663467,65.0752946184,62.5425394233,71.6444249971,60.7514431082,67.5724205911,69.4575115835,70.5796665279
59.9943869053,51.6752447187,56.3332790635,62.0909605734,61.4504989621,69.2791521436,57.4011492905,66.2929715588,68.5118061655,68.3189735842
61.6590876072,52.5623364991,57.0494200072,62.5269036568,63.3886723761,68.9244507358,56.1409957048,67.0032907983,68.6310736491,67.009101469
56.9519713745,48.1579036266,52.6496507187,59.8417539401,61.358509646,69.1999515071,55.2943631923,67.6200351192,65.6671662544,66.9558306074
49.3014781447,42.0796321747,47.2483362815,55.9216487955,57.8342109198,67.5450096568,52.7309811757,64.9123431903,64.4546218898,66.1661110591
43.9199532605,36.1093711435,42.1550121992,52.0272841753,55.712112568,65.964198618,49.4599157143,62.8275236285,62.4494949041,64.5506507102
38.0041307486,29.5069750521,36.5641438721,47.5291849504,52.8825057058,63.8151601778,45.1818140753,60.5456711996,59.6410020286,62.7163904171
35.8439382688,26.196176961,33.1987487396,45.1428530053,52.0319591917,61.9640074119,42.0134817784,59.1560323898,58.1107029041,60.2278360589
36.28227847,25.7530571333,31.7785615651,44.9375986697,52.1863088714,60.9927359188,40.8896739431,59.0708369766,57.3615911602,58.2368576206
38.5155001926,27.3410851714,32.5087967096,45.5981634322,53.4356287133,60.3967774902,40.6629615368,59.668273577,57.3268348053,56.7824704423
40.0461107499,30.1540147793,34.3864728778,46.8356274864,54.3706478921,60.6670508765,41.5022544812,60.2899291233,57.8160013049,56.826241
40.2318061894,30.4353183405,34.2105863947,46.4823234088,54.6344603249,60.4573400046,41.8804307279,60.6102500386,56.4152721427,56.1765071635
43.9012758128,34.1460917791,37.572113402,47.6799722418,56.2869071094,58.6121406765,41.7726762648,59.5809742671,57.6757684995,54.7808022241
45.4642117786,36.5249321403,39.6723865012,48.3363417009,56.2723284483,57.5101190497,42.2106005995,59.3440925326,56.6825211964,54.5755239015
39.6384543954,32.6265330236,36.0133728393,45.9629204462,52.6101226985,56.7183989535,41.9427783778,58.3186677023,52.5516100678,54.695580652
46.0125528034,43.947651825,46.4378280039,51.2933405555,58.0229999522,61.0885528036,45.0763530298,59.7733345659,57.6007838718,57.7315308706
52.7163064608,51.0104140647,51.3672995625,53.2790854307,61.1617920632,63.0701256818,48.672259707,60.526250737,59.1595945731,58.596055964
50.8179507264,48.3103993951,48.6614368029,52.0325440174,57.6246747519,59.9203267426,48.2593196755,57.748770186,57.7596151026,57.8744709548
46.9184439321,42.0947734379,43.850498932,49.8369193637,54.098290106,56.7999418783,46.116214548,56.1507757715,53.5271261843,56.0394723575
45.4966879284,38.1626972751,41.028305526,48.0303574104,52.7969123173,54.2138771975,43.9133555572,55.5540086614,49.651019541,52.9951539549
48.001708995,38.4366662384,41.1420038498,48.0512120222,53.833894738,51.9380820092,43.0677413564,55.62936411,47.3204269174,49.3810541385
63.8689362385,51.5480476973,48.956977216,58.3996516068,63.9460148102,55.151467905,51.3297487426,62.2342963663,49.1050716233,47.4660710165
128.265309117,109.45954469,83.2724051132,102.295698856,107.608625019,74.3831877826,84.475242124,87.4222320333,64.5045646398,50.4042396783
172.236827859,156.766338,115.991318796,128.811771051,127.080103506,86.8628610273,112.002953222,96.0294975844,84.4681829898,61.8424729659
168.595813667,148.888985467,125.746944947,120.234040284,115.193577132,87.8797009324,111.517588358,94.9906501358,85.5015096815,74.2304170158
142.171499129,134.970811285,122.511552372,107.824980338,102.099691744,83.1000635693,102.464171611,85.1620803606,82.5917863769,77.2573979132
119.95482214,120.868097854,112.816013847,98.4611170893,92.0915588824,78.2821971201,95.2040788022,77.1200662593,75.0797215443,75.5705898223
106.839456699,115.124440829,107.149366432,93.8997049094,82.6433608421,71.2836211207,89.1257530068,67.1636710948,74.4194981027,72.1493904186
95.6088279368,99.3398827417,96.6889628562,84.3546182943,74.3638408695,66.7379909126,81.1605369699,64.7750891115,64.2025842585,68.5709755128
92.7807751967,95.2527608345,93.3015405198,82.7994546632,72.8646005118,65.7783784079,77.1503845153,64.684011745,61.7603154845,66.1059397759
94.2757745717,95.1668305385,90.0358764291,82.0366406864,73.2826851061,65.0181740375,77.9160492829,65.1870908234,60.9130234137,62.7963224055
95.9398832309,96.1050211218,89.754335175,84.1128369486,72.8805212844,63.8203752669,78.477475773,64.5245822765,62.8225936079,61.6850101771
101.801604872,99.9214159033,93.9025712909,86.5565544198,76.5446159261,65.117812297,79.2242588228,67.0788263854,63.643847263,61.7927598121
98.3311315716,97.59764192,92.080767028,84.2676733761,74.1212221514,63.9257479245,78.9533943319,66.2753054035,62.7301346278,61.6629685818
91.5897168788,88.8468470627,86.2394603761,79.7245890514,71.6003336055,63.3804907885,76.4544866019,67.0186530878,57.6290399529,61.1222269502
82.6187284763,78.561715116,78.5377397255,73.8361897407,69.090261696,63.1716755525,73.3701738677,66.2289613914,52.7301331844,59.8844746736
74.0552096957,71.3770555949,72.4296283725,68.8122125869,65.5663862118,60.6768884362,69.5337341828,61.1505682589,51.7433587827,57.6792123622
66.9371564174,61.3308790413,64.8206576832,62.5367632613,62.5075287264,58.4432764692,64.3210154651,57.7845624276,46.8596589213,54.9918121863
61.705865286,55.4207914521,59.4367407201,58.4273467162,59.2211246818,54.4044969251,59.1270798746,53.0381227657,45.2105051406,51.47071851
59.7779548556,52.4687137403,56.0542595157,56.6915250678,56.8806821191,50.9844407008,55.8344718799,50.215817272,44.2861355655,48.5660950007
62.29795835,55.1663668315,57.1728276554,58.4295657079,56.6676718091,48.8586288596,55.3975364695,49.3271323764,46.2388222443,46.967161309
58.3994351439,52.0580836559,55.3450268962,55.9112114114,53.074987866,47.0156490178,53.4280025931,48.087596379,44.705297317,47.0419718885
63.6784983406,58.9813408368,61.0528376326,58.7745632746,56.0498800099,47.7845314229,54.1569786671,49.3806002525,47.5534832142,47.2214935968
63.1234696692,60.4230862897,60.926908287,59.5906100196,54.6202927757,48.2522228566,56.5355072055,49.8273491708,47.8644695578,48.3243714984
60.8570210649,59.6858857987,60.7292683948,59.4255294645,53.2684090045,49.2315705552,57.0754597559,50.1636265751,48.2016750523,50.0686044059
53.2126685992,51.8327576665,54.9472807457,54.1813624297,49.1706538813,48.6146932637,54.5064488373,48.9963725464,45.1356385817,50.2974961225
47.8525390199,43.4629720985,48.9066366181,48.4952639218,47.1461833248,47.5315868298,49.2603313986,48.379420005,40.5155330538,48.1654253694
44.3135569359,39.340261459,44.874141064,45.3327198492,45.5560930643,45.2078559402,45.0130414314,45.851516985,39.1526606745,45.0987643351
45.1832560047,39.9769716967,44.2528726278,45.1134881678,45.2703787918,42.5895271074,43.179875345,43.910204578,40.2725739048,42.289999841
44.6407560604,37.9744088746,42.3825209131,43.2015407203,44.2857405419,40.7608471933,40.9984919341,43.8466499947,37.7457899472,40.5662433856
41.4295641734,35.0365975092,39.5382416179,40.568701935,42.5615652766,39.0289796661,38.5882611168,42.7680036337,34.5753881522,38.7510627812
39.0323020947,33.4070365381,37.4075503074,38.4886643426,41.1007572761,37.0632662534,36.5876335473,40.6937823074,32.4713108778,36.4247974934
41.726673453,38.1192021393,40.3183779724,39.9449139867,41.5911963865,35.2366691406,37.1166650742,38.8251862171,34.8519408653,34.7525652742
45.9683372757,44.6454046424,45.4803188297,42.950983677,43.8600140259,36.7476001908,40.0814715057,40.2550762767,36.5379793898,36.2061570908
39.9274936327,38.7720739343,40.4657310893,38.9891097389,39.2716431442,35.0139468376,39.0650453531,38.3199184299,32.0722673518,35.8545465041
33.7981886129,34.1252008825,36.4773639085,36.4689394804,35.371088343,33.0451539702,37.0699802214,34.9178090605,30.3792184706,34.7948457615
26.3054913002,27.6343653543,30.8549197026,32.7933826802,31.2081167545,32.2682124416,34.9472439452,32.1367977076,27.6962653897,34.2632427436
23.4158881128,23.3143990642,27.1283581084,29.6464127282,29.1421005453,31.455117919,31.9603772269,30.4333015076,26.2684708505,32.5465895061
23.2723183151,21.2001068293,25.0779286982,27.7290007924,28.1977630343,30.0672009679,29.0571303672,29.4136776943,26.0296662062,30.4960081887
26.1453354176,24.2821535768,27.1133463941,28.4262704153,30.0640087381,30.3874955666,28.3960378381,30.1191052435,27.8693343205,30.0238162867
33.002941627,33.689479604,34.0192116138,33.2565016783,34.714323852,32.5891253696,32.0661557921,32.3761518383,32.8332805259,31.5049264195
35.0161167696,35.8138358279,35.5127285112,34.4497324248,35.5476035147,32.9570695456,34.1116174763,33.4531740453,32.9789010781,32.6936441544
36.5863688028,38.4310864358,38.2132792139,36.0680239057,37.0454811842,34.2019815672,35.5070027412,34.3795393832,33.5241553457,34.4025782066
28.2575614708,28.4824991431,30.1190203591,31.0312509158,31.6976480205,32.5281703857,32.5569180933,31.4553509097,26.7643275119,33.4231704288
24.474575822,24.1089887657,26.4530721848,28.386438376,28.3773930226,29.2057472175,28.7496312819,27.5738272568,25.8244001558,30.4400815811
23.4980114243,19.9826426003,23.0476481238,25.4636309197,26.2982062979,27.3531877685,24.8106315463,26.3880363948,22.5633737931,27.695536138
21.7991994287,17.2021398816,20.2400399943,22.7839436029,24.1254856403,25.098540061,20.8656060163,24.0394935002,20.2399397967,24.6724423522
21.5956431505,16.9678407044,19.2731727196,21.0484969629,22.7112522781,22.1928257129,18.2728387796,21.9505623499,19.9034605551,21.6582788295
31.9497969468,32.9062416873,31.4446513703,28.3942599026,30.6977518694,25.5387447658,25.0112302677,25.6540301475,28.0383932994,23.6541789891
32.8576228496,35.9115024789,33.3772825842,30.6857337987,32.091325848,27.6380722664,30.0794058359,27.361961699,27.4415437653,26.569291665
28.7343795634,33.2032548486,31.242034782,29.8651829978,29.2337762845,26.5833115233,30.8442085147,25.1221838048,26.2250869821,27.4789691908
27.1628199891,32.9027595655,31.5494093427,30.220747196,28.2509014401,26.9523411078,31.5921310873,24.3463602315,27.0315269894,28.8339251647
29.3548535961,35.8393349199,34.678117098,32.118633303,30.2315683216,30.04550049,33.5235185321,26.0702679436,28.9783814415,31.4488223117
24.374077437,28.4496100332,28.4407966301,29.2127996246,26.6337285893,29.3700931327,32.1887128612,24.7345964118,25.5741465863,31.2441437884
24.1038756199,25.5020966024,26.1781099164,29.0107096202,26.2061924678,28.9049036747,30.5928540139,24.8313991858,25.3760995162,30.0304901548
18.7557080069,19.0399958677,21.4042442402,25.5156435298,22.9467243013,27.3592918397,27.0989783969,22.7992041029,23.1594236497,28.820065083
17.4946646907,17.1423022125,19.6595822892,24.3473704247,22.4125281101,26.4586588946,25.2418561879,22.4634721399,23.5967630851,27.3169383258
14.895381494,13.2359864433,16.1020121958,21.969442484,20.9864931159,25.9362189663,22.7173531235,22.0713984845,21.1933166492,25.8792615894
11.7824675703,9.66511215001,12.590617454,19.2122761133,18.9918489334,24.9204766966,19.0440319145,20.0153214836,18.8601005628,23.7515875873
19.9227580468,17.8625267888,18.4964129126,22.4329285931,23.9633418937,25.2308286182,20.4837559869,22.5535651177,24.5250773937,22.9280997459
20.4066439817,17.8802399829,17.9958798987,22.4323449841,23.8824111727,23.9183401927,21.2602298712,23.2188078453,23.5291408042,22.5436441914
26.3506049661,28.901352631,27.3278538705,28.2358354902,31.5491800592,30.6148007745,26.6662150172,27.2263370622,27.4035629064,27.3339113665
27.1693073819,30.605603209,27.6031721153,28.9174457185,29.8835745223,27.9058069236,28.9751699386,25.3822481249,29.7602831978,27.1821197686
24.4505564947,25.2516323937,24.2305121176,27.5820696189,26.6738623366,25.495207035,28.2083280325,24.7319863366,26.5281571316,27.0032058112
16.8458532231,16.5561044581,18.2143756279,23.0749441536,22.0112560812,24.6468420212,24.3766374672,22.4256500039,20.447334047,26.3751096952
11.2260298752,10.5658009754,13.4150883858,18.4970504454,17.5002275647,22.9365648494,18.8006078524,17.9993163527,17.1600313553,23.6077154655
15.4364281452,14.0280196686,15.350543876,19.0012172367,19.5327961501,23.0561697011,17.4783888129,18.7980767322,19.6126059272,21.8330044662
20.1919733366,17.5532385697,17.5660790875,19.9532465531,21.4150433067,21.5821638804,17.766733413,20.0667990953,21.6975898362,20.3973233112
27.3668783508,28.3918926594,26.0603020975,25.7931184438,27.321235952,23.9666447934,23.5221582454,23.6357241386,26.8879338998,22.5407444881
20.4016972946,20.4399614862,19.8975005549,22.0308489287,22.4387736348,22.4041224958,22.2626412176,21.2970745237,20.0708386207,22.4628675005
15.1716949759,14.9011443373,15.5216059465,18.8886295007,18.0364929226,20.2092029264,18.4466104449,17.0198003415,16.7610865064,20.3687067172
12.1126457614,10.953896158,12.1764715015,15.5905649677,14.1078347727,17.9561441611,14.1958450428,13.6366218268,14.747413365,17.8619870769
11.5872740438,9.14132407014,10.2488626615,13.1567046256,11.9243013452,15.7993250176,10.8352313502,12.0795802684,13.9159566787,15.3166359578
12.6166333774,9.0697704661,9.59669425994,11.6539142986,11.3609435925,13.9090009619,8.77638897852,11.7825197672,13.5778794347,13.10093076
14.6430815789,10.8751419326,10.2967900323,11.6898417885,12.392336275,12.6766262217,8.81017095694,12.4348744249,13.697614133,11.5127622891
14.5279637906,13.1753816714,11.638612658,11.7637261377,13.0852036323,11.9638130938,9.97346625663,12.1818201967,14.1080769317,11.1020353915
9.91013789292,12.0635013968,10.1884831638,11.2289907106,11.5074515333,10.5050321604,11.7367872737,10.6251778838,13.1517527283,10.8056142809
6.99823015647,9.9448774396,8.33649733399,10.1576330258,9.75872248631,9.76448502926,12.3047835233,9.72667488027,11.4813357593,10.4908004795
6.3883294856,8.48807437328,7.27072860926,9.12642450476,8.65262596289,9.22873355038,11.8584675447,9.42756851007,10.5747865339,9.88225808863
7.58650748422,7.58060595833,6.6887115753,7.94008787401,7.72059272207,8.94813305397,9.83021010551,9.12292383912,9.74891950977,9.05755806109
10.8044413772,12.4806083244,10.3765705669,9.58227183777,10.5694273198,10.1620391619,11.4006171418,10.4311317674,12.6929317273,9.67028512593
8.99087117471,11.4860243259,9.23313816614,9.85864366007,9.90720947093,9.67056284825,12.2305426998,9.77112319708,11.7910521668,9.70822509653
13.0841201837,18.2941516403,14.7969550536,13.0685667648,13.6740465053,12.0823007962,15.879490704,11.9107013951,15.766042765,11.8056285179
11.6858310477,19.3364201723,15.6606373926,14.6781374884,14.2283184375,13.8997541392,18.6385922706,12.0181270427,16.3551013087,14.4039667812
8.27401271911,13.9263727363,11.6523416829,13.0028065245,11.0534377376,12.5789109752,17.3745980908,10.3105068996,13.8748580518,14.2841760732
5.39895263037,9.08178732427,8.25669773596,11.2335480292,8.37415241581,11.9517363355,14.8669658846,8.91998162916,11.8209835903,13.6620995223
5.81072835638,7.5501197303,7.37623419957,10.3485615634,8.10929385009,11.4561987824,13.2647880937,9.40130291406,12.0851484234,12.6539082009
6.01086892096,6.75922802922,6.95695745906,9.52017437236,8.43027852797,10.8280834336,12.3121766569,10.1086945169,12.2853051841,11.8066866264
4.02037640174,5.1267157106,5.26873336813,8.54413221482,7.71027457042,10.7697523299,11.1494414594,9.65915032164,11.0387804154,11.2035290607
4.65739219042,4.59587478332,4.394253934,7.81207980695,7.27541738546,10.7541936233,9.27955953749,9.26967859232,10.4091758961,10.1531325117
16.1452616308,18.6490215634,15.1319756475,13.8833407459,16.1479019663,15.6448641641,14.3620593798,14.3891707829,18.0458387428,12.8717222029
15.5025984159,16.1941544628,13.290341669,13.0528243198,14.2601333767,12.8839683146,13.9112730056,13.1651766098,16.1546435365,12.3652885304
10.6040426062,10.9862697655,9.49888369524,10.9650331374,10.1713061929,11.3321217663,11.1878245408,9.8149490646,11.9728640715,11.6797837989
10.5472402861,11.5659398953,10.1231077285,10.0634438752,9.81588252249,10.1643753819,10.5688586812,9.31831966119,12.883568251,10.8483363704
8.39218638165,8.78728932784,7.29881492547,9.81831463268,7.70399242004,10.3926019874,9.749397445,7.87477369487,9.99901948904,10.1218517927
6.60323899564,7.34149489873,5.95915928258,8.79190261269,6.26362352955,9.54295620778,8.61881456615,6.60931790475,9.88155258852,9.07729825671
7.58634906032,6.90803470881,5.68422565046,7.6088779542,5.99957994128,8.58254054318,7.38786708319,6.90069067284,9.9669375573,8.00158975034
10.4685723141,10.2951075491,8.00751059383,8.57212885367,8.29076244499,9.49150272109,8.26432398367,8.22750225421,11.5102806244,8.23756822735
10.4619860323,9.99213928043,7.83342240135,7.93965288039,8.01246673327,7.91279854911,8.03359452146,7.97543856128,11.1851324427,7.47220784624
7.94793312765,8.17699396524,6.52072561275,6.21944016375,6.2771511309,6.42961626598,6.99035468233,6.54234455407,9.64614820141,6.77435362157
9.22258704265,8.32899778838,6.60410181301,5.44913254614,6.04365138324,5.61999450221,6.23668864072,6.66961074817,9.00052038629,5.84940919455
17.9879748498,20.9850714762,16.3215175549,11.1575126193,13.7770201426,10.2190038338,12.1947020006,10.7838251266,15.097286564,8.73613502813
12.2870465199,15.8716402281,12.3957118395,9.16921570678,9.47511778733,7.23182146191,11.5178383205,7.66445991246,12.0051521034,8.51487578836
8.0779388332,10.8165937511,8.54858065096,7.72937210945,5.57029426121,6.31355995682,9.72657748842,5.0103525362,8.61198073222,7.93549796333
5.18003772705,7.0584447512,5.78173818453,5.21069898766,2.11028134493,5.39250396356,6.60149212742,2.73395733869,7.1017553446,6.82602617621
20.3802584329,29.6288335581,24.1285666683,16.1558889859,16.3546542537,15.9314549429,17.3880821438,11.2775210742,19.8618678711,13.17605171
38.1362049228,51.4900838906,43.9310819216,30.2719975857,30.5955698754,26.1700507541,30.3364064946,19.1792379589,30.5648625657,22.0142620497
38.819925512,53.6315389573,45.6867376156,33.3665004907,30.6852582651,26.9217352034,35.7056774333,19.3086545323,32.1161991557,27.087116634
25.3899562353,34.2047334807,31.5616768897,25.2297489772,18.8086998716,20.8945705578,28.9747907564,13.4110355212,22.3178336222,26.2250423192
15.7980269712,20.2291475349,21.8701324131,18.6602765264,10.5763967466,16.6294204249,20.3294385776,8.97749590143,16.6360989443,23.1402037585
9.43608475105,13.3069052322,16.2488200937,14.0638952594,6.00466000494,16.9775837447,13.8509781167,5.26872290383,13.4713727494,21.052160594
25.7739899197,35.8172652384,33.7442228534,25.483384205,20.8941579864,25.8758818962,23.2417113699,15.7925246899,27.8526526134,24.6010018097
18.3742166429,24.7389015751,23.6150013675,20.5073894287,16.0976488495,23.3195551008,21.892586511,13.5592105072,21.5072353307,24.2349071027
20.5171394398,26.3177658097,24.8390314241,21.9273994297,18.3647969276,22.5501917941,21.5309843626,14.9194388106,24.3010376931,23.8711373755
20.1763279303,24.1344705941,22.9520125537,21.5509364555,18.4307627005,21.2826048006,21.5981318772,15.9995912091,23.5764427929,23.4828427081
16.732615919,18.6727183248,18.8302927693,19.3094642494,16.5019771534,20.5487214037,19.3343549726,15.3760029268,19.6653180166,22.7046811829
18.6907770959,19.2337279518,19.1813695399,19.0391114879,17.6137293886,20.5660447595,17.6912156961,15.9644259882,19.7281140782,21.4675480019
16.7335301911,16.2034249013,16.3971386139,17.1547174689,15.6556913699,18.3505342902,15.4079382258,14.5875649742,17.9988753863,19.385125579
10.0618237273,9.58517091552,10.8218558053,12.8616324807,9.95835110363,16.0580406083,10.3806715814,9.67177819397,13.3034941659,16.8875872608
5.40303305468,5.63452183017,6.71878703796,9.46567129518,5.61878193434,13.7687078888,6.24479209304,5.93908758886,11.4760855803,13.8722394724
4.00980232229,3.78805963851,4.12850802899,7.26563896467,3.69135934557,12.0726215322,3.75520184434,4.87569831066,10.7566248551,11.2622305875
4.22386010697,5.0522322936,3.78995450159,6.64954765763,4.07395267581,12.0649459666,3.14609308294,4.64835363923,11.2642292871,10.1798199248
2.820605215,3.47802898204,1.63669422388,5.56786116914,2.71880549117,10.3241911941,2.02968241161,3.54405886601,10.3537013226,8.43649582272
1.27590458919,2.29638969504,0.0553036893311,4.58241132719,1.88196670307,8.86804266015,1.62586154325,2.93167922017,9.68342873514,7.04520471598
8.77121105531,12.3019405607,6.91654042574,9.12753997893,9.02761844869,13.2400795042,6.88705550885,7.25851815572,14.5102429495,9.52694317293
13.2576727486,16.5665339527,10.4009304594,12.049808162,12.2469568463,12.8365317863,10.5483226587,9.59003781515,17.1791720234,10.5636296135
15.7836421791,21.2585216431,15.0501136677,15.5586086781,15.6095091366,14.7429240775,15.211137155,11.5077619856,18.9989418211,13.5036126342
21.2272211876,30.5454011776,23.9684969042,21.6212890342,21.5497942296,20.0901876151,22.04279926,14.7829209721,23.45448401,18.8927404786
22.0861928836,30.4374759308,24.5607717846,22.2580767711,20.4890052917,18.8806688181,24.0274208401,14.9585445095,24.2196005123,20.4611555363
19.0780596279,22.7038846013,19.8841782726,20.3263534137,16.8586517809,16.6264235967,22.3107934983,14.5252614609,19.7357570209,20.1099184249
15.2117106444,17.6936615106,17.2746235347,17.9302867678,14.4118461639,17.076130891,19.1509019597,13.1236882794,16.6630259671,20.1615168379
15.0137612801,14.964756475,15.6497591567,15.357966395,12.7024409866,14.6745267877,15.7361633335,12.5762110789,16.5138278901,17.6030766116
11.9462496459,10.9807381409,12.4982733258,12.4618378253,10.4753508326,13.2229378807,12.5256354102,11.5304266122,13.9666052647,15.7984952145
8.48326278657,7.15520499929,8.7469301242,9.3969160943,7.08723405229,12.3132767105,8.14194413079,8.6432370217,10.921464847,13.4992589807
5.014792049,3.94399724061,5.06130245942,6.22396454871,2.65722253805,10.9364258741,2.92821518658,4.19163064991,8.8590137819,10.7243293904
22.0196363524,25.3872051906,20.3857451901,17.0851689581,19.0256143833,20.719607828,13.5160363042,13.5320900555,19.5280680592,15.2263035736
24.5850882189,30.7864842038,23.8765891679,20.6281921095,21.2507878646,19.7300534734,18.5965971782,14.0141225989,23.5021514571,17.3250517686
18.6952081719,22.1809725355,17.8287429612,18.246793105,15.4788095146,15.5155148817,17.4510907202,11.271797797,18.385514987,16.6755340386
11.6221924319,13.7892262502,12.344700063,14.5157260006,9.65895560709,13.0406144178,13.8459774805,7.79816041669,13.7060576503,15.3921360931
23.7667656845,31.551802225,27.603430895,23.2005282844,21.2356770919,21.8264320887,21.8737415716,15.203598371,23.7394624445,20.4922019358
28.6394862821,37.2228882955,31.7352501081,26.5988603416,24.1840656032,22.7281799509,27.0505468052,17.8217656767,27.6393036276,22.9973530765
23.7452857652,27.4610614592,24.9313546705,23.7948911501,19.7722705747,20.1138350365,25.3748115326,16.8497273116,21.7828607859,22.7876382252
19.1014087364,21.9602042791,21.8047790688,21.3426446061,17.2444516904,19.5617818582,22.1932935504,15.1215273072,19.2098111573,22.5225796195
17.9524947401,20.6620538289,20.7669451687,20.4028278327,16.8565015695,19.4314987693,20.9331359663,15.0315013498,19.4818814802,21.7147681216
18.5219372485,22.5153172753,22.0423683123,21.3248237343,18.5059168998,20.5651050594,22.0471709569,16.3658143459,21.4302540275,22.2591740654
17.5874108982,21.3154336829,21.0564224804,20.4644211748,18.2874058584,20.4303388738,21.8525441144,16.7256651728,21.3237639007,22.3936515671
15.4270572382,16.9918901827,17.7795972406,17.8963283129,16.1787987884,18.5801871842,19.2959291821,15.9639823434,19.2636141308,21.06005056
11.7030420958,12.2510865227,13.7885160015,15.3254944993,13.7203956171,17.1538714833,16.3973362169,14.6162395936,16.4917856105,19.4113791437
10.0670166538,9.87743937518,11.2936396255,13.8218257411,12.6029572072,16.4057187063,14.269157831,13.8906467131,15.0312225745,17.5151742819
17.3951568303,18.7437057252,17.7701121438,17.324835159,18.4415288565,19.2925429919,16.8955478578,17.2607497037,19.8217913284,18.3317616747
15.5845203747,16.8961934069,15.9126679386,16.2328891591,16.876574029,17.0360765566,16.7772528723,16.1308085881,18.8733480364,17.5986699022
28.9519610728,36.3808921146,32.5854965433,27.1212543793,28.6006189416,25.7841134623,26.2214727566,23.0057341744,28.3353593626,23.5954546416
36.8440226205,47.0079685985,41.6188527186,33.1962633663,33.7918875154,29.7957520899,33.5021923771,25.9477396916,33.3073767001,28.6393118895
35.5152077655,38.8399033665,34.6327097179,32.2676735894,30.4228455073,27.6387561652,34.1025586317,26.1477778055,27.0739894686,28.2948819502
31.5224326092,31.2035436377,30.3285433558,30.2896009378,26.7330142181,24.6070398605,30.3754135228,24.1206174674,23.6545295884,26.7852767371
24.0789833115,22.8331502574,25.0740171243,25.0392382212,21.419119409,21.9797092964,24.799618554,20.2983235574,19.6305877217,24.8253006164
19.4668755582,17.8691426905,21.0427988167,20.8278458803,17.7733520254,19.8778307283,20.0704285841,17.3639486567,17.4425895445,22.0504542818
24.5284234799,24.9692515435,25.7906435358,23.3845661956,21.9138519974,20.8881855689,22.1324390121,19.6318880465,22.1271076283,21.4634696836
24.2300607809,24.4369770048,25.1252799661,21.8465416147,21.7752145135,21.0432376205,21.5642125513,19.8852713352,20.5192729622,21.6944681947
46.4742184566,53.2196930021,50.0546010547,38.3992260463,39.5885941079,32.6360833365,34.1500126416,29.2954179687,34.3135950816,28.6469859296
48.8096151052,59.2117757437,53.2992554415,41.6713651912,40.261891334,33.7840328039,41.5548888548,29.740001621,36.9828492353,32.9010078183
48.2173348693,52.3558126559,47.0871261501,42.2289517581,37.4232326253,31.4222008746,43.0972662146,30.6049622314,31.9298067255,32.6546691519
44.5171120232,46.8860798313,45.2976728831,41.0014852296,34.1064662284,28.5262040022,40.3423181412,29.1222990115,30.7575728448,32.3569298095
33.0416402163,33.5544651317,36.5569132062,33.7329146088,27.446917451,26.9089372507,35.0292853747,26.4149053456,23.6927481727,31.6405000544
26.7570217966,27.5177409432,31.4911779382,29.5087322521,24.0411582851,25.1756330634,30.681225508,23.4779289778,22.3234471739,28.8993052478
23.1870051071,21.9445673631,26.8737967524,24.5980013983,21.0615163529,23.3964675349,25.3955216767,21.4899210775,20.0639149409,26.0827681471
19.63432472,17.5598036785,22.460266614,20.3338338347,18.289130017,21.3062332041,20.2795362032,19.0529194118,18.1340802288,23.1156721206
16.2825142884,14.3393464012,18.6048810019,16.5668516058,15.6796185977,18.8562939167,15.8666560872,16.4198923905,16.6637545298,20.1641399509
14.4527433477,12.5635634971,15.5731313401,14.1843954816,14.0978557013,16.8960384001,13.0810402317,14.8030532908,15.3637134364,17.5048337912
13.3069782709,11.5720982981,13.4868136622,12.0735148081,12.7816925259,14.6581377595,10.9408825524,13.391232558,14.5157675038,15.0721011626
14.1077739633,12.7299746286,13.2752831895,11.6282089393,13.1820666992,12.9240870202,11.0084950477,13.4471469504,14.6535606087,13.2437745233
14.5165584305,13.9482460912,13.6298874437,11.4575170873,13.5442305074,11.2583460749,11.996409333,13.6587530615,14.5485483047,12.0441999147
12.1525621396,12.2825619159,11.7588343262,10.3979368925,11.9693691096,10.3719551005,11.7141417231,12.7266016001,12.0731196704,11.3009348282
8.85173507765,10.2277944757,9.5911759421,8.9176945598,9.65079970666,9.45451228537,10.6736560853,10.4005018743,10.3843101862,10.3210698009
8.43991618923,9.54980134496,8.59954925128,8.14622238055,8.61986307974,8.7401627322,10.0021921481,9.46493404162,9.83205180846,9.22120302536
8.7036213175,9.31054781462,8.17421674446,7.53000937408,8.12478236606,7.99511750123,9.42496491979,9.05951246273,9.58285422646,8.30023719866
9.4860935282,9.31767098288,8.10099536343,6.82805192452,7.80298641898,7.16751478442,8.58791522455,8.7932512108,9.3038615217,7.41202493247
10.3529551245,10.2690078234,8.78001411625,6.66928849211,8.21803824423,6.30034905451,8.76036931759,8.90836752554,9.48696086411,6.67174145857
34.2968112648,43.2815824213,37.0367875836,24.84023484,27.9039914414,20.6367889246,24.8927238989,19.9682275765,25.9479127142,15.6910476766
34.18550935,44.8319598428,37.3632624156,26.8612334064,26.8252174871,20.145180215,30.282275479,19.0916250699,26.2748109867,19.409187833
36.6602915422,45.5656498019,39.3479353241,30.5518041653,27.3693862739,20.481276627,32.8521386351,20.0020201204,26.2437350085,22.3286348083
28.0269848622,34.3719220318,31.8216892288,26.5907912475,20.6450198073,17.2604011138,30.2987091068,17.2480069589,21.0481865323,22.4747555082
25.2331713519,28.3063689581,27.9473047412,25.5905351051,18.9017218029,17.3497818853,28.7240132595,17.6992368934,18.364329205,22.0091669448
35.0342423135,38.3401472161,36.9450525829,31.4531679379,26.6918444374,22.8961253091,32.2024079676,22.9528121434,24.2342311079,24.3299213436
44.8351552492,52.2813123885,49.0455403463,39.7729839664,34.8310976642,29.0972166245,39.3428569049,27.606053355,32.333399026,29.2974139896
35.5667697991,42.7040100111,40.9405953273,35.5335223729,28.9435357875,27.0061248205,39.3672620184,25.3508874022,28.6121365038,30.613857482
26.1100156976,30.1341664646,32.3437120016,29.6873003708,23.195924614,24.8637796524,33.7896090749,22.6013233517,23.4034364823,29.9404520215
19.1949921062,21.2608841271,25.5746866121,24.4642494216,19.0846250882,23.3918296541,28.011557116,19.9816056966,20.3701882276,27.8777885797
15.9110051352,16.4387287088,21.2496143021,20.9268841211,17.1259029241,21.9523761614,23.5519878482,18.6373081944,19.6088706812,25.3192917317
13.4825876414,12.9985332773,17.671902956,17.9013755402,15.8473786375,20.5440122249,19.9482626155,17.8619114272,18.7668938256,23.0312759967
13.1073308028,11.5512114201,15.4194905175,16.1708594901,15.7860566125,19.4624143163,17.4891224981,17.9536647582,18.1595775957,20.8607073103
14.5268289432,12.0085271797,14.6586293786,15.802635322,16.7626965804,18.5650383391,16.332801333,18.6427910318,17.9827748943,18.9337225027
16.5246329584,13.7925548176,15.1985086897,16.3284359266,18.1397833782,17.5975989859,16.4896086775,19.3813557128,18.2830858274,17.4674235934
16.8375345294,14.5654091329,15.4220173574,15.9129568808,18.2590457678,16.2876216005,16.3496677849,19.2340293117,17.7020776689,16.430643993
16.6286680822,16.3579152077,16.5513301671,15.9484562669,18.4233035527,15.4020674594,17.2132887864,18.8059252322,17.9016828532,16.0511189315
15.7357890323,15.9130624221,16.0948888281,14.8496694469,17.3355432499,14.190638649,17.0143879544,18.0831260697,16.5075215042,15.4602715263
15.9515950331,18.2708312436,17.8648987232,15.1288004666,17.6788904387,14.3062591632,17.9797891396,17.821037291,17.1133138989,15.8008714392
16.1823718716,21.3269535836,19.9919661383,16.47692637,18.5533304828,15.663440455,20.1540555438,18.0087506085,18.2107963884,17.2328107505
13.9859481701,19.3587000165,18.1690151229,15.8328219666,16.8496889388,15.2252086284,20.3646316598,16.8431524089,16.9645345389,17.5383930306
22.7063667154,33.5482629786,30.3650406097,23.8766437618,24.5724763599,22.8628456872,27.0476198194,21.1857885854,24.8911101571,22.9802071348
25.8534515575,35.4323353092,31.5509679337,25.5065748998,25.2150660053,23.7239010966,29.6563147356,21.8042165698,26.2575961297,25.0193130237
23.0477079283,28.0003015686,26.2793468658,23.6430431907,21.5457504052,20.798072803,27.5179391443,20.4996668992,23.0078059509,24.3722842617
22.3790371489,22.8803155269,23.59539001,21.7343104625,19.7972418831,18.9080178495,24.0828395707,20.4527044854,20.4584143545,22.9066500797
20.7493469547,19.8844433411,21.9401295587,19.620450935,18.5492126902,17.344690021,21.2605176909,19.9437134048,19.0308842047,21.2789033555
17.6061751483,16.8736408932,19.3633787217,17.2720856666,17.0189956564,16.4797652677,18.9337751006,19.0633003312,16.8430953057,19.7969438625
13.1638508179,13.6674911212,16.083080386,14.5784744484,14.7429695559,15.5679777633,16.5024155575,16.8226845146,14.8156096143,18.1446299335
11.0411362494,12.1027417792,14.0599863035,12.4490430636,13.3050373941,14.1813699403,14.6621194527,15.0392092535,14.2546038568,16.2308794477
8.95716069457,10.8727530249,12.1662716227,11.0596915363,12.2908211731,13.0554731314,13.9627238878,14.0036821896,13.652502767,14.9061980715
8.22250719233,9.85797185533,10.6650714131,9.80436019831,11.4826022562,11.9425242005,13.102759007,13.3778068602,12.7981084338,13.489182869
6.85466501183,8.48695230697,8.90892063718,8.66012037222,10.3957872438,11.126570288,11.9872112138,12.4728859459,11.6134540099,12.3587883063
6.00856442319,8.09832664945,7.99408060026,8.18307007284,9.95870593705,10.2888543177,11.7821997417,11.7749458958,11.3373313366,11.2883094067
6.03679147943,8.22889945705,7.63814153581,8.30798696865,10.0555997808,9.8495582103,12.2087397995,11.8087107485,11.1606982365,10.5905742622
5.69056961312,7.89557511784,7.26861358044,7.7674179478,9.69344171166,9.11556593631,12.0778660155,11.4736773609,10.8045376233,9.97689381369
6.19931697996,7.98911638707,7.13591226868,7.76690102685,9.65182479923,8.73496444688,12.0953505174,11.4874198934,10.3714856293,9.35237673467
4.21171034921,7.25844984736,6.33844745092,7.26816244398,8.83617470336,8.10471292752,12.2262584497,10.5015472045,9.83556769678,8.95627939715
3.10988014175,6.71003014681,5.69585463807,7.09390579986,8.37808885899,7.89799417355,12.5890485378,10.0853165027,9.43096882449,8.73126819788
1.35842208436,5.58601995447,4.76801625132,6.38568540345,7.58681766907,7.47508409987,12.5895806678,9.41728226117,9.0111983329,8.5829311508
0.736937848172,4.96416413197,4.05961500337,6.47961261444,7.35073233439,7.70268660222,12.8636800908,9.44348860536,8.68990465498,8.51202027696
3.05406966218,5.6035483866,4.73892513795,6.86769201352,8.0639366586,7.89981039241,12.8230295592,10.3288598693,9.17244591067,8.23540325427
4.69175401573,6.67912224195,5.76286651356,7.53742833145,8.98213478388,8.05052939944,13.1772577979,11.1135600264,9.80624860768,8.21786889401
10.4484372572,13.2227424881,11.140997017,10.2489782825,12.6612619927,10.3464391002,15.1276184504,13.4147709133,13.2039911124,9.75126104565
12.1473443661,14.7910862699,12.602436831,11.3069158083,13.3592173268,10.3216563148,16.0185853249,13.6932047236,13.7025887027,10.4573450691
11.2421801228,14.5867521863,12.6711668941,11.8482404789,13.025022997,10.0895968453,16.7730800025,13.3165228865,13.3113357555,11.0901168999
10.0802340451,12.4679028641,11.5033778847,10.4907988372,11.3921151033,9.54851539455,15.2482565175,12.2690999761,11.7712454709,11.0723022978
10.063938007,11.373251616,10.9471301154,9.4856108191,10.4696773778,8.61496762666,13.8937069381,11.5879343935,11.1604622565,10.336251201
10.4654144776,11.7628415115,11.294327154,9.61185012212,10.7366207395,8.17806774906,14.0894502075,11.8495667836,11.1765965491,9.86370245992
9.30134485519,11.2070549142,10.847754456,9.11630467792,10.2754558372,7.76366313151,14.0678237499,11.6053996321,10.5272289973,9.58905459398
8.0344912049,10.7293330239,10.3268304758,8.7257516751,9.83027460659,7.45269648552,14.2697845265,11.2218708946,10.0492779018,9.30062775217
5.79226525525,9.48108856302,9.15951694244,7.95108751856,8.91110331474,7.15680558753,14.2239662925,10.481677269,9.34773612667,9.1547916759
2.99881368009,7.95455313383,7.4947647369,7.44936224006,7.91166901548,7.04092409068,14.5171783071,9.60348364202,8.62463395333,8.97869147244
3.02653194538,8.12327759521,7.4881390371,7.35247542425,7.97446375192,7.68781718663,14.6022453452,9.69923904738,9.09617996281,9.20255244723
5.69859254109,8.85036293287,8.12098773068,7.90013396614,8.81050562606,8.05719541087,14.4807639878,10.6985211894,9.73094782367,9.06677691415
9.51363091508,12.7060861366,11.2265739909,10.1017864749,11.3326293335,9.50194381131,15.8644837592,12.4603103268,12.0213743654,9.93637207824
10.7170894288,13.6967415724,12.0893462182,11.4989894321,12.2712385436,9.80136477732,17.0509623798,13.2190094361,12.5281399133,10.4766841382
12.9315815748,18.545185507,16.1904737172,14.5028321847,14.9700958792,12.273911114,20.0147452186,14.7570630885,15.4353561585,12.82396109
10.5841372307,15.8382724253,14.1086611474,14.5292776275,13.7471944186,11.9438362173,20.9326576375,14.2944664498,14.2446236136,13.5455874437
10.783121733,14.177298139,13.4916979722,14.4971686948,13.4770789739,11.9972844033,20.6868064862,14.7133460637,13.7765749405,13.8058200836
10.6869058293,12.7535135695,13.1246548849,13.7312974858,13.1239700881,11.8855369537,19.6476357572,14.8966274812,13.5519677081,13.8608458127
9.1650794518,11.5848624947,12.3559686647,13.2967055119,12.8325194191,12.0657793867,19.2908515476,14.8910641679,13.3896064585,14.0475306806
9.79891409625,11.5160469979,12.4224096575,13.217639413,13.2861307378,12.3944379847,19.0089649862,15.481377655,13.6170445632,13.9477565095
10.6179037665,11.5706010478,12.5970416704,12.952226319,13.6543621356,12.4647983115,18.3714363053,15.9376325556,13.7570679954,13.7644892526
10.5381769796,11.8504801343,12.7024676568,13.0191640801,13.9580719692,12.4740137402,18.3483457186,16.1075197791,13.9789712609,13.704956843
8.46222708191,11.2822340492,11.8878172656,13.0086964613,13.6776555262,12.7060792192,18.8397623921,15.8573233193,13.7657837292,14.0422034488
7.12289968792,10.3547506965,10.9759020166,12.6105466894,13.279605837,12.9101242862,18.8406809804,15.5905476657,13.4847457382,14.1936359036
8.53148383293,13.4081274462,13.054676533,14.5397122502,15.1331043471,15.2189913313,20.6078020651,16.8294148428,15.5706827137,15.6981543006
10.9975596562,16.350924704,15.40135513,16.2900549038,16.9257043899,17.0995592225,22.1318838571,17.9944567416,17.8449851452,17.3339844788
11.905566005,18.2583108096,16.9607426399,18.0499157542,18.1947528802,19.00173105,23.7637925732,18.8833769096,19.7052457539,19.4968929023
9.35872828867,14.2410196914,14.0217771206,16.7826431433,16.4022544136,18.1080567198,22.9069440718,17.9284954793,18.5548146484,19.799190552
9.02712038404,14.2755844412,14.3806456194,17.2806150712,16.9638781056,19.4359447481,22.939428699,18.5475795667,19.594743691,21.1093995074
15.3689600841,23.975470432,22.5594156255,22.5845119124,22.5955216181,25.4285083752,26.9121006104,22.3769054288,25.7960797453,25.4627152125
14.6031080399,21.3113530809,20.4312229865,21.4311651602,21.3891319516,24.809909322,26.6712832615,21.8249378524,25.7344792872,26.3903683783
11.8782674291,16.0433419039,16.4849052552,20.3180666485,19.6466391165,23.7022414226,25.1199022861,21.4447668022,23.8734197117,26.3584046982
10.711112196,12.4497445339,14.2037386219,19.1695076676,18.8414975258,22.699028548,23.3151032277,21.5341400277,22.9385307076,25.5275547006
7.76781221243,9.41624226609,11.9471078205,17.7555634119,17.92531208,22.418402659,21.9128013553,21.496588904,21.9737850974,25.238650959
6.74682156883,8.49407903714,11.0096304947,17.2621451781,18.2505310888,23.1177650359,21.3212581539,22.1629891358,21.8702414466,24.9946361314
6.54127449018,7.58976226948,10.1728646815,16.6010415679,18.3778969112,22.8861071735,20.547902859,22.3838403472,22.052248125,24.2500391998
5.88569602025,6.84185541911,9.25570781704,16.1459214777,18.5075808079,23.0058830735,19.984259021,22.8445358741,21.7399120645,23.8741958561
8.64326885735,11.421727899,12.6599577539,17.8226789301,21.1750002377,25.1716822357,21.0905261866,24.4628033691,24.4438255539,25.0356735657
9.40699696399,10.2921659905,11.563485938,17.24900496,20.85660898,24.0790658593,20.5149026925,24.3260412076,23.8221349157,24.2697863647
7.95248478732,8.53511165279,10.1017051353,16.4287428114,19.9645591629,22.9719170812,19.5500044273,23.8104414664,22.6134967293,23.6829620292
6.51750395936,7.43521199473,9.10876176633,15.7195716686,19.2696818004,22.1057794617,19.069600227,23.1852703129,21.8672278768,23.0195224695
3.92008950246,5.79712592511,7.50694347604,14.6574719357,18.1905340815,21.6630690407,18.6043870052,22.4682231583,20.6499498139,22.6578849073
9.00405038493,13.2560757832,13.1324279967,18.1528191873,22.2556962842,25.3057417407,21.3493142824,25.0517226866,24.4094408793,24.4765381276
14.6431766793,19.9384218551,18.5837008978,21.1969624871,25.5712769136,27.8478605128,23.9499232178,26.8541918223,28.0223115668,26.6948673869
14.4976099716,17.0039400154,16.3223220794,20.3368690234,23.7451099208,25.5707048281,23.346124688,25.6894548637,26.4135215418,26.0529288782
14.315324489,15.1898752257,15.3301956823,20.565073989,23.093217636,24.3444379275,22.9889752142,25.6753696979,25.1400638338,25.552041927
16.0010217263,16.3300162298,16.5129942528,22.1876402367,24.2491764629,24.8978561377,24.2261062527,27.025377037,25.1548662343,25.5857935217
16.1612506239,16.1426913201,16.8957623485,22.3565982872,24.2250542947,24.5575245864,24.6808048921,27.183190236,24.9808133571,25.4090740058
14.4454668953,14.7426138789,16.1910410737,21.5231948281,23.4177568308,24.2386110674,24.4103231602,26.8584812122,24.0299266137,25.3698048856
11.8131365845,13.0395473888,14.9237458577,20.4236168949,22.2333373253,23.8648444714,24.0665684145,25.9083610427,23.3317914635,25.2503620562
9.67200355866,11.2742013429,13.3826466765,19.3937891967,21.3692259139,24.012594225,23.6113474993,25.4418253591,22.4407217147,25.134182263
11.0678456949,10.8560530462,13.4717082181,18.0758436376,21.3191594736,23.200053141,21.842885865,25.0421866685,22.5508078431,24.0501729069
10.0985487119,10.299526387,12.7240847499,17.2432751892,20.6735179713,22.6720036114,20.8425975125,24.6027317643,22.0231207088,23.6247849324
11.7949057017,12.7577432369,14.227564436,18.311680949,21.9407514738,23.3652269441,21.5099297096,25.2508564906,22.9771250695,23.6273123209
26.2324899205,33.5971613597,31.5460020541,29.7493646858,33.2560588843,33.4618744753,30.1859782737,32.2954931122,33.0146620575,30.064568328
40.8186007597,51.4727084234,46.4593497674,41.0839553204,42.8451020814,42.5571073764,40.6756448543,38.0792795784,41.452062315,37.5860410311
35.5654581273,46.5260699754,41.8529021662,39.3964420524,38.4145173654,41.3679164744,42.7687229019,35.0923165054,41.0845237027,40.8938805673
33.4281594608,41.6064406218,39.050509587,39.6457674559,36.9041382667,41.0512279511,42.1539775427,34.6015783209,40.5654580343,42.9165679754
33.3971504776,40.268964428,39.9963539606,39.7040565094,37.0211438388,42.0596173958,41.0521842429,35.1105505774,41.9565839239,45.1103634654
30.9472203834,35.4288190585,36.8125260685,37.1731046343,34.9515184883,40.8420239988,38.7509403489,34.4761289412,41.0327840102,45.0161120091
27.8261131996,29.3161122299,32.3678407554,34.5917612945,32.7157882559,38.8870297344,35.6242909835,34.0815736542,39.3049385123,43.8735944868
27.6630140773,27.6833070344,31.4596591046,34.0662937096,33.1534234526,38.839387568,33.8938767311,35.4049471978,39.0774165354,43.2113704307
25.7057120379,24.3767151609,28.7526142656,32.0411042759,32.2011516113,37.5625163668,31.9077833198,35.5759653983,37.8130497311,41.7482089327
26.5425088018,23.691944561,27.8404189343,31.9629121999,33.1429786684,37.2337825319,31.1146947194,37.0378344141,36.9393740869,40.1173575718
27.8687226333,25.3861586511,28.4698128053,33.6233862378,34.619890671,37.7823819499,32.4731849243,38.562821188,37.5216736839,39.3928647609
26.8793029416,25.6834312605,28.4911457856,33.9266614088,35.0180398807,38.5922129342,33.5277315457,39.3975182438,37.6353270063,39.7565580678
26.4022765197,26.9536542395,29.4802063082,34.3329137637,35.9655987591,40.2277549177,34.5347673343,40.0825027905,38.5336874646,40.8381024876
26.482572039,28.8554798608,31.0068606896,34.7615299079,36.9951196568,42.1149879239,35.4150730313,40.3788487411,40.0409037278,42.3965483527
22.3134149813,24.0112651698,26.5622984803,32.1997396157,34.5569834838,41.3782737217,34.2053212778,38.8318924595,38.372489153,42.3615549565
20.9022390227,22.4725499879,25.327359609,31.6385936836,34.2428921574,41.5645381305,33.0158356036,38.2682237808,38.8536175081,42.6129009919
19.675072236,19.5837526269,22.8735410587,30.1303515875,33.2942079608,40.7901793695,31.3938052138,37.6761602167,38.284014217,41.9045506953
23.6370684513,19.3992315158,22.9043379527,30.4316065365,34.5739697352,39.3737763029,29.9030184128,38.5315036674,38.3425085824,39.7028824472
24.1615610123,19.0947970704,22.6446469376,30.4460792166,34.5098245113,38.1908654613,29.0664108456,39.1872946888,37.3895129459,38.6026410187
22.7850766841,18.2887506269,22.0421568289,29.2954511321,33.7643637096,36.6772753262,28.0596613918,38.6202649358,36.1172351114,37.3398496898
21.4471827909,18.3359970165,21.8120686056,28.678941124,33.2769959384,35.9023809085,27.8653888176,38.0774898704,35.3142403317,36.5793793045
20.4353603518,18.0635510954,21.203701306,27.9957258563,32.751250505,35.3241464584,27.8193134529,37.6175602909,34.1773584235,35.7643673893
19.2821306848,16.9975286048,20.2002092624,26.6359753135,31.6377437468,33.9414032408,26.9321099327,36.4138833749,32.9154196297,34.5036524358
17.5470224866,15.6821650528,18.8750671467,25.2986696195,30.3107874429,32.7477476885,26.0097966028,35.2690456126,31.4500697332,33.4552352176
15.4073199372,14.276408607,17.2450989502,24.1535836749,29.0971106477,32.1241863833,25.3870095476,34.3474039786,29.8418800575,32.5995629259
11.4781019663,12.0695628566,15.0028998541,22.402154095,26.9149763753,31.0329718053,24.5732789838,32.1290172473,28.8487235939,31.9460772625
7.05326682559,8.69465694146,11.8633737168,19.8285637042,24.4907315269,30.0202115419,23.0214665719,29.9829459995,27.1547775148,31.2529367168
8.06239493954,9.51010762799,12.0055785163,20.0483422426,25.0845528165,30.6165906607,22.9190549709,30.1487214054,27.6773932666,30.7141443604
8.98562798734,9.07041869346,11.3161832493,19.7790121783,25.041986942,30.3035318903,22.2708391084,30.2385516692,27.3212659869,29.8506343614
12.4477165962,10.6447770899,12.341109016,21.1430032726,26.3793031042,30.0064972767,22.5230255523,31.1444036295,27.8198361422,28.6809032248
11.5852856605,10.7018027867,12.0955807238,21.2890033428,25.7085490033,29.1816800903,22.9015513041,30.5709403982,27.196284942,28.0374910566
8.22527347807,8.84865696063,10.4232788153,19.7246663539,23.8374811622,27.9520915579,22.3699118558,28.6767708479,25.5702046623,27.2442516131
5.58425206554,6.97028045217,8.77456920012,18.1911016987,22.3030263399,27.0058257854,21.5605710671,26.9578644586,24.4976667883,26.5662669859
11.6615024116,18.993178224,18.2278085902,23.9734220909,28.1546666717,33.8551161476,26.3111614681,30.4933744885,30.8179691887,31.150824351
15.7304781624,22.1974915549,20.7569679192,24.5687043235,29.2482842388,34.432800232,27.549668783,30.2591398218,33.223485765,32.499217821
14.9372103681,17.2292906075,16.7884179119,23.4510663719,26.6821836377,31.4707660899,26.1364292962,28.8631420363,30.9957039088,31.5234493361
18.0373952696,20.0241964189,19.9994103956,25.3534688019,28.5967695146,32.1650612022,26.3035634237,30.224724299,32.5091401877,32.5298687149
24.6191737999,27.899241396,26.9361198411,29.6903428836,32.9730485477,35.2711591884,29.4999393615,33.1939882547,35.9154763805,34.8660231481
16.4943614324,20.258747567,20.3994603689,26.5311944612,27.8060941985,32.8417066494,28.9832276013,30.334748596,32.5958032627,35.2027904613
7.04949777954,11.6181887835,13.6334881307,22.6807158414,23.2459997788,31.0096067921,26.5866306857,27.2716502824,29.1584615011,35.0064173396
1.81926078083,4.81458422919,8.5754595776,18.4031495484,20.3217777501,29.5618391292,22.8808102334,25.2543164427,26.3490907676,33.2648506747
1.12723341577,2.38761117014,6.14615485235,17.5264437881,19.9463823862,29.7794575813,21.2738454729,25.7258592439,25.4189825382,31.4790538316
1.47996946312,1.50021924254,5.03773430714,16.999313887,20.2138345901,29.7606412667,19.9729799998,26.3070929712,25.3902677001,29.8123590581
0.914269148746,1.03001813267,4.09715158658,16.5420598412,20.2451155845,29.5121863237,19.2054288754,26.3890339424,25.4107205767,28.5817868698
2.51082624323,1.35555954586,4.18008149485,16.1676707065,21.0360945193,28.8121401204,18.2156452701,26.78890429,25.7656782173,27.1269673588
4.04782037494,2.54745289412,4.6537407906,16.6177489318,21.8798159793,28.3697808407,18.1780955004,27.4715114139,25.7762358162,26.0940946949
5.5949252348,3.95631765691,5.5373570087,17.0851366594,22.6949270533,27.7470009805,18.4233407244,27.8494505233,25.8964210755,25.2748900858
6.69805113379,5.29188232117,6.42357212801,17.6137803023,23.2687478352,27.229687755,18.9949532825,28.1050782106,25.7337495497,24.7814249158
6.88063778443,5.90878624852,6.90544195374,17.5238673643,23.1911474164,26.4498392995,19.2275209293,27.7514389956,25.1868408941,24.3604112839
6.18682458216,6.17619749262,6.95961282441,17.5690344717,22.8230762105,26.0755897771,19.7830384553,27.3038083505,24.4423145302,24.2403782786
4.5304201792,5.72190624663,6.47975634891,17.2110579213,21.9443854904,25.6990792796,20.1900614035,26.3456221049,23.7313340811,24.2314188417
5.9942240117,6.25047097405,7.12537081551,17.0408675552,22.1514148867,25.345302762,19.9612047169,26.2210324548,23.5563627372,23.7205669325
3.75649615059,5.41461088178,6.21081899996,16.7798572542,20.9695902194,25.1792731688,20.2687686039,25.3886147919,22.8073583394,24.0028827801
7.37663009862,12.1245748796,11.4988623941,19.8896173035,24.3565772316,28.9579316691,22.9727409846,27.3346281014,26.4859877579,26.6288991921
21.8139690308,30.148528706,27.1698458715,28.9690958493,34.0573556676,37.2595648813,29.6452400491,33.1391659141,35.7717447218,32.6632426018
25.6050078636,32.2157331041,28.6548789848,30.2887247508,34.2618438129,37.28351177,32.1160963838,33.0142128621,37.3268014308,34.9414940837
32.4738638247,40.8206386629,37.6429381362,36.801289808,39.1583437079,41.8632759916,36.1883177266,36.0638124296,41.8595638972,40.3781841547
31.580351185,40.7738255102,38.2471458122,36.8074702868,38.1108485953,42.3856686804,37.7067123454,35.2087302383,42.8223452021,43.4141303911
22.1996206653,28.1981518839,28.3370674964,31.1308690522,31.0410179101,37.7403334036,33.7202730736,31.2619997879,37.9721561292,42.5358617174
15.2000432885,17.7026814505,20.5869318046,26.9335820455,26.5235198029,34.5928828902,29.1011081837,29.3477637646,33.6066994759,40.5849126938
11.5990473593,11.1012072338,15.8763322586,23.2780906711,24.1957202401,32.5223415933,24.8578808661,28.6831825952,30.8421681403,37.87426891
8.00272073473,7.49748303256,12.3914990861,21.4326513982,22.9671661165,32.0434164771,22.9505501851,28.7071834249,29.3144548463,36.0465331161
13.4559414858,13.502148896,16.9942547224,23.4117643946,27.3552072766,34.6272354146,23.5007645124,31.7493544149,32.5220109178,35.652902996
19.2725989823,18.8728974033,20.6307557008,25.3771962552,30.4030314175,35.1599749803,24.724907024,33.5154607431,34.4707442853,34.8159358558
22.5707644894,20.5832671967,21.2712691478,27.2365009172,31.7735367851,34.4272079888,26.1628755104,34.8106898599,33.9668789524,33.7157262655
28.0165315053,26.3762973623,25.7725632825,31.8516633114,35.504113529,35.8507554506,29.8500527381,37.4800807175,35.7082346789,34.2867023601
29.6997001017,26.7820134483,26.4019551313,32.8941706644,35.8690995027,34.9388003444,31.6432860642,38.0150600088,34.6055045824,33.6901384614
31.908558994,29.1914971047,28.8197564779,35.2492406982,36.9309362216,34.7804860585,33.9331616529,38.5422675975,34.9195329219,33.6270373579
29.8139780345,27.6480182732,28.5226304168,34.4324696044,35.5047909877,34.1194888979,34.4341022137,37.8478321427,33.7277890482,34.0332951702
26.9747645481,25.791382782,27.5752341681,33.4175851531,34.0119843056,33.8529912009,34.4537043423,36.8245991916,32.8359864345,34.3619851442
23.6193011642,22.9888413811,25.7228866266,31.4693598497,32.2933300772,33.7662240197,33.5573401329,35.7144872021,31.6861530955,34.5954347879
19.4587829138,18.6045428377,22.4717737797,28.0330002681,29.9349050244,33.0332167775,30.8090571267,33.9371494396,29.5700073848,33.9967175307
16.0765264361,15.5518706523,19.5763516988,25.7679164148,28.0379089054,32.2342675879,28.5776573129,31.984844209,28.6085520531,33.0158238947
13.7113841429,14.1912673373,17.8464971649,24.5450820046,26.9636900616,32.0768211301,27.3797478344,30.7154915574,28.7701909326,32.6369300606
11.4429208868,11.78696034,15.3696488509,22.7156256191,25.739836883,31.7161576179,25.6943636858,29.811542982,27.9583912542,32.0568501207
13.1610552988,13.8148092074,16.4722712468,23.375116122,27.0936559611,32.6783756343,25.4497428852,30.4529109904,29.5085076942,32.1076954346
13.9860076052,13.687020542,15.9164417083,23.1337603664,27.1753478017,32.2464221988,24.8168536847,30.5102758093,29.625207426,31.5915153614
12.2214718259,11.8141104647,13.95393332,22.4985791517,26.1366525759,31.3718548205,24.112730646,29.9404595354,28.6712774116,31.0357447266
18.2274885168,21.7942831207,22.0906692653,27.3531223317,31.6126258049,36.2352725777,27.5785757496,33.16122172,33.9651999348,34.2913762899
16.6027287086,18.0382836141,18.6458286776,25.1798902457,29.1170725559,33.9904653024,26.9494678535,31.4585194347,32.4104317153,33.5641336912
14.107554836,14.8608116801,16.1823072796,24.350895745,27.6872348945,32.9974898812,25.7135292167,30.8226981803,30.6403463841,33.3406814768
16.9241956529,17.7487433939,18.833156469,25.586073655,29.5797860183,33.7925434896,26.0406447331,31.7519757838,32.320492085,33.5911871102
15.6008067815,15.8802183949,17.2857090816,24.5059279597,28.286313131,32.7456594302,25.4158872103,31.1248806178,31.2121685465,33.207327707
17.5939215321,21.7925840185,22.0891160597,27.5276686723,31.3662591825,36.6351391933,27.9213931581,33.0826947069,33.8798294188,36.0353395816
30.6494694856,38.0614854405,36.3070001484,35.591055449,40.0880235028,43.3683616062,34.0031064867,37.6327296045,41.7218963828,40.420582727
38.5346243038,40.4342553217,35.7556780919,39.949078433,42.2289142758,43.7886465956,39.5577605223,40.4357886965,41.6577910249,40.2484690365
55.6195136735,55.3577092544,48.5202706313,54.2855284453,52.4903092308,50.0948292479,48.9979708327,48.2768202003,48.2975808815,44.4264179287
47.7172730661,49.0548719852,46.0064808637,50.923000575,47.3686696773,49.5795539558,50.5625934437,46.3145523438,47.9379516168,48.4774531952
37.7160557504,38.0544586938,39.1903497525,45.3941410357,42.4226171006,47.3444434537,46.9422269203,43.2532358538,44.8243765495,49.0015740076
32.0225943448,30.0438160157,33.9410747665,41.3680828551,39.4730437542,45.6050981162,42.8207743821,41.5276129517,42.757884002,47.9413700407
31.4280761282,26.2970408868,31.5795717262,39.2948224855,38.9313533935,44.3689389148,39.53184649,41.5700672238,42.179440732,46.0619499548
30.9834742278,24.1198086686,29.9116962857,37.8736784276,38.8473617915,43.7758370529,37.1167183063,42.4828805741,41.2584569496,44.6988815091
30.6272442553,24.0759551582,29.5290342676,37.3676245944,38.9744337814,43.0774567072,35.9766503857,42.6478131823,41.5916869984,43.5013499364
30.4395040351,23.5958999423,28.827422183,36.3664321735,39.0935177461,42.3025169036,34.88176046,43.0527524952,40.7307779955,42.242875714
30.2854545654,22.4377019155,27.4266460287,34.9379610235,39.8366775649,42.1944457568,33.3124284263,44.458770241,37.6461952917,40.7659176307
31.4038016012,24.0744791587,27.5449013207,35.7527233971,41.2219236847,41.8959456566,33.655891622,44.6217510374,36.8472915474,38.9448986936
37.346997482,31.9323190132,32.7621737343,40.8049982691,44.9386037982,43.1535231442,37.7462763161,45.6423350985,40.3909858631,39.0157946368
38.5197888461,33.5921412004,34.0483518575,41.9348920873,44.7133045298,42.9080296063,40.1498669972,45.4929463185,40.6591116415,39.6132537107
34.6816006017,30.0868177697,31.8961182737,40.0776821082,42.6978387151,42.8023496586,39.8006258481,44.8692142596,37.9837174434,40.4157030734
33.6574331943,28.6070874708,30.8662420258,39.1076598527,42.4416920059,42.6436217129,39.119331448,44.039713636,36.7865699748,39.7915127234
45.2110666699,41.5214123788,41.6956768649,46.060958958,49.0411535468,45.0929441548,42.6840295271,45.9729069417,43.7984706764,41.1112157901
77.0007508065,70.0781709172,61.3566370717,67.3351183395,67.593486991,55.4425084059,58.8756253534,58.6706614039,52.9383274053,45.1145199329
133.505916725,117.038444842,86.2202887923,103.296529647,105.323526983,73.3468054098,91.0516044027,83.8145471382,63.6678393079,49.4108214314
180.740973722,164.025066962,119.669394522,132.672390408,131.355006174,86.0032628709,116.133256828,96.2458892453,83.0818400654,60.3011161129
203.508816475,183.179668666,144.129734418,140.24620715,140.17322227,94.7852925639,125.025379913,102.642646017,91.3462241401,72.6295341394
212.649214819,198.758507511,165.505778975,145.365544278,143.779105688,100.710485781,125.475892795,101.410772532,99.718190423,81.8249403015
237.955460243,226.849474258,187.53961294,158.603533217,168.265592884,115.825408847,132.342631038,109.877029963,101.931372758,85.6617749545
252.710675682,245.540835732,198.856390706,161.002512913,180.164185042,126.068254609,141.163004213,116.069703422,105.217661185,89.4195468203
250.554294698,246.875344655,205.46777244,155.663902973,173.857015286,124.585509957,139.200100338,114.583109149,107.775152427,92.3888136489
234.092556473,238.90404919,200.560881986,146.729199689,159.13768902,120.906957109,134.696700685,108.560718864,105.081643355,93.603931768
211.643683392,229.41867203,194.564163869,140.008736019,141.347456442,113.301780761,126.693554565,96.572930307,104.058546297,94.3335267581
178.523919174,212.280107881,176.466678143,125.977317255,119.018293447,104.617148107,119.726694558,84.1392742179,96.318439756,92.5386395819
148.639025803,185.652316035,153.957815195,112.001472998,102.214026626,95.6091337108,110.286782506,76.8076648882,82.1702832512,87.520549709
124.251510439,160.389000395,133.135554864,99.9229992835,88.3358384646,85.3919392964,100.87081662,68.7151423159,71.4525502344,80.6121780678
103.491349009,130.659196129,112.362936027,87.4207014722,76.2412586087,76.1042522436,90.4904907584,61.7901231403,59.6309815156,73.4352533959
93.7705678692,118.695310348,101.32341756,84.4261435879,68.5288248144,66.7515264919,84.0292913631,53.6232276841,60.5804182178,66.9642249126
97.4383664371,114.678367798,102.806817231,87.7443533918,69.3574430466,67.1184118988,81.3771008265,54.2231599471,62.7791622952,67.5826238929
82.9856418705,96.0887351058,88.8211179662,76.2642394647,60.4845329614,64.2086470005,77.1714812205,52.3170226438,57.8804261091,66.5845115076
74.9639230829,83.8811700187,79.8511724817,72.4474710571,56.5793221594,60.4898997665,71.4997074921,50.5487890325,57.6070205865,63.9373304431
81.0820232051,84.5729950989,83.7476304575,74.3164012917,62.5331401961,63.5719816147,68.939920858,55.4524764844,59.1036448804,64.1164485774
87.2533361816,89.8083614627,85.4101815263,77.092803119,67.2834223933,65.8034054912,72.0171247289,58.8285668718,62.5497718177,63.6074194446
89.8638390608,87.2112120624,83.6534981106,77.0244327246,70.583240043,67.2545412209,72.8241002766,63.59063482,60.3119084654,63.4063151587
104.23907491,102.143079754,93.7528042586,87.0750641705,80.4015450596,69.1292341729,77.8528042652,66.9674076206,67.4021235413,62.8318971367
121.870651874,116.20710711,102.004563873,96.8964283341,91.0752580672,74.0629198214,87.4751314582,74.6155142416,69.6822320225,64.0056191248
121.165495793,113.325570898,101.650819174,95.0718946103,90.3331567292,73.6949094111,89.6366708316,77.1674329587,67.2793117855,65.3221976174
112.396835932,106.557838414,98.7475162206,91.1138053498,86.5005424629,70.4422637455,86.9367640466,74.2460929862,64.6350885334,64.7570038262
103.842927458,98.7999993297,94.0139500771,86.1129687767,82.8925836997,67.1784856125,83.3840621289,70.9629391372,59.8344359635,62.6171983207
96.1059879883,91.323974761,88.6782270776,81.1151969759,78.6861972236,63.3321188088,79.317799367,66.9815827164,55.3131828817,59.6489301044
92.3059610309,92.3101639173,89.5451182692,81.030151894,74.7506858477,59.7760668669,76.4536479006,61.002630322,57.631818031,58.3151338246
84.0343947873,84.2269368391,83.5819756382,75.0123986194,67.7700766919,57.0880417154,72.8711830482,57.652634531,53.2029023057,57.4279940895
76.2929951233,74.9926164737,76.1726648476,69.2712524443,62.5267204887,54.5558141662,68.2309839713,55.5972866361,48.5623890454,55.1578561082
70.2577750306,66.8362840436,70.0052314956,63.5016058897,58.8714431725,51.5200001988,62.6270513248,53.4489468678,44.4855045825,51.7876054961
71.4235505094,69.499408967,70.4380193123,64.7486337965,58.9682806661,49.5434372152,61.4155298236,51.4569535063,46.9558052631,49.2276052676
80.0730969051,80.7666143295,80.4569558257,70.6778376867,63.8020155075,52.3619408508,63.6508823168,53.2397710663,52.2602427042,51.4076263907
82.3776995401,85.5773560159,82.7518927452,72.6888651354,64.7410425181,55.8687777533,68.170647039,55.3443363521,53.5625835878,54.5528157721
82.4477076788,86.5484033684,83.6810478666,73.9093136592,65.5180289434,59.6483129977,70.4822606334,57.353698194,54.6433488445,58.1031518555
71.5468640349,73.2820930085,73.0116041563,65.1936183749,59.9830177565,58.284843634,67.3731380652,55.6934474735,48.9005977651,57.2874566788
61.4513454301,60.7248648155,63.724031375,58.5821816472,55.0791189876,54.1341038955,60.1109201534,51.2336361867,44.8446140733,53.9157543764
55.6735995814,52.678353243,57.315641443,53.2190159648,51.193229478,48.9477099379,52.9639511929,46.7850135557,42.2461397572,49.2301038163
48.8344231087,43.0146846773,49.1704182026,47.5089737865,47.1767278524,45.7047805361,46.8695894233,44.1078813415,36.2470398151,45.4640017895
44.9564018186,39.2848914438,44.7246898885,44.2847883359,44.4361532769,41.7423155374,42.5142197848,40.5464302815,34.8731599588,41.1704903435
42.1193908952,36.8409313507,41.6509485543,41.6877498637,41.4535270608,38.0194070852,39.3862591552,37.6684052582,33.9374650316,38.022767897
39.5371950907,34.9190515129,39.2132143377,39.5141598344,38.7740358748,35.2322797631,37.3434648898,35.8414846956,32.8149655853,35.8942730068
37.2094939217,32.7603456832,37.0099291968,36.8808145181,36.3750795194,32.8798823119,35.1506843658,34.5712684852,31.1071237575,34.0372331797
35.2400729315,31.2527651963,35.2203655414,34.7982334142,34.4935047062,30.9461162108,33.4328073148,33.5118792669,29.6702341379,32.3200071446
33.263510075,29.5227401128,33.3782671419,32.4755560273,32.8398255736,29.4284680743,31.5408634672,32.6191484351,27.725246189,30.7538716471
30.5512060934,27.8985827954,31.3518565273,30.440297343,30.8932416465,27.7899751494,30.008922241,30.9593567455,26.2905781161,29.1637098476
28.6713483938,26.7004201367,29.8063300372,28.6085875846,29.1914128029,26.1401232293,28.6089765218,29.3889404535,25.2345705979,27.6078703155
26.6089454713,24.4339328212,27.7223960748,25.7939414297,27.0474338915,24.3373713906,26.1073538767,27.8151349085,23.221677439,25.9727933473
27.7889791791,29.1933589443,30.7028670664,27.4478987145,28.6645857355,25.402469671,27.7300058792,27.7894501024,25.5323727189,26.4092739215
26.9511001985,28.8861993371,29.8761788447,26.417512925,27.716003024,25.1028778679,27.7893037946,27.0741685182,24.6025731089,26.4034254325
21.7556537576,22.6997008165,24.4342312667,23.2150881406,23.8458504123,23.6244143312,25.0638929914,24.5304312818,20.4742310626,25.1835083147
33.6945841395,37.2354203963,36.2005836924,30.7554964923,33.50659235,29.9413807393,29.7635045171,28.88265036,27.4663575524,27.9414904053
29.6128363549,33.343587749,31.9107783891,28.3457666775,28.9416773468,26.8623009494,29.4940365627,25.2807324223,25.9456315993,27.4126501269
40.178745027,46.7074454886,43.7110607304,37.1827742759,36.6376242717,31.8480801514,35.3083206385,29.2815866157,32.891122972,31.1709029097
31.8900412696,35.3845734238,34.6291819995,31.5398996702,30.0259401912,29.8589802083,33.6628243459,26.5346963429,25.7437760601,31.2079219262
32.7567892242,37.8651092958,37.036617582,33.8784328227,31.398013146,30.5229842944,33.7163065579,26.0835750016,28.8858984418,31.7548355266
25.5529939139,28.0254699224,29.3040902422,28.3201909084,25.2542774134,27.3854317649,29.8341360849,22.8610245989,24.2911894689,30.0969493654
24.551763013,24.008161652,26.1836634971,26.5348548485,24.5999958176,27.8334254706,26.2048643473,22.3083042611,21.3088949512,28.4357453508
19.8550032854,19.6398567616,21.7857974034,23.6914162935,20.9295392538,24.4158510474,22.9030823757,19.0417260676,21.0417405353,25.3680162551
11.5483528904,12.2448510451,15.5023187861,18.3348513293,15.3573994855,21.567456831,17.9737509965,14.6819937918,17.6969139527,23.1282777391
16.3462099308,17.6950588124,18.4576455373,21.2800308849,19.2601113356,22.7232383147,20.4580423331,18.0315186507,21.9224473527,22.3370918625
55.2015907236,60.6340585714,58.937217324,48.8986239025,48.6509240412,45.3652804454,39.9613892134,37.7439675684,40.4768899772,35.0630884328
101.451926396,104.148294955,99.1687920479,78.7422691435,79.6190788435,66.7899466583,63.8328194126,56.7682809992,55.9301532688,49.3221868948
108.014995489,110.830304806,91.9067924065,80.086237531,82.8916912599,69.2647202758,82.0278540748,62.0632091542,55.7350202483,52.6925845306
120.791521657,119.442203892,101.445164203,93.9958943153,89.0592624735,67.7220539994,86.7873528283,63.8743394042,63.075268067,57.1510264845
126.643366485,126.42302519,109.342175545,99.8000457598,90.4567138358,69.6416547164,92.077785385,65.2215978636,67.3135263492,62.5026007864
115.363195045,118.417795918,110.794129138,94.2563807338,82.9111240558,68.3864803011,87.5714091588,61.9346302329,66.1715265744,67.4632524217
91.6173264041,100.493064598,96.9509619506,80.9512375534,69.1725025505,62.9939990106,80.5103215657,55.0290944053,59.2916494995,66.2815189842
74.5101363009,79.2616874289,80.8493283736,69.9721698595,59.8297857114,58.5971392599,71.3759731528,51.6350817709,49.4182711939,62.1718661257
67.9946907014,69.0403537001,73.2820033033,63.7265001174,57.4073037143,56.0360108303,63.6889130482,49.9172723503,45.4643902115,57.4246369136
57.6495175552,60.7689029528,64.981148398,57.397283923,49.8270715304,49.6145871982,57.2284572475,43.2334145674,46.0329461608,52.9644974704
50.3754769549,49.7324257891,55.5075851178,51.4339921123,44.9024946355,46.4489975413,51.3500602335,41.6918993313,41.2160168918,49.7792237088
46.4335093261,43.5012424694,49.7339730843,47.3019753226,42.8978233383,44.2763878187,46.5265933157,41.1347070016,38.9047541785,46.5316934406
42.273337763,38.0951799304,44.3812892567,43.3243096105,40.8146706054,41.889020152,42.3645844576,39.9965814758,36.6678009021,43.4096558609
39.4691574759,33.7848434769,39.7628901962,40.1183384611,39.787700521,40.06881282,38.8313029473,39.4202068515,33.7377000607,40.2736707178
38.5425281528,32.0441661279,37.0051399009,38.3384532863,39.6469953869,38.1391990086,36.3669879448,38.5823833957,32.008929728,37.1006446684
37.868826392,31.0922393651,35.096817099,36.88055631,39.0724324766,35.8476577064,34.4264410355,37.21098487,30.4774880491,34.3089980229
34.5634662537,28.5003291903,32.1126704362,34.4992692702,36.8532255646,33.6473096669,32.3334624007,34.7659277616,27.7761814831,32.1342619673
34.3791893315,27.9395347334,30.8167580459,32.9401964729,35.5773433485,31.1092697792,30.3151763568,32.7493498456,26.2788701527,29.4091986015
32.3563099461,26.7739996112,29.5008104826,30.5345774785,32.6019109973,27.8377289576,27.7800143827,29.6856449232,24.9602306833,27.1511724936
31.2204471362,25.967212982,28.4078339278,28.3818865943,30.1362387787,25.1052265874,25.6975335496,27.6248861628,23.2707965632,25.0177357335
29.2701049662,25.6346185801,27.883160905,25.9824182185,27.6057099464,22.7544420842,23.7169309962,25.2949750797,22.0787864856,23.4448946243
32.1204220167,29.8816608418,30.3568928255,27.3900652544,29.643568765,23.9065248628,25.2919033525,26.1593317273,22.2092341465,23.4217902331
22.4099985794,23.1982917993,24.8210288958,21.6188073365,21.8472183584,19.7060775778,21.3314264412,19.6250364535,18.9288746361,21.8086789611
19.357082726,19.4380742425,20.7140237195,19.7206867667,18.7292890622,18.4920001448,19.5661417755,17.6477907547,16.1024561501,19.7960510719
28.2368238084,29.6683972589,28.4295356373,24.0030047663,25.0174664412,21.9149965358,22.6544941572,20.8675762451,21.2794902415,20.9019960913
29.0104084385,31.1530232282,29.2775311257,25.1291675524,26.0481901068,23.5501153107,24.4555729211,20.4341168709,20.9140175759,22.4653357039
27.0560473366,28.7891940458,26.8795366753,24.2028927596,22.9349770206,21.053331172,23.2365967099,17.7509412284,20.1251479581,21.364575943
21.7336899029,22.4315545206,22.0848934752,21.1655065144,17.7581037982,17.8123592237,20.2389829586,14.6705221027,17.3395724625,19.6163411171
15.258255121,16.4017323313,17.3922125538,17.5127438802,13.2341526235,15.6657936516,17.1756019417,11.8362047813,14.9022015814,17.9877536378
12.2677244989,11.988000221,13.534375346,14.3581277015,10.1065745118,14.6796008764,13.6866599107,10.1791320321,12.6635363942,15.9226138665
14.9694688571,12.3774224943,13.2972714856,13.4275743358,10.8500846807,13.6178444332,11.7707053184,11.3142769276,13.5075017123,13.6774737138
14.7433737567,12.2278345817,12.5424252699,12.5822263104,11.1488139107,12.4447032406,11.006204926,11.4303512123,13.3063154885,12.2115322553
25.4877506129,27.2751730097,23.9530976493,19.656359147,21.0392106545,17.5051980718,18.1416636001,16.9033995864,20.6685556968,15.1484546764
27.2382474634,31.3462380009,26.7540113953,22.9317848405,22.9078257622,17.9307060191,23.1281625213,17.9386640929,22.2385298772,17.242833419
37.0322970194,43.565091253,38.6573728498,31.2583957449,31.6925186124,25.0272208467,30.7721711049,22.8763377301,26.9228991533,23.291991482
30.9303176821,37.3185839272,33.009664981,28.8358824255,25.6594688407,21.6969816697,31.1985639628,19.5876744925,24.3488393948,23.6495302882
30.0105500553,29.2938830139,27.5151827534,28.9023471675,23.7907071562,22.0093960235,30.2047453948,20.4578305457,18.6705234458,22.9905767425
22.2797928069,20.6722577184,21.847881514,24.9268226318,18.462474986,21.0860466436,25.3214446566,15.4166895342,15.2781783436,21.539640842
14.9834690149,14.1863598677,17.0518127959,19.4045087793,12.3077125974,18.2404979428,18.5830028429,10.1529140955,14.2521858699,18.9889803791
11.9029586749,10.0245765913,13.3299423266,14.9318711355,8.77238759984,15.8812479798,13.1509076267,8.39028354015,13.5662701125,16.3206382401
12.4300481453,9.23162418668,11.8763956563,12.5135419576,8.80919482684,13.9055836429,10.3536707025,9.35491234012,14.142588778,13.9073199274
16.8697313844,14.8225294387,14.9832201077,14.0515900971,13.365571855,15.0101458856,11.9972407277,12.4418216746,16.557764589,13.774331003
24.6880583399,26.6500555518,23.5920332808,19.8861259756,21.0223722249,18.1605179254,18.3523093287,16.7328805189,22.1803360693,16.2107911869
31.0110707678,33.4074702116,28.6784448281,24.8664234163,25.5034527708,19.7287900319,24.0096286632,19.9078146699,23.9821164674,18.4560226291
25.6891286921,25.7905406403,23.5072679067,22.5138042641,20.7521660587,17.7219405333,22.647660586,17.4084115204,18.1489846993,18.4445096913
21.2871428185,20.3803220758,19.7877196289,20.2850842679,16.7173820518,16.0752343482,19.6090586532,14.2887293133,15.1566093224,17.0887170915
18.9431782498,17.089607106,17.4584845177,17.8053401362,13.8298675528,14.5865500524,16.4533089172,12.3593323683,13.8848794237,15.3820875455
19.3990611244,18.2621295765,18.411645215,16.61184673,14.0640284454,14.0592880086,15.2181766817,12.3760767159,15.1980579252,14.607676863
20.405176589,19.4691413347,18.8202634318,16.6389890378,14.9495088265,14.2061379292,15.4904250493,13.0355259192,15.3646374328,14.3090599495
17.3449352116,17.6990401053,17.1204081539,15.252208898,13.3319263393,12.2856649828,15.1270829382,11.8730369313,14.8142352199,13.3994215383
11.3713912745,12.9399671792,12.9892184099,12.7429000876,9.92533579742,11.3856347659,13.6867079171,9.44274764472,11.8776266491,12.7855949438
8.99953102115,10.1838938872,10.4134691724,10.6077335381,7.78601634043,10.5339634695,11.6799164767,8.11662809791,10.8186318324,11.4961413454
10.0715315884,9.71616311222,9.61632919048,9.90469319229,7.90076912632,10.0387240151,10.6351974801,8.74171084032,10.8894098793,10.2544772102
11.2299164595,9.53599880058,9.39981744651,8.59892492373,7.97203167076,8.98364734404,8.97085819321,8.97027399104,10.8464756865,9.06652753394
12.061337052,9.85047063626,9.47433929731,7.393048079,8.08165992155,7.70801720312,7.63231104793,8.91404971472,10.5908387112,7.88354829449
11.6366330793,9.94531418467,9.32047861736,5.67299531439,7.39103949852,6.28374705955,6.14006915599,7.98465826287,9.87312601709,6.81909969189
14.283538353,12.9634968147,11.1529030135,6.08625300906,8.81822101334,5.84716462117,6.77319850205,8.61685092958,10.3334538535,6.15182600346
13.4972151284,13.7449863104,11.3293040979,6.08745970649,8.3801194123,5.10929801175,7.30711888762,7.70726132065,9.5950723588,5.79236790452
26.3093774519,33.4259773704,27.2543730849,16.0307452825,19.6013858362,12.3260003593,17.6497903362,13.3833000221,19.2491886117,10.7503493936
19.1099375268,24.2830757353,19.9097947587,13.5319153421,12.6012496671,9.26902920992,16.5874021318,9.21298084821,13.1449797702,10.9437438219
14.4060699324,17.5103764404,15.4430188785,10.5985927644,7.25191701658,7.11136359414,12.539709256,5.77392764064,9.97351613563,9.976379653
15.046163975,17.8358483021,16.1609123288,9.48962675982,7.22428314264,7.07885627076,11.1933691409,6.06121541704,11.039735867,9.65239712057
13.2056770385,15.9155741858,14.4445098126,8.27773959811,5.94131410888,6.9853764124,9.7889665789,4.99542417214,10.2092136624,9.32674435741
26.6967640949,34.5882363205,29.4155379432,18.0931443997,18.2138229586,14.9472098809,18.9992014268,11.9399052233,20.2152106286,14.0114843849
26.0980584862,33.8875744362,28.0309962239,20.3698689434,17.9815370705,14.3513203082,22.732529788,12.3078936594,19.7949308003,15.6603784507
21.3869478023,26.2597333113,23.4322137247,18.1680877519,13.7126227321,13.092070529,20.2401974329,9.99076668953,15.6251316555,16.1280858718
22.4479270358,27.8137005833,25.4704971827,18.6813274229,14.6760129298,13.9704121436,19.9212814307,10.6729478468,17.6363230584,16.8559947331
20.4141425628,26.4904912039,24.6467101908,17.9563468247,14.0176193312,13.4531731385,20.0163783339,10.7769844838,18.0409130518,17.242960779
12.2554716134,16.7813217332,17.1277169724,13.4653617706,8.40730097002,11.5896882948,16.1900006039,7.62786177991,13.0303820859,16.2192912453
9.70935357019,12.919602313,13.7514816798,11.4260390508,6.90464455807,10.6378969224,13.8457244636,7.4029606551,12.2068121262,14.3643316254
12.2243450225,15.504290673,15.3023377,12.1919603518,9.58759110731,12.5791386911,14.1657054225,9.54777271974,14.1697899124,14.4628876761
29.4309064174,38.8829126946,34.8766767333,25.3375639447,25.1214175459,24.1549700703,25.3034469512,18.6600823117,26.3329213251,21.3971160444
54.332546168,66.6307882985,59.0210752802,44.2731407043,42.6095210453,35.9596755824,40.9916386558,29.0774346461,39.0783565921,30.5328218437
45.9648861461,51.3607829545,45.7530988691,38.7647696165,35.3631889149,33.1788250264,42.4861521605,27.2287301489,28.927545085,31.6253955105
36.3346011712,41.7972159329,39.8076512956,35.5775779488,27.8875354831,26.0255009209,35.99282948,21.1988549529,28.5515910337,29.8086569642
26.6560210174,29.5100517435,31.9583004464,28.5697167866,20.8163587558,21.9719002638,29.5920465916,18.2090878311,23.5314471019,28.2231991063
24.3400405076,26.3351893589,29.7735338533,25.6622787025,19.7793115692,21.1619524066,26.5863863918,18.6924400835,23.0348678811,26.7311373272
20.3844373653,21.6449587869,25.6521491264,21.8478398281,17.9373885946,20.2238796554,23.5792810644,18.5281298338,20.9197605609,25.268498262
18.4702681723,19.7210652295,23.2225456026,19.8820976811,17.6893196006,19.9289134245,21.6188960777,18.6484579049,20.1615023315,23.7755492647
16.0968380667,16.0750291924,19.2844753588,17.3336597481,16.2934251182,19.0887546079,18.732943136,17.9577477479,17.7081931762,21.7548371757
21.9406444478,24.5145123308,24.8898249822,21.2114203335,22.0083593712,22.3025854241,21.4403339341,20.6943590501,22.2041406684,22.4732865454
20.9085272129,23.6518450298,23.3797372779,20.3310197592,20.8188132697,20.2277408434,21.4803006377,19.5300140594,22.1583831469,21.7120579922
19.2164978276,20.1287475122,20.3372728015,19.1725161497,19.233669753,18.9947200535,20.2215558373,19.1303444298,19.1959920668,20.7750840317
17.993635977,16.3648295246,17.2946913327,17.0875435477,17.0882126368,17.6257793008,16.9923748598,17.7555893376,16.0717889781,18.7782508636
16.5942930705,15.3635787948,16.2445565368,15.4873363473,15.7336613028,15.5669982961,14.9282365888,15.8936825609,15.896016778,16.7080926891
13.4625679382,14.0307177967,14.4040054801,14.0310621271,14.1465980442,15.6251772609,13.7124137683,13.9194180286,14.2160114467,16.0904805815
18.4573561861,21.1743140592,19.4194450113,16.5688420673,17.6922232278,16.4125031197,16.4272071919,15.4542546088,18.6970420008,16.2387424673
20.2506060012,25.1654913234,22.447661618,18.7268037466,19.893679999,18.4021754305,19.5322366366,16.6058575548,20.0107899928,18.4223372326
25.1513365218,29.7513321886,25.4213068406,23.2024875375,22.7358954493,19.4224837701,23.9670148943,18.8476923995,22.1152933671,19.4656715687
23.7166928666,25.0909708435,22.5855712086,22.5952141248,20.532268756,17.9171954404,23.8436128022,18.6759027427,19.1379534733,19.2609682801
21.0986867594,23.2843277089,22.5753841856,21.1013371158,19.1720609614,17.6501927524,22.2716909799,17.3980570758,18.7689367789,19.7636790819
18.3791107527,20.9535091238,21.0245495402,19.1266657194,17.2397096353,16.5164206847,20.9511854652,16.0981247163,18.2001848537,19.2356035508
16.9391310351,18.1307745817,19.0236141173,16.8790972785,15.5351406416,15.278693988,18.8504547778,15.5031915683,16.781000895,18.1477549669
14.8185261906,15.980104482,17.101645686,15.1312523039,14.2535942388,14.5236269865,17.1866199496,14.7812726106,15.6049779424,17.1600203802
30.000221944,38.0449460803,35.3496934521,26.9573307126,27.5157291799,24.7743705651,27.0162408343,22.3910461626,26.9718564262,23.1004926527
31.1211247448,39.9103615393,35.699283103,29.0878163606,28.4306896764,26.3593857895,31.6720792812,23.1536285049,27.6620119822,26.1581339966
30.2111841253,37.6460890291,34.4312519499,29.7759733093,27.2815821718,25.6749177292,32.0800236828,22.5394268397,27.2801409338,27.5349903828
24.8829496882,28.5688842052,28.2126945506,25.9162557282,22.3599647452,22.6844145068,28.3499245416,20.3593763691,23.1524415592,26.506997141
20.8991966472,21.7342240844,23.8353552914,21.8956671612,18.6738251788,19.7609507892,23.3787921545,18.5215987667,20.5406797958,24.3039949991
18.1416025341,16.8136734703,20.1356344802,18.1285158219,16.2205354345,18.0313883858,18.7924201065,17.5278618112,17.7358141047,21.9092679776
20.9710523557,21.8051066166,23.5459295229,18.8753815994,19.2311793444,19.0064867653,18.9348071295,18.7017956253,20.5937164103,21.2679490223
15.3886299657,15.1880652102,17.3574435705,14.5376237997,14.5142597,16.8931391133,14.7345032901,15.4541974806,15.3640691799,19.1423045286
10.8289546035,11.8078723875,13.3874498731,12.0705449312,11.5271135178,14.5419722895,11.9990895629,12.1819309148,13.8436771698,16.3307239481
11.4307202679,10.9291862935,11.8844693874,10.3816298978,10.7559999347,12.6480674123,10.1907737213,11.7567728196,13.3088759576,13.8254510174
10.1022889605,9.4867334627,9.77747229501,9.00648777562,9.43710423686,11.537425673,8.58560635961,10.6136569792,11.6547521644,12.1085053698
7.3440053968,8.9823160939,8.35663262999,8.5431999122,8.86995069503,10.2808242177,9.20123868843,9.51803396935,11.5205908525,10.7882032091
5.55293678425,7.87768745696,6.7911105332,7.92152989865,8.04712210919,9.56240267093,9.58381655036,8.93163041998,10.5856168043,9.89763628418
5.51532356031,7.01599579243,5.74621971414,7.33153128442,7.36886760115,9.05370266062,9.09238365271,8.61474728646,9.82973606526,8.9910011862
5.71546933092,6.5001867838,5.19797717289,6.59295922689,6.85884043395,8.29613280831,8.25003624201,8.20325183811,9.51020486905,8.08570966078
6.80224153989,7.04280336584,5.48610490689,6.55003021741,7.26491464321,7.68255373529,8.21864859387,8.48347612711,9.62732015423,7.31789145113
7.35755483802,7.47190034812,5.75544241171,6.38753072093,7.41877362089,7.02342365868,8.22667275082,8.48569424534,9.42910293193,6.69818702734
7.20885008718,7.63165391056,5.82722079937,6.08644361505,7.21220295984,6.38059299885,8.23434056545,8.1289104624,9.02243257712,6.2155208841
6.80567293271,7.08878776964,5.41606694386,5.0566723743,6.16910955698,5.60253610162,7.22674260598,7.17346745529,8.18331751482,5.62045482072
8.70089269172,8.25573448489,6.19332354665,5.37825895184,6.68478783645,5.26038068415,7.33617638329,7.53329757593,8.22569497244,5.01102543986
9.16632373619,9.25029497702,7.15331485218,5.18542318615,6.99688067797,4.42454975514,7.7451131507,7.5291102611,8.34799219837,4.58838878331
14.7487404282,19.5665427743,15.2893447985,9.69451602808,12.4903887471,8.03511679165,13.0868084759,10.2689388109,13.4740651401,7.39878587771
16.5346256181,24.4508425761,19.3247112204,12.8319631194,14.4824702717,9.66881709168,17.3337013437,11.02854789,15.7621865259,10.1746114859
10.7668105612,16.7386986962,13.7349197939,10.0454374553,9.25865167394,7.1914853189,15.3420952084,7.9880964155,11.2532743336,10.0966284738
6.60596435408,11.0572672854,9.73056888284,7.73837756159,5.56781735749,5.99443226514,12.6242648802,5.78174198486,8.56749936637,9.35517524174
4.25778073715,6.95096925667,6.82249161443,4.92951701142,2.73332078458,5.1536612822,9.0582873887,4.20607434754,7.04777328739,8.1187537606
3.58440676743,5.52855145133,5.14472331986,4.44353086331,2.30310589664,5.3287404794,7.71926846903,4.12832008109,6.76941897854,6.9742514183
5.00078193768,5.77185609768,4.9483425285,4.47106925155,3.24687915889,5.40825626051,7.1444357683,5.10428376477,7.32766739205,5.98108108102
6.98619901739,7.62342721519,6.22678688019,5.24385874902,5.44608343028,5.25579219956,8.22170437729,6.75009142217,8.55086166289,5.41687049058
13.3385274175,16.1070819595,12.640470578,9.52630465739,11.015027299,8.16354449103,12.6017519366,10.2257960361,12.6984429096,7.25841158781
23.1555643297,30.686783667,24.6611227459,18.1677632674,19.3723151486,13.6632424208,21.0815194262,14.9187548586,20.0607482308,11.9819037277
20.3237654692,25.3221848286,20.8446412113,17.3781476647,16.1540945162,11.4800878125,21.805402118,13.7298146515,16.4891932485,12.7237324103
17.1330793315,19.9448763987,18.0848649341,15.5143495906,13.1462842217,9.80072909691,19.6494293887,12.3126192496,13.7171566488,12.6852565703
20.356894037,24.2981537336,22.4765981152,17.4392260237,15.8718010828,12.2949815074,20.9634089635,14.047796994,16.3027234191,14.4396639609
20.6989632231,25.1572856084,23.5065107489,17.8525722559,16.2352426045,12.7355945535,21.7783806714,14.4231053061,17.0771659989,15.4018458686
27.5498455999,36.6275425761,33.9635008255,23.7505359461,22.7971079127,18.7474033234,26.8530176459,17.9729861131,23.3657231507,20.2130990609
44.277132206,59.3880071589,55.3000205298,37.8324046509,35.7053584936,30.4403534312,38.2009575581,25.1860431263,34.7541419636,29.2939666911
35.653856415,48.2502141196,43.1545041468,33.3084632675,28.0989508648,26.9672830973,39.3431517582,22.3434202162,29.4086569581,30.0991667595
30.0291252296,36.9904376666,35.6676171192,30.9151674061,23.3697818208,23.4059165676,34.8768446949,20.721097861,25.7294865546,29.2122988191
26.5716087711,30.6425079323,31.9868552426,28.8020392476,21.5695809601,22.4125123547,31.91567399,20.9614287534,24.324404846,28.6086761611
28.0504803402,30.804314908,33.085094874,28.4340186745,23.3924562259,23.7990734428,30.6127555775,23.1277062038,25.4405337534,28.7019065497
22.9674205698,24.6896835869,28.027012482,24.881532893,20.983232591,22.4411848277,27.8552234135,22.3646003115,23.1021311988,27.5322096049
19.2211537375,19.660500465,23.9478247031,21.3251813101,19.1038063323,20.985759976,24.0251034217,21.3918194109,21.0027522365,25.5961764571
17.4665587706,17.1507384821,21.3166354554,18.936752672,18.3227450513,19.7128817095,21.2593842618,20.7945411642,19.9720449403,23.4512324924
18.1289659184,17.2713152677,20.2718841487,18.8306435044,19.2141944745,19.3567768585,20.7331728315,21.534116443,19.6354246973,21.7513653821
17.8234313505,16.8945647583,19.3740838279,17.8659937501,19.2009856846,18.4087526687,19.7359332567,21.3837943507,19.0068005346,20.3530851968
16.4078432002,16.0863661562,18.4101486664,16.0166569593,18.2019187572,16.661662259,18.2612459247,20.1450109206,18.3071294288,18.9417838481
13.2767632109,13.7854976094,16.0550292292,13.3451554276,16.1315986036,14.9782701721,16.2387325941,18.4917932838,16.2486123897,17.6529690708
10.6643190988,12.2890020635,13.9101283197,11.7675260822,14.6243831573,13.8192147096,15.2029134187,16.9825669551,14.7350773083,16.3122406066
8.8993839885,11.3656311116,12.2506042059,10.9975674467,13.6473853741,13.03653267,14.9561407467,15.9237071041,13.7518263601,15.1605864393
7.54483104498,10.5330330755,10.6931789003,11.011564517,13.0517397625,12.9896431643,15.2369373168,15.4072053894,12.8228016607,14.4219236705
7.51403421659,10.6052048206,10.2922361315,11.3911453991,13.0425211854,12.7772324697,15.8592501034,15.1203929335,12.9914583263,13.7437090137
8.48258581798,10.6305004224,10.3239137919,11.241439223,13.0643197193,12.5527811408,15.6117514094,15.1893878187,12.9620951094,13.2521269434
10.432134538,11.5580519939,11.1444138873,11.6968837389,13.6884192942,12.1912624204,15.7384595511,15.5903424308,13.4075826,12.7344835498
11.5845562752,13.0275334545,12.5150491394,12.0328756204,14.2969219507,12.0083012541,16.096633118,15.8215823109,14.0332018319,12.747411752
12.9073481102,13.3906676049,12.9760411099,11.9681083793,14.3680192231,11.4069467803,15.8664988042,15.9579246659,13.5579917252,12.3073183928
14.1393253819,16.0971844553,15.1999903829,12.9007937431,15.3803102238,11.8316880683,16.837532998,16.1795344817,14.5778010014,12.7834521183
13.235829181,14.7579703996,14.1167224834,12.0964157235,14.0980060587,11.2755397332,16.0458117898,15.2691754846,12.9976004669,12.530161155
10.1450853495,12.8461041387,12.6549339748,10.4888317767,12.1042620448,9.82057613772,15.0337063117,13.1763583677,12.1311646319,11.9189464641
9.29770694153,11.5199630591,11.5366433281,9.21405585139,10.9137114224,8.95595428918,14.04587758,12.4076645219,11.0575250201,11.121591956
10.4719172001,13.5692242253,12.8759605678,9.65447960862,11.6454111458,9.50237840001,14.4799262708,12.6199762347,11.9164189983,11.1487693962
18.2428714338,27.0809548641,23.6933281846,16.4185754413,18.6439868586,15.4515618427,20.77091215,16.2039657353,19.3086652071,15.3994238498
18.2090998865,26.0850344952,22.64276644,16.7439437063,17.638511661,15.2714238504,21.887516118,15.583108723,18.558342888,16.8038505325
12.7223583769,19.4907861135,17.5636829663,15.0503718846,13.800811092,12.6754798124,20.6624295837,13.2229515534,15.9132287273,16.4757585883
10.8145353545,16.2577187964,15.7088090568,13.7909406286,12.4396171801,12.5725431409,19.2199605967,12.9204847646,14.6607897739,16.552839308
11.1899833829,19.3352721341,18.2218857854,15.4580175944,14.3129225084,15.4274048078,20.8194734789,13.9866705354,17.319901849,18.4584784809
6.56933427389,16.8710726554,15.648976467,14.9954649087,13.0391164984,16.1283169493,21.7182184409,12.9520447215,17.4498139972,19.7567964327
4.13611724702,12.0315864042,11.8345852176,13.461913163,11.427682201,15.7241058706,20.4665310229,12.6479505161,16.1726699675,19.5320217269
9.21359620983,17.8651375618,16.6637738105,17.2167795688,15.7571179156,20.300007607,22.6194044736,16.2848805272,20.5731681725,22.0682745875
20.8268545826,26.9568996065,23.8440559638,24.0275511586,22.7852519254,24.8296426588,27.0908009944,21.9890704835,25.8536062094,24.3201869049
25.647229252,26.6632480754,23.9276499261,26.9591457627,24.7671298688,24.488976203,29.1081498997,24.6503045117,26.0329084208,24.3641145092
21.8781998343,21.8202569715,22.1786045943,24.8374316521,22.7129314444,22.2545047229,26.9055122008,23.6437854721,24.642932041,24.5193900726
20.3646070578,21.7413169289,23.0657789111,24.2287918385,23.2875583308,23.2575577858,26.4097371015,24.2205128144,24.5573914551,25.5889381774
24.9301748522,28.3121887785,28.5767650767,27.065536379,27.1440468977,26.2324990506,28.7640716765,26.4103300072,28.017161415,27.4366821652
21.7996395582,24.8045021641,25.1576923733,26.0926991355,25.036603647,25.1804563214,29.2579204835,25.6020055868,26.4923856993,27.5463161247
25.2055644251,30.5471449445,30.6221968928,29.4387250428,28.785709242,29.2170855196,31.548444996,28.2163126535,29.8096228097,30.6582540242
27.3158505571,32.023440415,31.6390630282,30.4261411142,29.8969842528,30.4773381251,33.0415624585,29.2114343138,30.9989900712,31.9187918582
37.3470732157,42.618281115,40.7028840498,38.1254193828,36.9480972149,36.034991203,38.1454863839,34.1849750434,36.3373959097,35.6532886573
43.1844461426,44.1679342759,41.244317465,40.8229469843,38.591630105,35.5343101972,41.1614784208,36.0567806799,36.9744783722,35.4108484294
42.6898376133,41.1572941519,40.8919833887,40.8440238681,37.1012342686,33.0261975535,39.939418882,35.8806083558,36.2174007736,35.3050167937
39.9663863663,38.4893601118,40.0635563783,40.1320513941,35.6897445196,32.0091929485,39.3844964592,36.0540133032,34.9284523813,35.4745302464
34.6020436534,33.8901143806,37.4669347216,36.7871660847,33.184791094,31.1972384118,37.4523984594,35.431803278,32.6289602281,35.475331488
31.7891059037,30.9392158926,35.6037672188,33.4820967573,31.6168858632,30.0414497516,34.7791016783,34.3189729371,31.2377511778,34.2157120061
29.468330446,29.9077654914,34.5959894581,31.4098046604,30.8192255928,29.9570678917,32.9979106949,33.7354560365,30.6189814708,33.8310893401
24.9005472091,26.4540866655,30.8377893175,28.6222017429,28.6461196753,29.289321602,31.298576763,32.2853472716,28.8037467756,33.0998506625
25.3335053829,28.8047736133,31.9406300069,29.2590965718,30.0238354992,31.0357696435,31.6273611821,32.6471497629,30.2594510671,33.5931548781
23.1042762715,25.5646531851,28.4145086316,27.2051524595,28.2029673505,29.7980962289,30.325523596,31.2096096041,28.9700419017,32.5206739987
20.9791930376,22.6362720962,25.5120116471,26.118782504,27.1009488765,29.1940796203,28.9391602433,30.6364249893,27.7202947911,31.7482038259
24.1476038992,22.7619108547,25.680458362,25.7872413851,27.8467733478,27.7666422987,27.3422135039,30.6383485028,27.9566047119,29.6677320146
23.1725345904,21.8708843877,24.5772003589,25.5858917797,27.3759448746,27.002587421,26.8626078729,30.7965657578,26.9819118387,28.9900028539
22.0913546816,21.3290687479,24.0484058442,24.7024978492,26.7894697025,25.8760343366,26.2222358015,30.0138842592,26.4608477726,27.9767323657
19.8724807186,19.7718844958,22.5301220465,23.1601866813,25.4727370908,24.7720991569,25.3250735275,28.995700184,24.9762614978,27.0151290726
18.3391412107,18.6367076794,21.2500361847,21.9339480966,24.5004452091,23.9125551557,24.5435787959,28.0494178215,23.8621575018,26.0123001947
17.3498852146,17.7715536535,20.2589331297,20.799933051,23.6516204657,23.0219480939,23.6721561483,27.1186778337,23.0252900879,25.0178471104
15.9645945609,16.6866075401,19.0176306355,19.6556740359,22.6103115842,22.1097540735,22.8300676888,26.1179758615,22.0492384313,24.0936903305
14.3939330081,15.5412225533,17.6331462484,18.6150989926,21.5384816624,21.2818938389,22.1357679448,25.0722896293,21.0085616288,23.1539155966
13.0440957754,14.7980427038,16.419085386,18.3035725542,20.8702895625,20.9775334131,22.1595546772,24.3881255865,20.2915607049,22.4866215646
13.5447313705,16.3669403596,17.4544983459,18.6452516412,21.4003116928,21.5399444424,22.5776853349,24.2343482363,21.2303503572,22.6480255933
14.9262706296,17.6199314826,18.1491602445,19.123901888,21.9637108108,22.0192159362,22.9291015485,24.4012930284,21.5651982148,22.7061216798
17.9054205094,18.8914344204,19.3503424529,19.1574760722,22.4662600923,21.3049451653,22.1367134282,24.2426971009,21.8892947643,21.9876166395
17.7618841373,18.5454741608,19.073381276,18.9044271145,21.6958414088,19.9801524295,21.5985583755,23.4102065539,21.3173901937,21.3816697734
14.5315748903,16.3150428827,17.1232368097,17.938777431,19.9076134122,18.7619359941,21.2628459039,22.1060462545,19.7636047314,20.9280855426
14.387814956,15.6515922884,16.7223428238,17.2078372485,19.2569128289,17.7283483595,20.8181864252,21.4810802816,19.1184156554,19.9184913298
18.4400648223,23.8641420377,23.2691834626,21.0559854172,23.2270286083,21.6752132312,24.3645743399,23.7935416932,23.1310141595,22.5638749749
14.9619315504,20.1889227136,19.7359289781,19.6892659782,20.6645361339,20.4804817428,24.6766100717,22.0936120997,21.3551482112,22.6181008676
14.2988069835,20.4565864422,20.0479384165,20.5892737405,20.8839965177,21.6365195718,25.4686666035,22.161412728,22.0112775302,23.7439179194
14.1372180382,19.2752618961,19.3672453604,20.0982727424,20.436346651,21.8029500806,25.1235298746,21.939231421,22.0876808125,24.0577039893
13.7335245603,16.7129782503,17.523673073,19.179527186,19.4707704326,21.0218727317,23.820677296,21.599068544,21.1072183875,23.3455587667
14.9287626314,15.3942345288,16.8175853124,18.7972154507,19.4039542189,20.0539492234,22.5333502665,21.8526491254,20.701223008,22.1394888689
13.2162888458,13.7959386274,15.771934203,17.7617816412,18.5995031999,19.0211986642,21.507461247,21.3931801831,20.1692334765,21.4854134983
13.918913932,16.8488729563,17.9535338211,19.0621024134,20.3090473489,20.7755218145,22.8640343065,22.5621493254,21.6817101025,22.451212184
12.7878420467,15.3674316576,16.5033118601,18.2502684041,19.5621273698,20.2669809508,22.7207963009,22.1140062942,20.9129063657,22.1167573232
10.8940400795,13.3406797336,14.7179672355,17.5191609156,18.6852749619,19.9177690411,22.1777871334,21.6822487481,19.9093544688,21.840123846
9.03259746101,11.3986449744,13.108438602,16.3135298108,17.7470318063,19.5135682246,21.1556259803,20.9774197017,19.1154562009,21.376180527
9.96287542136,11.8281948088,13.1502580578,16.7704014736,18.4103555629,20.0224965575,21.2138462275,21.5444334499,19.4049353744,21.0396330493
8.85255967742,10.1484686093,11.9562149979,15.1754921844,17.3345068484,18.8197866579,19.7065471703,20.5358499193,18.850004512,20.20365502
9.9239245008,10.5505783523,11.912312226,15.7430876716,17.9425674334,18.8452309405,19.8131589438,21.1981874351,18.734720772,19.5942377052
9.57461207312,10.6700737856,11.7936885281,15.9713597511,18.040984728,18.7325821467,20.1340552141,21.2571065429,18.7139883766,19.3473287215
10.04990831,11.2745426996,12.1660588657,16.5269768262,18.5220705779,18.86617895,20.8048334799,21.6187214622,18.9648819748,19.2434762601
9.01641897128,10.9561053464,11.7635435771,16.7095342942,18.4018381533,19.1777947427,21.4119532403,21.6900246233,18.7203965877,19.5214492629
9.13687704512,10.7980311067,11.8216939496,16.5297305786,18.4087971087,19.1138816762,21.4079793361,21.577680675,18.9063934194,19.4710000409
7.72953478331,10.032063265,11.1195677209,16.3756279158,17.9877956547,19.3197489226,21.6135971732,21.3988669805,18.7144731329,19.8222549663
10.3735615659,15.8461242631,15.6833652735,19.0958311156,21.0976100686,23.1920460937,23.9599004887,23.3019466053,22.2380010334,22.6244188463
11.3256815006,14.1804908165,14.365650547,18.5584465856,20.4309617306,22.295170142,23.619107518,22.8173666664,21.9969736227,22.3501029601
12.018157219,13.9504195197,14.4821426423,19.1821939183,20.7153745991,22.358715697,23.4500657178,23.2916722975,22.2998996583,22.7860507996
16.9554983864,19.0256526922,18.9906711974,21.5419316321,24.1229930682,24.9095382881,24.4975108834,25.6736842903,24.7060837156,24.4255563008
28.6690250895,32.7401799511,30.2008422147,29.7068306631,31.8411766739,30.0523436657,30.4060975654,30.1888899911,31.5816905257,27.9633490591
28.0302660565,31.9917156176,29.1365996741,31.5985350594,31.0615675318,30.3419228087,33.936746543,30.5394753011,31.3078684095,29.9810963525
28.0326847044,29.8080314335,28.6535944902,32.0459231671,30.7158031615,29.9564014589,34.2397818217,30.870993154,30.6202558658,30.7511079941
27.8086700101,29.2312367055,29.8093739008,31.7773126836,30.7663089853,30.3670846202,33.6032281232,31.1272630718,30.98932343,31.9934420683
29.6642699146,31.895138156,32.8369909414,32.7909918281,32.2655488166,31.8431771912,34.1399064163,32.029100701,32.8282403683,33.5100426641
38.8183523087,41.873557213,41.1174753422,38.9676871577,38.2919686265,36.2841233943,38.5377996648,36.1025854407,37.4188291189,36.2842809094
39.6654041249,41.6675000442,40.4928891437,40.1140181037,37.8581500353,36.168959281,40.8502579566,36.6655880421,37.555320034,37.2084104236
44.6346482316,44.8555718655,43.2453638591,44.8974974128,41.0905125894,38.5018045479,44.2968384739,40.0827620813,38.7410918498,38.6382037475
48.8278262435,46.9754820951,46.4101407792,46.5042117222,43.2808518907,39.0336853597,45.4396986684,41.9352528884,39.9095787668,39.2606236005
48.3968207663,46.3049246236,47.1670711962,46.4441143558,43.0999164863,38.7317065496,45.2342210576,42.3263789146,39.5265332932,39.8858080994
49.7215104392,49.8024196721,51.2404814473,48.4451911778,46.0423545892,42.3371391172,46.777970196,44.6842270891,40.520981363,42.6922778517
46.0518354165,47.7960630199,48.707825411,46.6762780488,43.9730530289,41.9980305207,47.3136104052,42.7780845559,40.320712038,42.9364766131
43.7707298441,43.7988927833,45.9330971616,44.3894846767,41.5444836203,39.6087625214,44.7737776102,40.6888490677,39.3544850665,41.6650676212
40.2753663286,39.3662081356,42.5655583987,42.4697713372,39.2788677535,38.6033254861,42.7264432404,40.0343865538,37.5784561854,41.2213067764
34.7005780958,35.0513903268,38.9070042877,40.0768622546,36.1569918359,37.3203793765,41.0740920466,37.9998389611,37.1756300692,40.8407575647
30.7353622004,30.1830261527,35.1630312531,36.7815681918,34.214510061,36.8523705656,38.5971237256,37.5195857404,35.5191149932,40.2706352501
34.4422588335,32.2364962217,36.5166160315,37.5340279028,36.8917289257,38.2260894028,38.037727088,39.5996936188,36.5837755941,39.5569921481
60.6420679517,60.1748788975,60.4531111458,54.3270457986,55.7357967972,50.8534476052,47.6791522024,51.4329590496,47.46639052,45.4190185857
61.4880567568,62.2343072824,58.4715814783,54.7726021742,55.4935652269,51.9424112691,54.3116282254,51.9409328915,47.495838127,47.1598801194
67.5896165447,67.5162723957,62.4999619959,61.0661414364,58.0858569739,50.6862536533,57.3053867434,51.6051821978,51.1481328639,47.5567863177
65.7272695955,63.2514987076,60.3508654067,60.993461319,56.1101330086,50.2811187993,58.5869680496,52.4928375708,48.5054366742,48.9381006519
57.8121747297,57.4125565381,57.3875588939,58.4255972178,51.1080790573,48.067997092,56.7145416189,49.1515604124,48.5171602426,49.8389397767
51.1010946118,53.4130294415,56.7573507557,55.5665901052,49.0335062181,50.5205566881,54.4927025405,48.669882167,48.3673660848,53.3730922064
47.9673449979,54.1148098966,57.7355495761,53.8227737457,48.8792487518,54.2169851561,53.9670207082,48.1069275177,51.3393680333,56.6339905673
38.6907940072,43.3482907515,47.6409309383,46.4607114548,43.0341715155,52.0403503761,49.9810196945,44.5475969547,49.1536358798,55.9598385041
36.7918589927,39.70937715,44.494813282,45.887516115,43.3063560514,54.1758008528,47.1629032372,45.8936684459,49.4841301048,57.0547718901
37.8389564363,38.4628414158,43.1611623279,44.6156881284,44.4918764946,54.7811110019,44.8735072345,46.6627229959,51.0203186733,56.4181801729
43.1787068149,41.569726699,45.3925082848,46.7212890392,48.1462521828,55.9360202486,44.1447660907,49.2017222391,53.3159898311,56.1737089604
48.3860448077,44.6612480489,46.8342404086,49.327040451,50.7870978167,55.556253374,45.1058894287,51.0832704148,54.9914088752,55.1231580853
50.5311588094,44.2669926159,45.8763977825,50.9200933048,51.6693283031,54.4855255441,46.0752623088,53.0809756187,53.8839880889,53.8896921287
51.5757239918,43.8500433624,45.749874221,51.9839828543,52.7448103238,53.7888107115,46.7611751105,55.0596409914,52.3980475372,52.7549271645
52.4387040969,45.0310909363,47.1309150932,52.7394607019,53.271515524,52.2733537918,47.3208070771,54.921275071,52.6805776561,51.4419467993
54.3295699834,47.624585644,49.5325233609,54.2765533282,54.1837995549,51.9179563162,48.7709019294,55.4306714591,52.9375149056,51.0833254936
55.7737528256,48.7282091604,50.6079591308,54.8213174429,55.5166062239,52.966156672,50.316979847,57.6850093901,51.0869539455,51.2038277917
53.9662349027,48.8637938486,50.8227335331,54.2500904505,53.9036865931,51.336089137,50.5172547253,55.4786196684,51.5302145018,50.5708919587
51.282659693,47.2152463113,50.0606595442,52.9116887944,52.1864501136,50.7999175294,49.9066168268,54.4086350824,50.2228636451,50.7845178677
49.4135528866,46.9863015722,49.9671577112,52.1090171994,51.1767134609,51.1219385495,49.7581577685,53.480562745,50.2442263192,51.3337912459
55.1405205126,55.9089679834,58.4633609641,56.1429141338,55.789277324,56.106092533,52.0219217469,55.8333063263,54.2852890476,54.9322596801
56.1828423034,58.94350458,60.1649642004,55.6957714579,56.121838112,57.7441556737,53.6142263529,55.1962485015,55.8709916179,56.7026384297
54.9324332168,55.0081519037,55.3692767973,54.3925785967,54.0124856203,55.7532156705,53.1018257442,53.9501410131,53.9690592159,55.3291418819
59.3456054055,56.5727951354,56.1238794181,58.1348437392,55.9911898914,55.9505285482,54.3530911327,55.6979795506,54.5921586768,54.755379786
66.3406238523,63.6593440096,63.4749978156,62.6169426475,60.3774245355,58.3802716606,56.5286871977,58.4182265556,57.8169303917,56.5816146516
74.188126,72.0180740755,69.7307155504,67.4751609715,65.0033669637,61.2128234912,61.1376145353,61.2357640213,60.5143447293,58.0673148615
88.3783791169,84.6836948085,78.0071897581,77.0545746551,73.2688853345,66.1127918891,69.2505230014,66.9673969767,63.9733937906,59.8387490951
104.548204273,100.806890414,92.6016080822,87.8392332027,82.53265673,72.2615410261,76.8438701061,72.4875547565,70.1835113728,64.4223029964
110.636601345,109.731832203,98.182754143,91.7068513788,84.7714017039,75.0465704803,83.7005043471,73.3516927967,74.0078443079,67.3217491234
104.499598624,104.28348845,95.0094316663,89.0322495316,79.6674419652,73.0100819452,83.5194405951,71.2127376623,72.9781427689,68.7829817524
94.6412720894,93.7548045416,89.3061762612,83.3989611015,74.4108342732,69.5731396002,78.7305211247,68.8445479208,68.7148460298,68.0028053138
81.6806776167,83.0567440394,82.0351095783,77.3695818847,66.8501063185,65.2076168183,73.2062914716,63.6525628557,66.3584467241,66.8908049479
70.2367587089,71.4484337258,73.6923731341,70.2997109315,60.3686434536,61.8553918179,67.2953719253,59.8805503321,62.5964877976,65.299712765
63.9345454945,62.0635404629,66.9603011026,63.542755473,57.0631609607,58.8032682533,60.8325993566,58.2856281948,58.2958900908,62.0232481973
59.5070756204,56.4595533428,61.7983756471,59.9386063684,54.6774372793,56.5804443384,56.6072510852,57.0247672536,56.0790081764,59.3630627742
54.9376074642,50.5818047006,56.6669395807,55.5163886774,52.5757848186,54.5898272166,52.5441331355,56.2421274125,52.8387522343,56.7857013906
51.0494390817,46.9383366119,52.685749398,52.6684921539,50.7830739571,52.556172233,49.6934494494,54.5644645484,51.2192711132,54.2849206876
48.0810201965,44.1594657018,49.4394288892,50.5217495207,49.4402731701,51.2815363331,47.8523849962,53.4585359734,49.7708417244,52.5095432297
50.6276237469,47.422360778,51.8181686755,51.1721090282,51.6231701239,51.7666443664,47.429051728,53.890870607,50.7749848756,51.8367563221
51.8572348446,49.4434367814,52.4096068762,51.5026136082,52.4671129923,52.2190141575,48.2317795272,54.2285494223,50.645417088,51.6715199588
56.8599815802,57.1035447281,58.6929848255,55.7137584107,56.4204361504,55.5868382272,51.0448952957,56.1218987097,53.5007664037,53.9927574633
59.9266672214,60.6784985152,60.8638299039,56.5813664036,58.3525148465,56.9702222497,53.2559187205,56.7568651374,53.8375817512,54.7711860935
71.8442847906,72.2690549898,68.6403378101,65.1406042268,64.834519986,59.8462746537,59.0987049211,59.5258506564,58.047874502,55.7730165744
73.6921176632,72.8225263902,68.5313000803,67.0675719289,64.6162005746,60.9726833963,63.1015289981,60.9934871125,57.5527218738,57.4255165816
89.0200744421,88.9429994758,84.4084808405,78.6348228406,74.4309051504,67.4120788079,68.6799307609,65.7979640396,64.8543128355,62.0193946483
87.247420402,88.5447892493,81.2656735924,76.2178014494,71.4882667142,67.1787105633,73.2475206273,64.5807567472,64.6573345705,62.6336525091
81.5832303169,80.1377604618,76.6521623284,73.7379323015,67.3622403501,63.4732993215,69.9084597621,62.7761875134,62.0510865995,62.0140860465
75.0510164593,72.4556254467,72.1434963211,69.8848163248,63.6789170407,60.3667846665,65.9440558765,60.8656218755,59.010620797,60.4860518471
70.8013626806,67.9659727022,69.3717414088,67.1167558859,61.2525281736,57.8251642381,62.6480885641,59.0526457728,57.3170015327,58.666338618
65.373422934,61.8783966386,64.8226795487,62.9847631655,58.1028218304,55.6800007336,59.4013895484,57.7556511337,54.0621819258,56.8935251639
59.7269024473,57.1950792913,61.266651785,59.4709227231,55.3558850921,54.2344646568,56.2688617777,55.9975740644,52.1207188741,55.7259748798
54.8350926157,52.419501153,56.5485652586,55.7977999502,52.7275036567,52.7621023314,53.8938977924,54.1584933492,50.0316623962,53.9112525541
51.5290930565,47.4226820974,52.0627319937,52.4763518445,51.3088650755,51.7283937648,51.0621482357,53.65120353,47.1160778539,51.9547962412
48.8134983481,43.0747121897,48.3925692344,48.757531211,50.1759101489,49.617889547,47.1441288579,52.305043282,44.3008531105,49.1278962147
47.3064275784,41.2330694813,46.0237189046,46.7720257222,49.196896942,46.9344280408,44.3321580752,50.1424815355,42.7521310828,46.0980539368
44.7304414801,39.9795309304,43.9009858219,45.6496086026,47.1444617395,44.6250082935,43.1444783442,47.6399136174,41.8089386193,44.2110627208
41.4591813091,37.3698444751,41.1282671099,43.6860361835,44.9415747265,43.2337575089,42.0475969575,46.0550899544,39.6786524433,42.9954507176
38.8159722177,34.6686710914,38.6177127924,41.1873469061,43.0276846217,41.6049757192,40.1256786919,44.3017231497,37.6597484328,41.3314050233
37.1525419661,34.5154981682,37.7801370349,40.6441318347,41.4334027314,40.1904247949,39.6216440263,42.1140983242,38.1251620186,40.2728661809
42.6055845892,41.3255072017,43.4947446248,43.5601739796,45.0665630397,42.6895240454,41.4474894475,44.0393936725,40.7762843316,41.6371358682
39.9333774325,40.282644193,41.5661736107,42.849772194,42.6922451254,42.3369998924,42.7473462709,42.7007497693,40.6568446694,42.4153543365
38.4791413002,38.1682722846,39.8234931698,42.4653064551,41.9254183345,42.6969258528,42.7431474497,42.8088734519,39.7705411442,42.8935304243
33.7532382698,33.8715673166,37.080215811,39.3351963945,39.0368121726,41.3069982125,40.1994064958,40.4870706139,39.1289177116,42.9241982307
40.188321225,42.9386947758,45.1717922718,44.0191859221,44.4769381037,46.4176864199,42.4557119122,43.5623173973,43.9390654082,46.1022503297
38.7852957837,40.6169749928,42.526864622,41.4189167973,43.3013134296,46.5737584362,42.0855644857,43.1955035775,42.5681742527,46.5403145209
39.5336407161,39.2736000972,40.7382403777,41.7445544997,42.577485962,44.1724035439,40.9063154547,41.9473614622,42.9824267918,44.8508709382
39.2834875706,33.6296748103,36.2088914591,40.2810830943,42.7172130619,44.0018176368,39.1171310288,44.6288974534,37.0857370772,43.1200219842
36.4820722134,30.2715430107,33.3691799923,38.6369826521,41.9927271226,42.1628954325,36.7281430479,43.131023384,34.7517715011,40.4690657402
33.9500338838,28.309692673,31.2069977619,37.3087704895,40.8962963605,40.2525873745,35.2984230617,40.717957064,33.2759914786,38.0106469502
30.906004382,25.816391034,28.8965514701,34.9207472949,38.5370442579,37.7540437711,33.1601935189,37.6524114483,31.6101368176,35.8294909053
30.3876885874,26.5158532069,28.8581019909,34.7277631961,36.7075901326,34.9752015217,32.840956608,35.0783807225,32.9126153496,34.0004197444
29.515157868,24.9651882993,27.7559252897,33.0282349526,34.9673502857,33.4398510113,31.8177561028,34.6553878553,31.1323819914,33.094618247
29.459568037,24.3245138268,27.034916703,32.113317523,34.3551467745,32.5574933837,31.0595541877,34.7648161724,29.5027236416,31.8861268443
27.9048245001,22.8803929167,25.6290525148,30.5814767124,33.2692304725,31.6921192937,29.7868502711,33.9947414553,27.4015902162,30.6440755122
26.8378126585,22.6162674011,25.1118543103,29.2870155262,31.8496535302,29.6917164181,28.4349796143,31.8101822839,26.9765693558,28.852221723
26.7112332233,24.9607232773,26.6280329523,29.7115092032,31.5710515951,29.2043197947,29.131593559,30.7909075444,28.1039183923,28.7530612631
22.0821626494,21.4317130694,23.5024235079,27.0410666337,28.2901319292,27.8075865544,28.1646700841,28.8023861831,25.7630396076,28.3948134558
19.7041933265,18.7110133711,21.0076849284,25.2029732713,26.4814846655,27.0282071629,26.6976922835,27.6249275019,23.8671734821,27.3566333176
21.1820739186,18.7613658949,21.0109830217,24.4244041745,26.0946875627,25.5306621089,25.2747650469,26.9166996256,24.1246952087,25.6508185407
20.2916142249,18.2369520517,20.5608385818,23.3334445506,24.8749572695,23.9246380974,24.2793915837,25.9867537034,23.8757577411,24.7247629884
18.0048120291,17.0560873446,19.1441503149,22.4632985595,23.7779932138,23.4380916757,24.122358335,25.6235954502,22.568984888,24.3103168028
17.244408191,15.6191784345,17.8310195338,20.8363085719,22.9396768783,22.867235353,22.5714611797,25.1157480961,20.8979891088,23.2203809744
17.8702327685,16.1710746294,18.0114029506,20.2830072615,22.6175844709,21.5761343491,21.6528494063,24.113269344,21.1383661534,21.8443623406
18.0397175041,16.164431637,17.7983344619,19.48245166,22.0442453928,20.4199898256,20.827530796,23.5961573265,20.3689689708,20.8226581864
17.9275215298,15.9861936769,17.2403000255,18.9640656414,21.5845187948,19.7630041048,20.2065909143,23.2507020049,19.0271967995,19.879293337
16.5182317506,14.8165840638,16.1183086373,17.2223211539,19.9754231176,18.4228773741,18.3515380487,21.4548548967,17.5000686243,18.6277857692
16.3739251009,14.442020145,15.3594051501,16.1076499691,18.8446931333,17.1686197325,16.795408044,19.9477847174,16.3241794746,17.1112158157
15.2888409522,14.4329068774,14.7995122037,15.4584347734,17.6942601845,15.8384529597,16.3232208826,18.3240687189,15.8059887917,15.9209383699
14.6867989939,14.2376549179,14.3700962318,14.5058988566,16.5496291991,14.498390917,15.8038814331,17.1291726276,15.1344251009,14.8600832618
14.2616137977,15.1140223261,14.5828991748,14.3598376841,16.2242282724,14.7816428398,15.8936705085,16.4084322285,14.7073780573,14.783721234
10.5425989593,13.4753601888,12.7939912691,13.3392752189,14.0713259211,13.1871739183,16.100793705,14.1508955024,14.2721291037,14.1544237625
6.88664238152,10.2859209894,10.058580329,11.4883794173,11.6351976833,12.2574578839,15.2417974458,12.5323045142,12.4873803661,13.6473306363
6.13815242829,8.74025492716,8.7341766076,10.3514421783,10.5766316492,11.5710237924,14.354268288,12.004774425,11.9773061731,12.7900939797
4.36333005863,7.22315993108,7.23404511913,9.4790574386,9.64194291814,11.0745859754,13.8372142654,11.4125279827,11.4218534022,12.1512603061
5.21273281044,6.64900276601,6.67432959614,8.82428449292,9.46771585479,10.76932199,12.8037587225,11.5864094823,11.1408024507,11.2988860002
6.7239871627,7.23343292841,6.87591743121,8.53659658382,9.67554809713,10.9546235667,11.4739971469,11.6350359957,11.1668897386,10.7531766551
12.4326270352,14.643856371,12.5478882799,11.7015752537,13.8825741446,12.4331336884,14.304952534,13.7628883935,15.4849147365,11.6210496136
9.90472415219,11.0568245197,9.6048170366,10.4318033903,11.3837719472,11.3665591672,12.8960702203,12.1509857763,12.2167736958,11.3021297734
7.25428725053,8.65740802535,7.56166447271,9.19443320196,9.15662316504,10.2064054025,11.2183838915,9.82475664806,10.8393185519,10.3954249592
7.48893834155,7.86930063679,7.02096871176,7.95203061635,8.24764170559,8.97252475873,9.81122752171,9.18717431221,10.5629770929,9.27088752629
8.07536487121,7.96540350686,7.07221657016,7.27026705377,8.17577849183,8.00617304621,9.24030739545,9.23987744865,10.3737892404,8.35354732883
6.73033781221,7.89032128989,6.74952523031,6.93362065937,7.97015053487,7.25105838716,9.68146244155,8.90803439115,9.95906102538,7.80112543329
3.74316682282,6.83463033122,5.49559667911,6.45244973987,7.05053752483,6.77401243028,10.3463920582,7.99367436625,9.04666739525,7.54406857729
1.65578641609,5.31593324915,4.09775917616,5.40384242742,5.80532534875,6.30600175619,10.1006650058,7.08125720914,8.13746587136,7.17711987207
0.70716956196,4.30500811975,3.05247035845,4.94238471371,5.11777384312,6.20343845788,9.89591450112,6.72284908269,7.62780459504,6.81446804951
1.92493679197,4.06039639042,2.85134056203,4.55444127273,5.0163105894,6.06510591507,9.10399218074,6.97679388868,7.56556761462,6.25360009396
4.03049093331,4.89660198872,3.58518475374,4.59731366937,5.71901776081,5.85765042488,8.61741872358,7.6235171139,8.00518645159,5.73621751279
6.68819977547,7.07089995905,5.44019747384,5.20581422344,7.22996388245,5.63490734001,9.08102985679,8.63532712131,8.922850695,5.44593959213
7.9212194911,8.43729406718,6.53131239938,5.93877480822,8.0657606883,5.33108056968,9.8620027499,9.15185242188,8.9123926268,5.28238929653
18.7083484892,27.8907312864,22.5710838016,15.8491284868,18.5907231082,14.1785031588,19.5780605043,14.6283254462,19.2271897352,11.78435201
24.9693083185,37.6356622887,31.0195437269,22.8008127959,24.0237727126,20.0340278398,27.1413532516,17.1705611251,23.9063923943,18.2542446126
25.7132340781,39.721578277,33.4649308867,25.8316491892,24.4159675121,22.2222822478,30.6581820017,16.9594688726,25.907133783,23.0744427979
18.992873676,26.6426953214,24.1463495778,20.5769303252,16.6678895945,18.8220669356,25.4929909685,13.1105278136,19.264659036,22.6132311166
11.5262006061,15.6876737332,16.3859425831,16.1674418131,10.0475432655,16.6125571374,18.6522006214,8.76355321446,14.5661691406,20.7215590982
7.35195696973,11.5909265553,13.070954429,13.2156124787,7.7213302481,15.3581991986,14.7398594763,7.46932626846,14.8826551396,18.8827782237
4.20367075137,6.63201306516,8.49012915393,9.81639601905,4.75963646385,14.5918450133,10.11579001,5.93950418921,12.5768408013,16.7297586601
11.0547889574,13.8923783752,12.8661676084,12.9878022524,10.8192203983,18.102657959,11.6915564625,10.1524107006,16.9087287067,17.0200117279
12.7067045018,17.8169639252,15.1346743644,15.2071251349,13.9800166295,17.8659061455,14.7193372427,12.0267656041,20.7996550112,17.522195746
13.2570475258,19.6565679849,16.4731250092,17.0703090435,16.2717007376,19.7493825962,17.5557220012,13.6495851962,21.0073694074,19.6038774565
9.71045905354,15.2846736053,13.0307512172,15.3868607537,13.8118125157,17.4842391795,16.9200928184,12.3324371388,19.4827881766,19.1341273269
4.38873551428,7.74717070127,7.26956292241,12.3551417842,9.45352528747,16.1505164478,13.4818232788,9.8049526273,14.3667382169,17.7380374978
1.91155799928,3.12625726207,3.51067320028,9.51401922186,5.81584497562,14.8163924038,8.72144928755,7.33727497876,11.878511189,15.148025337
1.1145277645,0.71117050126,1.08476130558,7.17787974234,3.53625765436,13.3804026172,4.51397293604,5.78458260424,10.8593271944,12.450000069
3.57425844505,0.88840430803,0.723617701756,5.75418920619,4.03266830841,11.6174464965,2.06124524254,6.59537547492,11.3384711449,9.9129184118
23.6290759069,26.161550306,19.9943543652,18.6616628534,21.7926288695,20.8630666607,14.8747871355,17.6244671872,23.7083338472,14.9296181041
19.4905752147,21.5430650612,16.4956093011,17.2447541704,18.3414336511,17.4664880955,15.839215185,14.9042831677,19.9709658752,15.4342782133
12.3601054534,13.5293386043,11.0213372301,14.0925928884,12.0012488468,14.4291344183,12.3409268645,9.59552373122,14.1906157498,14.3439567772
13.7928162827,15.4126229657,12.7712366266,13.900563666,12.235240936,14.4312551302,11.8075281591,9.56124455426,15.4959264254,14.2021013696
17.3193212237,20.8604402746,17.0793620115,16.3920270692,15.6841398358,17.0421444553,14.633137496,11.2892653123,17.946636939,16.0711759085
29.2049765592,36.1240825872,29.8914937761,25.7387981168,25.9540975334,23.5746779226,23.5703506556,17.5180719115,25.5729550254,20.9862904108
51.7157726818,63.2510144907,56.6448258245,43.2359705778,42.7454130119,35.6243901707,38.2015246592,27.3088169917,38.3590433358,30.9195859586
50.675461001,63.6131058361,54.6151752516,44.6548456849,40.2776629076,35.2220017028,45.4648406825,27.5784764141,38.5356902357,34.9567877584
36.233793025,43.8179871526,40.9973665321,37.3678038389,29.4584755427,29.9686903201,40.317292146,23.1470174631,29.4929360536,34.9956401045
23.7346042858,27.276169688,30.1673725335,28.8734190098,20.5336236706,25.830699615,30.9541113996,18.0661417947,22.6192956841,32.2029820586
16.9412464816,18.7798991675,23.8259791653,22.7120480417,15.9215191731,24.6571130148,23.1361623018,14.8276530905,19.2577767408,29.0306371305
19.5742353873,20.6115153272,24.1584581343,21.989421681,17.664676451,23.1422763087,20.983063459,16.5425327511,23.1568339899,25.7945783273
18.6899763285,17.8282235511,21.1417695372,19.3588779905,17.0927867372,20.5386470033,18.8175945077,17.2527904492,22.1852768545,23.4904512109
17.0028917639,14.8826342006,18.0925274242,16.829267493,16.2933754718,18.5273328824,16.311503922,17.512454669,19.6588415929,21.2706903862
13.9126643341,11.8897707969,14.5835826029,14.4448775074,14.7224475104,17.222561261,13.7257754915,16.4220536866,16.4342895961,19.0218518343
12.9516848239,11.3253942857,12.8865869614,13.1909434255,14.0860663402,16.1023612371,12.0594372082,15.1955744987,15.206980123,16.6672318678
10.6452594089,9.64038126752,10.2188744135,11.7055231729,11.9754938333,15.4108710561,9.89858020414,12.5282902721,12.8480150336,14.7714100468
8.111598632,7.46518106755,7.3931554924,9.76808259907,8.83416037245,13.6053225954,7.13880287814,9.0648697792,11.3405032667,12.4439155609
8.31106326057,8.10933688306,7.00086600664,8.77492227148,8.1563927612,12.4050538068,6.05466259949,8.0269182748,11.8590719072,10.9821768859
9.28502990305,9.61073834771,7.45320902415,8.76808091255,8.70798172447,11.5025707757,6.60274229189,8.21684223727,12.568013928,10.1523510924
10.070323798,10.8581284959,8.07548743305,8.98322163381,9.27527284168,10.6239351966,7.6223122795,8.54025320138,12.8720084852,9.68383302544
18.5913839054,22.8810939449,17.6278302051,14.7310497339,16.7612807145,14.73230583,14.0740548502,12.8373977427,18.6724419539,12.7554119259
12.5592796242,15.7292982233,12.1969445288,12.3847196133,11.2578451074,12.1887788319,12.6637324433,8.93482428103,13.6770093093,12.4649299049
10.4291455354,14.0260322302,11.1375878094,11.5369471768,9.17315059466,11.9989107276,11.3333934122,6.8931678465,12.9082141165,12.5105130416
56.3208208861,60.7728790737,56.3688785134,44.7897876417,46.051940266,39.1037887226,36.2314180623,30.5565369625,33.3256665791,26.7343759532
49.0141970116,56.578413442,46.6828560672,41.4825327379,39.7741278628,35.6023457042,44.8787768242,27.4181147304,32.7138238471,29.5476248178
42.7298234169,45.1586375947,41.4253237652,39.7107816546,34.5988325727,31.5909477162,40.0856752704,23.0442503791,28.1491318014,30.8252368694
31.1101164666,33.2717066863,33.9726648413,32.2266525282,24.727545573,25.7044530901,32.075466023,16.6736285861,24.5352171227,29.083195244
22.1497217672,21.3393890959,25.2358295828,25.0135027002,16.5876814986,22.0987760256,24.0901900501,12.670071421,18.6945379609,25.8362789167
19.2933403032,18.6760548572,22.5617308546,21.6638990379,14.8833522271,21.9675533542,19.2829409988,11.6498028249,17.9084065358,23.6204657954
32.3624100662,35.3876015127,34.7661946926,29.0530552794,25.5911951051,25.906931249,25.1078795704,19.1173533082,28.4217723013,24.8076221496
28.4382106375,30.7486948098,29.978381011,27.0554779069,23.7114279114,24.4415655974,26.3869296295,19.3759623771,25.1001910825,25.2827054314
23.9599296275,27.1857978239,27.3161911768,25.2827581722,21.8410334414,23.0547644962,25.0230662674,18.0768295909,23.7322498129,25.2140114552
17.5514988845,18.3297974783,20.226062224,20.3128362129,16.5136596435,20.877693982,20.3109909623,14.9691326288,18.1247147961,23.1148808751
21.0402729388,22.069540057,22.5685509667,21.5558144617,19.6746875985,22.86118138,19.7987170075,16.3997151505,20.0565621704,22.6881062741
22.1525049191,26.5061744747,25.1060436529,23.4812345916,21.5658946871,22.7737711624,22.3301232255,17.2404518013,24.2691025928,23.1257230093
14.9863337458,17.8604605711,17.9209629493,19.5912332248,16.5474911653,20.438531839,20.2517059541,14.7903514886,19.0778005927,22.1717368197
16.4901766002,19.1261242783,18.8999921556,20.0099141298,17.7283367604,20.4464158178,20.0751957601,15.9426205383,20.7898035549,21.6136624853
15.124154264,15.1884931037,15.805195027,17.7233424,15.913614899,18.7470837711,17.9571616161,15.7293537613,18.510916598,20.1371711952
14.9988874449,13.3639116819,14.3362711434,16.4049267705,15.3508204025,17.2908961215,15.9731439293,15.7878488499,17.3900344365,18.3372490053
14.3349125448,12.7857281994,13.3214092989,15.5096831197,15.1534690814,17.775424643,14.2986336919,15.2040109804,15.6090737237,17.4915470258
33.1551248669,37.8301413497,33.5148253232,28.8372095732,30.2868982761,26.3585325898,25.5074818547,23.5724029336,28.9327588834,22.3623517506
32.4385462355,37.0949417895,32.7708608403,29.4076995436,29.9632173767,26.9466619399,29.6376601995,23.886275334,26.9317003369,25.3100655452
31.0172832508,36.9959888381,33.6620093531,30.5664089043,29.4176237944,26.9061495039,30.7045743844,22.6567826201,27.3465587847,27.3763049145
30.2917378201,36.0076437496,33.4009529773,30.7159357917,27.9963610721,26.1057803409,31.2503463107,22.1768882889,27.6058424342,28.2075197413
24.7480099289,26.3524340903,26.7213920987,26.1666678057,22.6587685531,23.6687670183,27.3050163484,20.2550326887,22.131754171,26.9237727108
14.6760321361,15.098155035,18.1967518147,20.0771452041,15.2779943797,21.9214943226,20.2943567911,14.3053396881,15.656513623,24.3207708748
10.9309519337,11.5646776089,14.4800207587,16.9218237568,12.1957351548,20.1454327503,15.624301633,11.5290023379,15.5577072567,20.9808720297
19.7090226359,20.2704924768,20.4282710859,20.3165210396,18.2831708137,20.9936443225,18.1697294453,16.3514456553,22.1066370645,20.1744515281
22.6452077049,25.7479921577,24.3199658299,23.1463772827,22.3371538549,23.037987434,22.2842816492,19.4581988287,24.7037970181,22.4060802411
20.4162646286,22.196005808,21.1654406203,22.0513038286,21.0843979286,22.1909580652,22.4095639718,19.2701373235,21.7500239106,22.4003901985
18.2631777786,18.0874524037,18.1048424897,20.205001659,18.8567316439,20.0742575309,20.1417238346,17.8990352834,19.445286467,20.8566364624
17.4975661213,15.7853660113,16.6575915195,18.1735166603,17.3180567495,17.8570222068,17.5979275943,16.9994772384,18.3572211912,19.0114064321
12.3681616897,9.84410027929,11.5941999379,14.3435969328,12.4438465835,17.1338633391,12.4835161821,12.8480685011,12.742706521,17.0822441914
7.43980733442,5.87246584184,7.2922835272,10.8981355792,6.64557203303,15.2059612356,6.66260694671,6.40082712813,10.352582244,13.811789019
6.78424076879,4.42132869752,4.96014629735,8.44014233838,3.86511627355,12.8428536535,2.81340114998,4.50219667852,10.3242535676,10.7982067218
5.29182383881,3.78923856403,3.15335455577,6.98284518509,2.79406401143,11.2412902205,1.48193037629,3.53136309273,10.1373415829,8.76540747257
10.6425677726,10.162146546,7.42431686319,8.87509421235,8.29364446065,10.9781322341,5.41189908053,7.94629170891,14.4235667258,8.43257143679
18.160751071,20.3696972014,14.7312719677,15.2511976715,16.4966194131,15.8302576776,12.9707476975,12.6478280807,17.5932500183,11.8104388211
22.7343737005,25.5680226678,19.1507949076,19.020303372,19.8896959152,17.4008214682,17.1675185277,13.8146146351,19.3041283042,14.4011456542
47.8032474209,53.456123934,45.6826428573,38.5538079324,40.8954470072,31.5623993223,33.4211415132,25.7952645331,31.334206169,24.4761775394
37.7325915398,44.4258207716,36.9570119125,33.9611993358,30.9589752024,26.3168618635,35.6346852211,20.6402922099,27.6091458571,25.7751589358
39.419029237,42.3154728751,38.8106138504,36.8860588508,33.0646072641,29.3383551953,36.0312198731,21.6998214781,25.5279843066,29.0409519707
33.3762582137,37.8155936882,35.728342409,33.1493056035,26.8359149609,25.2185809418,33.06939814,18.34877078,26.3499404333,28.1948628075
24.2911530765,25.697384589,27.4443310162,26.7708237759,19.1848373757,21.6201897248,27.212330335,15.2686002386,20.9019359204,26.3733461281
14.0048984515,14.2795281578,18.8609660354,19.2157000845,11.3037419626,19.3257707903,19.0560540446,10.1462197573,15.2222819241,23.3885895243
10.0715289369,9.12612115128,13.908709908,14.3769462803,7.62794896199,16.9138929858,12.7964220395,8.3575078414,14.1607962516,19.2680999186
17.4481006811,18.9697395587,20.376205286,17.4287930215,14.9208504071,19.0695232378,15.7723605015,13.6644927948,21.132714922,19.0538620184
27.3305922482,32.7455898805,30.5502477593,24.5915792607,24.4015706004,24.3547624675,23.3994796112,19.8568756392,27.5485459392,22.8320938354
20.8724041272,24.7162960377,23.0414513392,22.1528169359,20.3876275095,21.9662625563,23.5442974745,18.0920058906,22.2450974317,22.761521395
16.7842106877,18.9623348758,18.7420261252,20.1523482854,17.4334430645,19.1989887825,21.2078219271,16.29422897,19.920936741,21.2469062004
11.0209476169,11.7956021451,13.2490844235,16.320773633,13.2302254251,18.1130725315,17.0844741406,13.5818052683,15.3059608086,19.7417196864
9.89711722344,9.03927826422,10.6590241108,13.9623710764,11.320746713,16.8958431514,13.2834776848,12.1229676341,14.2624440102,17.2261963301
10.0393146904,8.53953172209,9.85637081176,12.3635167703,11.1461141358,14.8766343342,11.4320201535,12.027892139,15.0515417646,15.026485544
7.38921628726,6.47592461458,7.28666011428,10.5464687671,9.60369410388,14.0511706985,9.6217568027,10.7906925462,12.8649671211,13.6292502071
6.10788391277,5.33766757305,5.39793781195,9.35442321693,8.29701997065,13.1574612527,7.89876942313,9.35748812975,11.7160453339,11.9190316645
5.79862946791,4.60367313457,4.06377095197,8.0589840548,7.0466158328,11.9458230556,5.98127269679,8.09205709371,10.9976140394,10.2582662932
13.4760346908,13.7451713855,10.3786753534,11.7117919125,13.1496796437,14.4738025262,9.55720889336,11.6614713679,15.582777848,11.4024928362
36.3162125572,39.9213797158,31.3016338176,28.7678129302,31.2491283978,24.3701621592,24.874675091,22.9408240175,27.5036097186,17.9051173517
77.6075188135,81.9825097028,75.9836273763,59.3586810908,60.9632509844,44.5754672376,47.8036532166,40.0449396088,44.324617935,32.9047244813
77.4148317194,91.4574902022,78.9572593021,61.8616565575,58.5034864788,45.3566551833,60.7385420147,38.7302149808,48.7078014889,40.1813785959
75.2970979019,85.9867136849,75.503438642,63.6392402411,53.808939951,42.1201946367,62.2244268506,37.9737313075,45.5794666116,42.8393506564
61.7656018519,66.6607805271,64.2261652742,54.8549268756,43.5377731702,37.4036811223,55.4362705053,35.4037094606,35.9962613304,42.4339732422
47.4789517055,50.5948917301,53.7932136028,46.1710712904,35.1004991212,33.4982818728,46.7118698751,30.7987015031,29.9349882635,39.7779676174
35.8624048313,38.1385762299,44.6097329567,36.739928294,27.4837667191,29.2131584852,37.4159119418,25.5955603374,26.0421190854,35.5932976946
30.6806398116,31.0156217014,38.2349674572,30.1710311756,23.8358421516,26.6165225934,30.1837622083,23.2805232422,23.5244453395,31.5261651522
33.7475988217,37.0027501231,41.3329461006,30.9507842003,27.1428644132,26.9111529738,29.8927088451,24.2033857847,28.2886334993,30.1026474523
27.5053853571,30.9593295814,34.6668896102,26.6730889454,23.8854499365,25.3218190557,27.8921727208,22.966292743,24.7115691374,29.234975032
21.3935278724,23.3152951719,27.0458469842,22.6694102915,20.1482499991,23.2261614527,24.0568547629,20.6879638921,20.4702462966,26.6409103376
19.363259421,19.1770476175,22.6527068428,19.9090501556,18.246732403,21.2353330409,20.17080972,19.0943678035,18.5454254826,23.4223214644
42.9140366702,48.3846536664,46.8568243683,36.6052048692,37.9999210159,34.212608068,32.4453959734,30.1538179902,32.516635839,29.6188317727
42.1058178297,49.1660319413,44.4588447347,36.4547247442,35.6963584054,31.6461322479,36.9588465647,28.4981485318,33.4608432766,30.6565562375
45.3035946324,48.3019934577,45.3566593441,39.3811561852,37.9560714361,32.717776718,38.3054746628,30.8152033739,31.074794989,32.5411570104
37.97813571,40.8898769238,40.2041785019,35.1385543361,32.0113716535,28.7464522494,34.9871605387,26.6401207994,28.1552353556,31.4258534833
31.3800348588,31.250440127,33.0902875534,30.4561400391,26.4447842976,25.7003564688,30.1353593252,23.6883147688,22.785672373,28.8755768918
25.7599915799,24.9114564794,28.1313267609,26.0224343469,22.0737682058,22.9129965243,25.151034509,20.504626537,20.2875117942,25.871798468
21.4852232562,20.1626083327,23.7936882239,21.9572856618,18.7272846111,20.6211277682,20.9879321556,18.1528615961,18.2857969595,22.9689859309
18.9287147516,18.0902138884,21.1476257406,19.4344111747,17.1351691856,18.5321194124,18.8037792818,16.9356019359,17.9945604259,20.4755112565
15.6132282685,15.9790788217,18.4395937545,17.2428248953,15.7204872746,16.9602948007,17.8012180215,16.0542924296,17.226049157,18.9049003438
13.3366442615,13.7163353112,15.7774303862,15.1237697278,14.4569666138,15.9462475067,16.4410876148,15.4694081192,15.7385279499,17.5192315695
11.7305514157,12.2549985142,13.6972689881,13.7873672805,13.6242171707,15.2725698039,15.3112586873,14.8100260752,14.7529813875,16.2456478401
14.7835418813,16.7160237681,16.6428206553,14.99613159,16.1115124617,16.0286012563,16.5403613922,15.9350039781,17.4386455356,16.3069832662
14.6244828153,16.4380548814,15.9660796991,14.5824976312,15.7647313311,15.1332249648,16.644943977,15.7710684919,16.9002302415,16.0008163448
14.3826367073,14.7974732836,14.3966819835,14.1764993958,14.9613442533,14.0526154799,16.0451032144,15.5640583325,15.2550596601,15.0552018311
23.158218443,29.0844400226,26.0381098549,21.5745998788,22.9393846118,19.762992305,22.745160319,19.7928358881,22.8783153529,18.9420413072
25.4385662175,34.8458287291,30.8497493587,25.8607781391,26.2802520826,24.2178875334,28.4703139977,21.6719720982,25.4944738965,23.7897779433
20.9631839713,28.6489705928,25.8024769042,23.7467561295,22.1489180843,22.2006762443,27.7716590615,19.1575075731,23.047840102,24.2657772179
17.8147391364,20.8687210233,20.6398302636,20.8221511784,18.2774725538,20.0549340099,23.7632863622,17.4841941058,19.3639290804,23.024861496
15.8086554082,17.3679560275,18.8439129983,17.9650895743,16.093544531,17.6365291638,19.9991260333,16.0574416921,19.2051723067,21.3506667054
20.5899419811,23.445575824,23.6701857487,20.465955148,20.0865335319,20.0058734026,21.7390574438,19.0001254346,22.3791115335,22.2222036871
18.7048611999,20.9162470999,21.0950723296,19.5825029526,19.0170499749,19.1315187396,21.6653006713,18.9766035457,20.6115794692,21.7247268992
37.7534627208,47.2096994822,44.7600423082,34.8616006606,34.8693430843,32.0736400553,33.0291144912,28.2962509304,33.5969012663,29.6814488223
42.1303260206,50.5058937273,44.434587644,38.278975904,36.5293185553,33.4708125114,40.1292670008,30.3378376576,34.4912881727,32.0720963759
40.356192544,43.5280277622,39.9831639871,37.9621767372,33.633423509,30.3649070728,39.2488474616,29.7502008815,31.5468117963,31.895841045
35.0270718598,35.1763008431,35.5556675871,34.8777477528,30.0139370766,27.904476285,35.5945602473,28.4970501242,27.9232023512,31.2543222673
29.4495948173,28.5164568584,31.4026298522,30.830641847,26.9011527366,26.2598588709,31.5825576923,26.8440862603,24.9457474175,29.8278917242
25.4044585522,24.0400259918,27.7155877076,27.6808232699,24.864454241,25.25440421,28.5155728497,25.4889592697,22.8937344139,27.9351974576
21.6950863794,20.6307617344,24.5310237136,24.6310016892,22.8485535861,23.9067499351,25.6157391864,23.678699901,21.7358313594,26.0251843183
26.2376877848,25.1475221163,27.5334774194,25.5705858364,25.9886513044,24.9940126754,25.4633657126,25.2618310586,23.9050171012,25.3784188178
30.988816912,34.0460412205,33.8937636482,29.8277107362,29.8892516045,26.882098422,29.4460126913,26.7623682216,29.1079254621,27.0774708914
23.6547516462,26.8792714766,27.4837011038,26.4401099303,25.2246079373,24.8856060121,28.8944415458,24.7503745127,24.9416983361,27.2490721337
20.1580317471,21.526428715,23.2649113944,24.0383171963,22.8220244586,23.6753890985,26.4843057816,23.5936459102,22.0650389123,26.0366025827
19.0025839208,18.2285234713,20.7637046993,21.6631880905,21.2629353327,22.2861210302,23.353442654,22.5616605536,20.5256495514,24.1224000703
18.8047731878,16.781661438,19.3382317284,20.1397092093,20.5753056288,20.9919735018,20.9842091874,21.9340723181,19.7387955103,22.2359907767
19.2885395699,16.6325780852,18.8099572633,19.1121343854,20.3861372274,19.609410835,19.3934215929,21.5249149262,19.2887017143,20.4602347286
19.0949775521,16.819628903,18.3114235127,18.6073882305,20.2519937578,18.7021821761,18.8152195587,21.2049036131,18.4822487313,19.1978493596
23.3898010062,25.6111567602,24.8257345414,22.6634366133,24.2711286458,20.6606255875,23.0398039,22.6807405786,23.1606027862,20.5555413488
25.5156631618,32.4548060697,30.7501177762,25.4257471659,26.9275442333,23.7515367835,27.199408228,23.9703934426,26.3698038823,24.2788464182
43.3585157841,53.1326154759,48.0445827696,39.3807700552,39.1545786965,33.5429449167,38.467894503,31.7638836068,35.4115656273,30.9688566774
87.3810253659,94.9930000674,88.0497514149,71.6899481946,66.7021011732,54.865890377,59.5597818892,49.5344182219,51.8746397692,44.4191770661
91.2750310809,100.486009639,83.8523620448,72.6967377395,66.8297441533,57.4397383824,74.0557325707,52.2200427732,53.2255722137,48.5693999799
78.314711888,83.2669533754,75.864360474,67.7099875447,57.1437981637,49.7097387739,67.3561785105,47.1059459697,49.2606530419,49.8536115663
64.4603995425,68.388848207,67.5878169189,60.5419304326,48.9389713161,44.134828655,59.394339974,42.3727605823,44.2544967238,48.5268155374
57.2073323164,60.2592938332,62.6420474199,55.144393123,43.7672598578,39.7037730255,53.0431697799,39.1620177669,42.2234675178,45.769009258
49.814301126,51.3855884725,56.3494000468,48.9648238065,38.9224911966,36.7902764641,47.6149035309,37.7039114155,38.5575028276,43.712012903
52.352417801,54.1502073438,58.8013964676,48.5476555722,41.5812117164,38.108692973,45.9222573564,39.8105028592,39.5483823569,42.9772536703
44.1016128726,46.615512334,51.1938155437,43.0558776865,37.287447104,36.4437576453,43.460621691,38.3454984971,35.7620070411,41.7135076647
37.0350107767,40.1244316039,44.7931815885,39.3785907801,34.0603130813,34.7174713071,40.5145201612,36.1267953577,33.7412470975,39.8878208464
34.7813466389,35.6549295171,40.5411064168,36.2503428598,33.0206050773,33.781863678,37.5850720509,35.7329178994,31.7967578565,37.6760760777
31.5112462193,31.3516739106,36.3333895156,33.2860319457,31.5899238314,32.6471010037,34.5847883761,34.7848261149,30.0196960836,35.7527388564
30.7691852907,30.3820201384,34.3917507313,32.5324687547,31.5244729508,31.6324280947,33.3971391313,33.9404353268,30.2098491294,33.8298005839
31.6107349021,29.9588614536,33.2978464842,32.1411573673,31.9856575202,30.909127645,32.6819654394,34.2093890573,29.6745651678,32.2957720744
30.7089828917,29.1179536394,32.0619017356,31.5683522361,31.7006940717,30.127870448,32.1322108477,33.916787977,29.0188593959,31.3307287726
29.9949878052,29.3703465346,31.9206259175,31.2663833422,31.5211452446,29.4910093119,31.9727864557,33.2009257142,29.2218454026,30.7571800631
29.2278622201,28.4616744865,30.7350078318,30.7364919813,31.0606017273,29.0489654551,31.9088560158,33.019133278,28.2563066769,30.1893786816
27.0346784003,26.6806044545,28.9915676136,29.8367266873,30.0509627383,28.7024573361,31.5079441688,32.3663327995,27.1896029678,29.8376529803
26.844994487,25.6872264821,28.1412363248,28.8412924394,29.696644825,28.096408457,30.4543467944,31.7770720655,26.5327489351,28.8921100808
27.5727641594,25.6555855396,28.0927717727,28.2099775915,29.46846008,26.9978913668,29.3384646042,31.0756268086,26.4101507326,27.7835165665
32.2179631285,32.2680810399,33.3468812612,31.1906741126,32.9783115078,29.1028234507,31.3086709035,32.7676520941,29.1503683947,29.0117541476
34.8830283983,38.9350198054,38.542317514,34.4571356717,35.3007534418,31.4893850278,34.9024723179,33.388912004,32.4848370919,31.6553701271
33.5625656484,40.3881656133,39.3990340898,35.934690087,35.1090762274,33.5101351466,37.8212748189,33.31998423,33.4981144779,34.6759117692
28.9760542912,34.9600417221,34.9824772235,33.6579842786,31.9926131204,32.9030662981,37.1418390334,31.662904441,31.6473813757,35.4584173235
29.5606065052,34.6016286321,35.2070475322,34.2960232294,32.2255224085,33.6233831186,36.7647086545,31.800080611,33.0454653513,36.2248591099
25.1009602427,27.6952363699,29.8406442931,31.2603893078,29.1023716073,32.3364396295,34.5279979816,30.7960821482,30.7454901273,35.7988532491
23.6639127751,24.0302514843,27.4960656641,29.3905028576,28.1562961598,31.2982422416,31.6785487767,30.485546712,30.2091554373,34.6302329767
23.246461455,21.6561706596,25.6486326027,28.0119231975,27.7720590851,30.3010726224,29.5761526709,30.7165248383,29.6068471271,33.1586517436
23.7904284605,20.9865958519,25.0200390968,27.2716655928,28.1232265112,29.4553984864,28.092316814,31.2792220481,29.2636006329,31.7073095332
23.5656501502,20.7565826983,24.5160886836,26.6012703062,28.2381731006,28.6367144702,27.2057319709,31.5201517825,28.6916299539,30.51936098
23.21788338,20.7992811412,24.1944338359,25.842758588,28.1025705925,27.5968601726,26.5453295288,31.2438876925,28.0077515646,29.2652600706
22.3101905521,20.4865628737,23.4046646059,24.9880166069,27.4440733938,26.4251340951,26.1125704138,30.5762231255,26.7161548473,27.9046452876
21.6610703492,20.3588533322,22.8585157017,24.3629961305,26.9255832708,25.5341150274,25.8723669596,29.9610330668,25.6592064918,26.8137774612
21.0705960063,20.837862424,22.8101957433,24.2785690909,26.6416285873,25.1748276057,26.2048447236,29.4355670671,25.2146126657,26.2931549511
19.0772139114,19.3762382767,21.4702311582,22.8789392033,25.2189756542,24.2111616107,25.5152519063,28.1742515074,23.9831142109,25.642695996
17.9971117037,18.3913962315,20.4388745148,21.9409386149,24.2929334772,23.506430982,24.838797465,27.2513050057,23.0609840405,24.8837140434
18.3403786414,18.3282814552,20.2954814454,21.293125373,23.9038785881,22.7602120034,24.0922005812,26.6158549382,22.7018047449,24.0172073308
20.9561217836,21.0140925645,22.5016074217,21.5653998246,24.8778771643,22.6759198939,23.8098404091,26.731082384,23.4896073558,23.6594052787
18.0243608072,19.2335514712,20.6590781045,20.2093313877,22.9000389829,21.4105690765,23.1134413025,25.1464948729,21.9664924767,23.2405306316
17.2113751464,21.6023144412,22.0179671042,21.4603977426,23.4424260039,22.6255466869,24.7708729281,24.8632271707,23.1527386672,24.2540883302
21.9364858135,30.1342602055,28.9942842819,25.746897724,27.717295756,27.4747866289,28.8280236187,27.1055734103,27.6510492493,27.8655743215
37.8271469098,49.4875565831,45.6142100778,38.342610443,38.9035710575,38.0049147532,38.6322439227,34.0998669271,37.1069133125,35.1337624894
55.7274273926,65.1674981301,56.7783806313,50.6476560341,48.7412701177,45.2013098325,49.7397999468,40.8344823817,43.9434225929,40.3002274528
71.0537508525,77.9887205293,68.5712538558,63.0128133103,57.3717804448,52.0549946326,59.353075487,47.3157449709,50.528938717,47.0455510785
85.1789800483,92.5030136302,83.5473248234,74.7569967132,65.6662930593,60.3068577576,68.1003904236,53.0384083877,58.9707901598,55.5222499949
105.05558702,111.228195835,99.6553021298,87.5357397589,77.3981031322,70.1174894896,78.2731165772,60.7633247752,67.1427512297,62.7595234931
112.291016037,118.242477685,103.67147146,91.9407084963,80.4753181007,75.001749043,85.807908741,64.4747134344,71.715566979,67.8933127153
116.26481747,121.504869746,109.243239681,95.5939080584,82.5686229922,77.1177565602,87.1784303937,66.2574979321,76.0177895216,72.1001329967
105.372336656,113.074010996,102.893141462,90.2183542097,75.9450361241,75.4368720032,85.7600430747,63.8773183649,75.5718205686,74.0820870244
92.2723958689,99.0927555962,92.901200517,84.012450338,69.0989332409,72.0145688374,80.6323064091,61.5455279813,72.5749617593,73.7969055291
81.0622263259,85.516682574,82.83284444,77.9626472771,63.4730711759,68.8939528669,75.2251517973,59.8015533127,69.6904234228,72.2802987617
72.7916282619,73.5424119747,75.0014294762,71.7167934821,59.6145878678,65.453680332,68.6054233069,58.5349483009,66.9701720775,69.7001219291
66.1083476854,63.5971020008,67.8741807588,66.3609679046,56.6413204892,62.4573755109,62.6291058499,57.9056682348,64.0773137659,66.8450334258
60.7956220074,56.255033526,61.7378826752,62.6080413874,54.8248034157,61.0695886206,58.5935711256,58.4421641959,61.5759988951,64.6951120002
57.8776283627,52.0075718937,57.9093258389,59.7726503404,54.3838828612,59.8734025069,55.5990166893,58.7654813488,60.3997433063,62.3338737805
55.4985221822,48.9234489669,54.8390140539,57.6239681586,54.0366008623,58.9662576303,53.3930421483,59.061736833,59.3422788251,60.5367017536
54.1188484829,47.0294022361,52.7160926926,55.9820650549,54.1278834454,58.0885437009,51.6807365407,59.2772765151,58.3912144605,58.8041883173
54.7800637534,47.2505219091,52.2046737273,55.6521700571,55.134255008,57.4515175587,50.9035165365,59.7587533059,57.8970830407,57.1985649983
53.8109833278,47.0612369112,51.4370976275,55.2043395667,54.6454279824,56.4786529037,50.5078819502,59.2356852424,57.570300168,56.3050934024
59.2461991324,54.9501645059,58.1506192771,59.4954272683,59.6099247527,61.1573395721,53.2164887061,63.0463387618,59.6477548027,58.9816113834
64.2129466442,63.5721896848,65.3377858939,62.0596355037,63.5508790503,64.8814412413,56.345853857,64.2077540216,63.1146530249,61.7563048884
57.337796,58.2072239254,59.2324736684,57.9735466511,58.4757927356,62.5940205984,55.8355235529,60.3054082575,61.4252406532,61.7145680406
50.816705728,50.0357619993,52.3274090527,54.8183233403,53.9451193955,59.1937874819,52.6049979146,57.1178883973,58.8737907154,60.4019050668
48.9408547982,47.1014782382,50.6474876883,53.896906783,53.4251747124,59.5797199236,50.6319765666,57.5172735406,57.8192696958,60.6863923812
47.9015780656,44.2345873313,48.5884726326,51.0301675041,52.6130687751,57.6924493763,47.8888764334,56.2905523115,56.9954599859,58.7331691296
54.8412484038,47.8940983651,50.282757853,54.481284133,56.3047837075,57.7948288289,49.0590196514,58.7571181168,57.1619715343,56.5210421234
76.8103892955,69.0878483004,67.2622705379,68.8687434972,70.6245311631,65.683998233,57.9072177766,68.3673059805,63.0646421034,59.1333754959
107.945701289,100.360912977,85.8228612747,89.5992712062,88.337806491,75.9942251012,77.0574897942,78.1756720612,72.7264793333,62.0277489401
121.809476394,114.040005039,97.4444548817,97.9586300698,92.5888056989,79.3715859976,87.3647876231,81.0478339072,79.1176660991,67.0236194657
123.204840499,118.402528096,104.356568173,99.9886258394,91.4269197473,78.3746079348,89.5321358433,78.7977329935,82.4225857535,70.2203617612
133.810378146,130.442403544,119.239323146,107.883012036,98.3143396091,82.5133525079,91.1566862237,81.4344586352,84.8364812173,74.4569710872
147.507463038,147.809304462,126.54701298,114.482679248,106.396393867,88.7398149132,101.252081995,85.2889152727,86.7574423074,75.5584747457
144.362302739,146.635280603,126.662842702,113.070025276,100.493494933,87.4052308015,102.401766006,83.2729282798,87.9874018561,78.3919641103
135.731253758,142.029957991,126.504589806,109.690616562,94.9903860161,85.2283504295,98.4679258067,79.3639093319,87.7031254697,79.9743376042
123.299406726,133.692340373,119.694318101,103.441071185,87.7237904454,82.6772193208,95.1469584403,75.271433268,84.5527407014,79.7009215764
111.973991243,122.816557723,112.519975414,97.2050055041,81.4759719974,79.2342150081,89.5679693744,72.1287162291,80.5838936808,78.4683371489
101.201434293,111.38198783,103.636694688,90.616824729,75.6653071049,76.1259126994,84.5841224182,69.5187961809,76.354647195,76.4492895542
87.5932337918,95.7862122281,91.8067493157,82.2337687791,68.2503405918,72.0604119078,78.2911692158,66.4144790204,71.3672783273,74.1205029311
75.4431659334,81.0892816893,80.4678800172,75.0532824813,62.4370916209,69.2745826956,72.2692035158,64.0173584492,67.4068160374,72.0781175047
66.6118495802,69.6745070976,71.3374446086,68.9014591365,58.4041586918,66.6983406821,66.9592723264,61.4468421716,65.5969042306,69.613512619
61.0879893418,60.5059606668,63.8393135353,64.527083491,56.2083118293,65.453761834,62.7167529348,60.7087761193,64.0063405043,67.682206306
55.8110793333,51.7425365766,57.3228701458,59.4591392092,54.4890034085,63.8577051808,57.6117713797,60.2766447572,61.9556384823,65.6155735926
53.6362469932,47.6820305467,53.7745460248,57.004647314,53.8950723262,61.3270636583,53.7004092997,58.7410753691,62.3337200543,62.8509762157
48.6264870565,41.7125994412,48.7719260663,53.4879010877,51.5996468551,59.5026493231,49.9597670838,58.0716634821,60.2106381356,61.5815429388
45.2018186445,37.7241442917,45.1006860768,50.5096469153,50.5365757036,57.8810937018,46.789292141,57.4822730332,58.5496519755,59.6528892272
42.2523936972,34.5026526102,41.7658319749,48.0169846113,49.6283578674,56.7104321428,44.3021363044,57.30116646,56.5454727749,57.9470308508
38.9082978831,32.0400200034,38.6163517077,46.2918235598,48.5229885581,56.2671687538,43.0027263339,56.9821413064,55.1044306936,56.8569127257
38.1895667349,31.5968475179,37.4238401939,45.5343408364,48.9789698181,56.3979234358,42.3855020616,57.0465293357,54.6853904354,55.7930371075
39.009157471,31.4875815241,36.724569726,44.9850382681,49.647571019,55.689695191,41.6770649613,56.8874755676,54.2824900438,54.2216363221
39.2357741652,31.4145506916,36.1071044367,44.9095556292,49.7161395927,54.8857547099,41.2690601923,56.7440465201,53.577033466,53.1359058437
37.0866257765,30.1822380065,34.7262821339,44.0065508389,48.5271649352,54.0461657084,40.7682043757,55.8679182328,52.5669795266,52.6297705881
37.3230357516,29.9418868169,34.5567636247,43.1553892054,48.6489322814,52.7714066283,39.8036566759,55.0057481489,51.8684672266,51.2303351647
38.0547822844,30.3250269705,34.6985102931,42.9598801876,48.5383470086,51.4057194355,39.2222651016,54.4088965125,51.0521046943,49.9908628376
36.226231688,29.6121760023,33.8829425199,42.1967519865,47.1118651379,50.3281342387,38.834829305,53.5087921359,49.708260634,49.5093683169
39.3313647381,33.6903360072,37.5430003849,43.1756330769,49.187359957,50.619362355,39.1171476694,53.8449304222,50.3614322489,49.2912851977
39.2261952554,34.7347199296,37.9209656068,42.9162185528,48.4524891768,49.9640476363,39.5713233135,53.0628039448,49.4535511805,49.0861728774
35.6597540733,31.9768784936,35.3372347961,41.0744644979,45.7179300841,48.191955861,38.7191930103,51.0796251434,47.1416773335,48.3019710044
31.3716077454,28.3929106185,32.1481033246,38.9181334765,43.0845767555,46.9096807217,37.4712270215,49.2424093672,44.6471516533,47.4281800302
28.461571927,25.2034725369,29.3716231541,36.5933094808,41.4126024175,45.8963684626,35.7723230205,47.7849684137,42.3856795611,46.0184859862
26.8243791064,23.5747274459,27.5533033445,35.4505639782,40.2027497749,44.8982476507,34.7431392692,46.2073245773,41.5791351716,44.6096784036
29.1205311231,27.9130225412,30.9839090054,37.0532690469,42.1439165669,46.670260451,35.6027426548,46.6540098018,43.5644473166,45.4456319716
31.6600162798,29.9570646484,32.1322398088,37.349364158,42.6087945853,46.0946592218,36.150402694,45.8439298732,44.3063043763,44.7320599686
36.2249886787,35.1691332775,36.5583772751,40.0961775898,44.9487963834,47.1431325361,37.6024362767,46.8713597307,45.9272468211,45.6602842178
32.6253843637,30.7475917587,32.8803627067,36.9714071529,40.9367189487,43.4073239645,35.8722547378,43.6878921737,43.395743793,44.0863238482
28.3869536723,26.16758324,29.1920472074,34.971740438,37.7755745038,40.8072202655,33.9740422696,41.7930473552,40.294321341,42.6398224751
27.4758011095,23.7118260917,27.6170269562,32.7380301129,36.2679383487,38.1809596977,31.6755695314,40.3017753819,38.1426769598,40.0518654319
25.9564695396,22.1244835809,26.2241351915,31.0789733202,34.584109411,36.0261834494,30.1346549377,39.0478403075,36.150087833,37.9966009143
24.1252512314,21.2054933745,24.7859728629,30.3099898774,33.5782553801,35.3380631977,30.0193383504,38.6968336137,34.1197895135,36.6438396382
24.0242538846,21.4208326121,24.6540208824,29.7128991926,33.1459215507,34.1776390786,29.8201611761,37.641387919,33.4880036183,34.936577786
23.0336705364,20.8748387747,23.8659175323,28.9625239685,32.2922805949,33.3568616598,29.6210435618,36.9228072796,32.2082268353,33.8865913557
23.5332288811,21.4516336219,24.1643720408,28.6716146487,32.0589163568,32.3842050308,29.4728391763,36.069239421,31.844327845,32.6782513786
24.5869571728,23.0887603939,25.2162489255,29.2961317752,32.5302414066,32.5073505055,30.1433974021,36.233802609,31.7004429288,32.4200005172
24.2249836726,23.7110549,25.6814431261,29.0166191362,32.1098995392,32.1274553734,30.2825484451,35.4152871288,31.5337679707,32.3268231372
31.2260808272,32.5105094082,32.8554797397,33.5225691214,36.8885815932,35.4731682974,33.5055127541,37.8882895546,34.9976848035,34.2131485244
43.8359792423,42.6215846677,39.2718931619,41.8115188486,43.5583293085,38.7199695598,40.544199373,42.4628143383,37.9087623372,35.0356144691
61.6304060056,56.0437376849,48.2810808486,54.9042607046,53.3428307093,42.8369323543,51.1631142119,49.6623660938,41.9791226283,36.3687356609
70.1112797882,63.996407338,57.2024068821,62.2429894504,57.7051651652,45.4733776732,57.8668528861,53.3119615356,45.694340515,40.3521557217
72.0365974198,69.3488452792,64.5378647439,66.3276183544,59.0892375415,48.6882599569,62.4442345108,54.2612248138,49.3760024201,45.6728446669
64.1326742629,64.0313661702,62.4052861722,62.2043718287,54.1166892754,48.2424478877,62.1159907869,51.3237131709,48.6915288324,48.5037402355
58.5960482183,57.8315502548,59.8875650728,57.7025031848,51.0477858443,47.2082964087,58.0280017658,49.3427858433,46.8324252074,49.0640187965
52.8513358088,51.8510295894,55.1316188811,54.2988247664,47.7152818233,46.5788734412,55.1953230058,47.7578106322,45.1612453035,48.9437880538
52.7914641298,51.6737237706,55.7751100322,53.7013514847,49.1483133359,49.0998603912,53.4326170422,49.1668947551,45.7051799304,50.1235808998
62.4697524901,63.7843684761,65.3954126122,59.7612188145,56.0045554082,54.2460473688,56.4673144032,52.0841467956,52.3916635343,52.7142087698
68.3717664842,68.3157573327,65.6080437269,62.6419645904,57.7996631573,54.8373720239,60.8217291971,53.1563253243,54.6090802758,52.513763413
64.768290219,62.5248672768,62.323592008,61.3722829546,54.5230779959,52.5750239759,59.0012674797,52.6304165936,53.2538946683,53.119822973
58.8043842447,57.1001918309,59.2505910941,59.0163678996,51.7692838408,51.7241074608,56.657436982,51.8989610352,52.07757541,53.8341574896
50.942774442,49.365855799,53.7724680849,53.9458004702,48.3098214428,50.8479258605,53.2053467015,50.7132447197,49.4485529378,53.718421575
53.9650590043,52.6447019971,56.8975480056,54.7473261335,51.6163413799,52.7569421432,52.0635017955,52.1089594972,51.4926208182,53.7581228319
50.8707065643,48.9030080963,52.4903232891,51.9320737673,49.6404384948,51.8973803374,51.0059926915,51.3699303846,49.9817623578,52.842732866
47.6604071228,45.118986661,48.4524835863,51.1082059908,48.0910489152,51.2218229593,49.9805572915,50.8560623511,49.2306530515,52.1436707242
47.7912757479,43.7325228093,47.1021328728,50.8066078776,48.4089659615,50.8928548485,49.2721737919,51.0705491602,49.4679080184,51.1102584345
54.3032647089,49.551561951,52.4958651008,53.8783618616,53.3238884379,53.4536640907,50.1114955115,54.2997282974,51.7680989113,51.9352034856
62.1726848843,59.9767199499,61.7290186685,58.3251186349,58.7468313119,56.4930193573,52.7573370657,56.5243816126,56.1148887951,54.2175725474
58.9587036873,57.3463593864,57.0531924113,57.3137462543,56.0051939642,56.0665029915,55.2161522548,55.9214166321,54.1355737647,54.4957922942
57.2255439145,54.1527679595,54.8848928278,56.8662592491,54.466790934,53.8116870444,54.0104844045,54.6311750484,53.4892975642,53.5082063758
55.8766246818,51.1332271169,53.3415193839,55.5495900012,53.2753215739,52.1413779855,52.3083303674,54.1645104324,52.0255401062,52.4985718
52.7471840983,47.7655605778,51.363244507,53.3053441695,51.2087801848,50.277413643,50.0667711496,53.0825977915,50.4648980539,51.5002315646
50.253334094,45.1609639724,49.4365442677,51.2019051947,49.8208286808,48.9518435399,48.1839176462,52.4388629233,48.6567960393,50.2330190634
44.1868725388,40.6603091821,45.8706093309,47.6307616576,46.3849706437,47.1588291849,45.5873805973,50.2286999675,46.7366254673,49.4214130613
39.8992982064,36.5799240593,42.2090447823,44.2038833715,44.3217043763,46.1113440054,43.0586798498,48.9428359394,44.3146273741,48.0524274428
36.3411834888,33.8962335018,38.9837225995,42.341491579,42.5999621282,45.6414768068,41.8034696783,47.6386986367,43.3156187794,47.0766831399
35.1462273211,31.9992249793,36.4775891866,41.3229474276,42.7246772504,46.6034401672,41.2969767342,48.2780514937,41.9479020642,46.354544616
32.2173867426,29.8673077287,33.9448661707,40.1884599141,41.56755236,46.6321123388,40.6557877164,46.9797431466,42.1875571165,46.0137337304
30.5746043765,26.8384057019,31.087242548,38.4332965104,41.5396741363,47.160537935,39.2018040255,47.0549042645,40.5669963105,45.2656711261
31.9060339205,26.2491700687,30.3034699369,37.7644395122,42.5239240722,46.2643720541,37.3786531152,46.5038038315,40.4947536223,43.4097379638
35.704221308,29.2279761949,32.3045206961,39.4293046784,43.3354671683,43.8345418434,37.1774119311,44.9425937938,43.0398008992,41.5249501364
36.9450051535,30.2455761058,33.1609372329,40.0830666849,43.4434251217,43.2429867217,37.5270091294,45.7623983313,42.1208844971,41.5276288115
36.4586750632,29.7891316665,33.2848246609,38.5934218812,42.5756295849,41.2920579839,36.2188182391,44.9344993082,40.5904874064,40.4470524562
36.1023173638,29.3686417127,32.9417156451,37.4318451676,41.8798227793,39.5433103254,35.0055093914,44.3338086493,38.2983187504,38.9511804899
35.6586566705,29.7866312098,32.8206306264,37.1037402383,41.2986408091,38.2854141817,34.8305985983,43.581109678,36.546225881,37.5935520353
34.8395016256,29.5068481095,32.5425985595,35.7096535614,40.1267538803,36.4704309236,33.7959449169,42.0267255794,34.6360025513,35.9841296009
33.608589852,30.6462712443,33.1712701035,35.2804811976,38.3768854916,34.4908879867,33.7142017111,39.347270673,34.6051921786,34.8616381153
35.8202826275,33.5827444886,35.4059090272,35.9701214287,39.5167044512,35.3257974949,34.738479392,40.1891113748,33.6994284797,34.9628207306
32.8553833837,31.6581339969,33.1818520123,34.5944204402,36.8829100208,33.9120302759,34.741605668,38.0339734047,31.8128264757,34.1499420043
29.8382284671,29.7746958614,31.3473741564,33.8689223442,34.5854061598,32.7441809768,34.65150832,35.8370322355,31.0096781039,33.5436079623
50.7428443906,56.5222316527,56.1327621032,49.1276747569,49.7312586078,45.4935470337,44.2565805816,44.3926794405,43.5152301776,41.3778797023
77.3301014659,79.0166018028,68.9908486859,66.125191209,66.502347758,58.8346906341,62.3771312967,57.529927359,49.5342826563,47.4397403518
90.6681849096,92.1932644036,80.4242853466,75.5488739502,72.3620382382,61.3646892398,70.9208044719,59.4981589872,58.2274809666,52.589298179
97.2794561652,99.3074819129,88.2743610951,82.1279509514,74.47099359,63.1865386408,76.0956741945,60.0803118859,63.0887625917,57.6029705714
86.4511597396,88.5740466595,81.4360247561,77.2254416922,66.7171741045,61.7965775134,75.7458364911,58.0629778857,60.1375525421,60.7574876275
72.457728298,73.518551952,72.210281292,70.1410323862,59.5270407085,59.4932918806,70.2898340064,55.3259195358,56.17393348,61.5270252025
58.7241426124,58.1306231983,62.2072250406,60.7952776636,53.0208633703,56.4944306088,62.3560827385,51.7308044799,51.5129574933,59.8798714921
54.4745073034,52.5416641169,57.6339835427,57.0752566638,50.1719004884,52.5208068987,56.6722295567,48.1921328999,52.4513747949,56.0586770633
50.3563198641,45.4653153563,52.3341641985,52.7992584464,47.3467320132,50.3863792059,51.5364104277,47.8763559542,49.8593740608,54.1754772756
46.8880409676,40.2148803497,47.8469650049,48.8346338087,45.9343592044,48.7637087829,47.0395433411,48.2871351974,47.1406711179,51.7778747915
43.3841277266,35.5596457004,43.2108156778,45.1504181341,45.5421318531,48.1183908674,43.2939200006,49.4186609839,43.0370882095,49.2852345068
51.3466067924,47.812648016,52.3499691609,50.6920062446,52.5997677084,51.2759468738,45.5272932721,51.480284968,48.8439579292,49.645926075
55.5575160051,53.6533134037,55.3091624941,52.6656123847,55.5671395621,53.4378711542,49.1365066512,53.2016946004,49.5595012469,50.6599845732
57.0433474269,57.2710695067,57.3115634587,55.0593973258,56.3360221234,54.1345675528,51.6698732255,52.8946275614,51.0871002748,51.9669953635
59.6712556508,60.6827150886,59.6346118973,57.2204359466,56.8048192872,53.8468946414,53.6506991561,52.1522144098,52.9169096501,52.556156083
57.6517933359,55.495316882,55.5261868435,55.5273329339,55.2039179379,53.7533241973,53.6643757212,53.3998738168,48.5984881248,52.5764105529
63.6265109785,63.526115464,63.2835683694,60.3147453406,58.9722306791,54.7715784115,54.9090343823,53.6476307746,53.6358850921,53.5214766817
60.3190039105,59.9874763714,59.376563238,58.4641891484,55.8546406257,54.3410176822,56.3613156986,53.0988970902,51.5382210027,53.9299906206
57.8485103456,58.6786526344,59.8193750113,58.5377712936,55.0563328275,55.2763205856,55.5692269842,52.8810274884,52.3120116301,55.7885082041
57.5749793014,59.4369128786,60.5344533358,58.2727073864,55.3939325493,56.9059140134,56.0232360356,52.9441017126,53.7654047771,57.021650643
59.1285908685,60.705008817,61.9062494125,59.0177088427,57.0072681335,59.4884226404,56.5530542215,54.496486375,54.9261131663,58.7945412509
59.7102589886,60.9489528388,61.3706413311,58.8799138617,56.8694905215,59.121002267,56.6047035977,53.8586339871,56.6496585668,58.6734623627
56.7051607848,54.7975317682,55.9111117093,56.8586857965,54.4661118985,57.5017585963,55.1395005602,53.7327093346,54.2983825911,57.6405058504
58.0614602649,55.9138759313,57.3802262468,59.0238625221,55.8002406794,58.3035432329,55.0134418767,54.8729201569,56.3324291776,58.2363728329
53.1200848415,49.5379398705,52.4289125587,55.2332714258,53.8166265048,58.6118274235,53.6307522854,55.5726987806,53.2949332091,58.3140578006
54.7593236316,51.8712110683,54.4093890943,56.7911361365,55.9145940113,59.2930776085,53.3342417444,55.8302179607,56.1754376165,58.20972552
53.8065500427,50.2795030292,52.8647003487,55.5400638159,55.3890465914,59.1049798334,52.9006226548,55.7351614302,56.0654515062,58.1026315358
52.6602352938,47.6557879867,50.8360248829,53.9473912661,54.2192870586,56.6771861154,50.7805712658,54.529470529,55.6532032143,56.4805151379
52.5184091467,43.9327551179,48.0772437238,52.0698123549,54.6049230384,55.5422593429,48.3435363981,56.4018815236,51.3959074684,54.4267742173
56.0355975702,46.4158960491,48.8823435764,54.3428925551,57.7889674504,55.767396014,49.5157315543,58.7654467012,50.4864406999,52.4176372456
56.834974464,45.1012171747,47.3797243772,53.7176185709,60.0111962582,56.0814407237,50.2281605716,61.036913814,46.0619763283,50.4443502452
61.548039449,51.2993808156,51.1355618239,57.1769704031,62.4686291737,53.5286155905,52.338818573,58.8456880639,48.9020948246,47.6580598604
65.7711434983,56.2933901671,55.6264151168,60.0056061978,63.2800081157,51.9843225976,54.5144112326,57.8485404001,49.6643896404,47.3438174971
76.6161302224,71.922551136,69.9783707503,69.356276769,69.052173582,56.4787693486,60.6867489286,60.0167393576,55.7880983282,51.8471827166
75.524356796,73.9948768839,70.871312325,68.5144189629,66.2910561571,57.6997083519,65.0556531282,59.2170066836,55.5744093362,54.5790945088
72.9519230517,71.5968829053,69.080123092,67.743474221,63.0467057285,56.2521957778,65.1587937763,57.3694347001,54.9970629797,54.9920071464
70.9018594842,67.9281436621,68.1438452611,66.1222459116,61.9098510899,56.7521950709,63.4196264759,58.0647380974,52.857950651,55.9454288221
68.1894017584,67.2027571999,67.5919091718,65.2147694966,60.1448463001,56.459256968,62.6828361791,56.2780445135,54.1421346537,56.2343231021
65.8078106748,65.2702541723,66.3054462172,64.2107468453,58.8250227705,57.4000348707,62.0670930937,55.9548930998,54.3087443183,57.3633919638
59.8686914444,56.3008026907,59.4718225754,58.2472486225,55.9457119444,56.3799521627,58.4214965769,55.6233007098,49.6861605564,55.962590954
58.8870378804,53.9520910193,57.464394179,56.5624200137,55.4088170691,53.2284765596,54.4997205524,53.50658082,49.7554458677,52.7374058003
64.7449589222,61.0441862355,63.3760721542,60.5205740562,59.1353434738,54.2176496566,55.0708909763,54.5960736888,52.8179655999,52.9617700185
93.3860197409,88.205657344,90.8874869584,76.9332223585,80.7863772611,68.0508935482,63.4353600217,68.0282720926,58.6447801802,59.5657735154
95.8738627023,96.1962156762,85.4063820884,78.2049980859,80.4656818054,70.842560973,77.4370887754,69.0044093164,60.0487116036,59.9869906808
101.023194217,95.1700387697,84.6611773568,82.3808761479,82.4493112909,68.6393961056,79.9966690359,70.1011925723,59.7178573199,59.3393265421
97.2155342838,90.7894524457,85.7723514761,80.8195278808,79.8542400432,65.535581673,77.1299190719,67.079249756,58.7614911055,60.0399203679
88.2135929957,89.7145265188,85.1092979272,79.7796709748,71.8482048085,60.714705757,75.2679175319,58.7244745236,62.2835475163,60.3522576196
77.2038034803,77.5616088474,77.2669653209,72.8994371914,63.770243945,58.376843791,70.835787685,56.0978702996,56.5048611775,60.6280858826
66.7935417431,66.0183581106,69.0949999514,65.8200610939,57.8454172756,56.6326322232,65.1146854252,54.3135878111,52.0814047363,59.4641752696
62.2563495498,58.6940378094,63.9863606887,60.6630949573,57.3519158648,57.5168152038,60.2840166443,55.3058610452,48.0053742346,57.7791108533
76.4778263926,76.9883948353,77.767484889,70.2677059973,66.3879055098,61.00962519,63.2865956899,56.8805214603,58.8844319674,58.1347375103
73.6470946614,73.2672007053,72.016346942,66.5063017183,62.2660092413,59.4727289729,64.9006390358,56.0556304149,56.6706807124,57.8089036005
68.8548473958,62.958047073,65.1694222074,62.2162467558,60.4467516652,57.4970636602,60.2619940787,57.6163447078,49.7530069846,55.9623455455
67.9613820847,65.3429952057,65.9437905545,63.5633108412,59.6221439264,53.8932351927,59.0486040709,53.9284102636,53.4324298282,53.3695563028
59.7299080064,54.2813016566,58.4337985937,56.6112625939,54.8379874785,51.7255099997,54.6369416591,53.3565539537,45.6351648313,52.0621193652
55.4348711635,51.7932802025,56.1870452997,54.0006222631,53.5866683747,50.0267852748,51.3080072872,50.9590718444,44.4275253545,49.9069176934
57.2218812463,57.3132162181,59.9246636295,55.7391785942,54.7668063297,50.3929251916,51.9377168471,49.4527514325,47.831031381,49.9477267856
51.1488186769,49.0433649581,52.236520982,49.8920793445,50.1820897563,48.5066248754,49.6774420931,48.0522080366,41.9007096944,48.3838979984
44.7033653869,39.8399574228,44.630484074,44.7138603472,46.687617113,45.8898676038,44.4344149652,45.5707563004,35.8898834797,45.0465284984
50.5187425994,46.5853386857,50.1449571389,47.7542789774,53.2852841871,48.5502777921,44.3247735213,46.7026911286,37.7527984082,44.5507296097
63.9422164255,66.9606213858,64.1095239328,58.4069158597,59.2462043812,50.0259731867,52.0854655362,46.5505753787,49.853778168,46.0920097266
67.8267372502,66.4644457309,64.5304786009,59.1463845699,61.0303329642,53.4457885461,56.5073593925,51.1471301332,45.1118029808,49.3768048138
62.8291529418,61.7147491929,59.2643354433,57.1314359166,56.3321771995,49.5243110654,56.3230446405,47.9561239404,43.710470697,47.6556033529
62.6864080986,60.7090141647,60.1520740624,58.4175127037,56.1315025429,48.9538790251,55.4831984239,47.5486612869,43.662991832,47.9332875628
54.340943791,52.129788329,53.7134875944,52.7363668533,49.8901577799,45.7399802475,52.4236832722,44.1129381781,40.1091808289,46.4645545838
46.9261936113,43.2700847247,47.2669522242,47.7012216137,45.3274513317,43.3202027153,47.5767510106,41.3822065909,35.9779232243,44.2797038218
45.4497075794,42.4941031087,46.010489064,46.4573595605,43.2212124079,40.2926470189,45.0239424992,38.8133457692,37.8744595208,41.4941852981
46.0575804796,40.4666717535,44.5125477591,44.7249306607,43.3636262902,40.2220128896,43.1456554095,40.5458601708,35.4188363523,40.4210175397
37.4399362098,32.0088565846,37.5608527108,38.6102534303,38.7509705444,38.3330939984,38.4478991425,37.5386779034,30.0650893008,38.4758738313
34.7731155166,30.0024078918,34.7317380236,36.2064379228,36.7202815465,35.2415838697,34.9508865443,34.2349686279,29.8122284356,34.8675643209
33.2735175195,27.804280918,32.092836073,33.8369851572,34.7383554691,32.7887805671,32.1732324459,32.5729428647,28.1059867607,32.289051213
31.8045085034,26.9436249086,30.3791778146,32.53855546,33.1604962226,30.6985932998,30.762419714,31.1687757806,27.3547538092,30.2786175872
29.4966990873,25.2617209504,28.4989459048,30.3762110593,31.0038087304,28.6156736755,29.0219638385,29.555654657,25.9680365078,28.6221291784
29.2973031304,25.1471800253,27.8488446146,29.2295970487,29.9641629504,26.8147570197,27.9483278335,28.7163020256,25.3352164118,26.9142184866
29.4528134254,25.5199635867,27.7585999578,28.3904363845,29.5926638895,25.9754384492,27.2473996444,28.5629163491,24.3060431316,25.9227893066
32.6641004511,31.5595285114,32.2487572511,30.6537508011,32.6791721934,27.9494085592,29.3154160863,29.6578930237,26.3470989081,27.0112141089
34.964664452,35.5880043403,34.9694524947,32.5957310487,34.8283035117,29.9690941653,31.9330455017,30.2422452351,27.0010916844,28.5281379148
36.060742473,38.410928006,36.8453744637,34.0896157414,34.7059714975,29.6329194178,33.6183916041,29.020937903,28.6874121376,29.2240083807
43.0203353831,46.6591187078,44.483374369,39.4460478553,39.7678980847,33.6829188613,37.9026990263,31.9097026138,32.0116639461,32.6044055566
41.5564153749,47.7729135109,45.0761533557,39.9797039704,37.4193210462,32.7070187004,40.052412465,30.1433534241,33.9523764566,34.149451077
35.8989838998,39.8837354233,39.3668469102,36.8626751931,32.3153632924,30.2344729083,38.3088269889,28.4796617771,30.5051895842,33.9920691991
26.4272479871,27.5217180323,30.7069554842,30.5889764017,26.4643971634,28.9749266941,32.880750099,26.1195292122,23.8822949689,32.941303031
23.8751290368,24.7278341546,28.3132208784,28.2033630694,24.495415093,26.5031339353,29.3990759568,23.9373949902,25.2724369465,29.982307726
22.0709754072,21.1504820639,25.166555302,25.6640307004,23.2058637106,25.4345699809,26.8723077693,24.103353026,23.8932172906,28.3380677168
22.8819056167,20.0874609996,23.8500603109,24.3307815568,23.60222811,24.662952571,24.812335561,24.960046816,23.2260515017,26.4017802604
20.7460706109,17.4450018653,20.9897725279,22.1341611416,22.6910186376,23.9426177958,22.1931684698,24.4806392663,20.7189259568,24.6866277858
19.2960254015,16.2920909653,18.9649081047,20.8123798473,21.9925787166,22.7680847301,20.2413513459,22.9477332638,19.492652092,22.4722853049
20.2908100099,17.6908675742,19.3955569253,20.3930567094,21.9277081131,20.5526061244,19.5834738623,21.7885261438,20.5919029988,20.4076632922
19.4112913559,15.654923322,17.1508058753,18.6543803129,20.5498156658,19.8070122904,17.6903955038,21.2267585984,17.1369512229,19.1073381882
20.9818325814,17.3043876977,17.8233398225,18.5374391056,20.5540206098,17.9006211291,16.9368057764,20.0501684147,17.6316525993,17.0851713889
20.6441969093,17.8029658541,17.8242157827,18.0406589605,19.7322474889,16.3466041918,16.9056757418,19.0899452639,16.8744595463,15.9658353899
20.046208896,17.1320265496,16.9952533213,17.0223800228,18.3652931676,15.2830807778,16.0986347984,17.9425060146,15.0227786985,14.88085687
21.1519421584,20.1028805586,19.1340438035,17.3240521553,18.842165868,14.9820113922,16.6440868694,17.1660827351,16.1101084579,14.6122671943
19.2868574147,19.5948140653,18.5674857184,16.0762386351,16.9935263159,14.3714418484,16.0390468984,15.1561011855,14.984302172,14.5415478773
15.7408220765,16.2750370138,15.3819109697,14.5703696383,13.568044047,13.4269008899,14.5004971406,12.1200243821,12.588448045,13.6398914258
24.4411888265,28.5847087844,24.8996145084,20.5530430945,20.5166322039,17.1378797931,20.1128708112,15.8912719275,19.7768708131,15.9218213223
33.6609964255,40.4312691174,34.7900755007,28.1393500586,27.4626637032,21.5493572796,28.0336025775,20.3466733069,25.5614639864,20.2581066608
21.4790441848,25.238865653,23.8776864462,21.7059851613,17.8105686143,18.9910934733,24.1899359905,14.20639693,16.3614711787,20.4819418817
12.6798690419,16.2471699885,16.8939130921,17.3158974864,10.7640004537,16.1130440113,18.3945812297,8.45523550924,13.5750617639,18.2852726486
10.7548343266,12.2146953858,13.6791908354,13.9315129378,7.89034898604,14.6085995143,13.8593842246,7.42237309379,13.1995804864,16.1773256315
9.24054236767,9.39838816743,10.8293873637,11.6451668695,6.80869251022,13.3170797819,11.0607291107,7.42199106754,12.8444963894,14.2182245719
11.0646621339,9.90194522972,10.5789711369,11.1932055877,8.53919434916,12.3733652316,10.4755352924,9.3725710482,13.8245543898,12.5625798651
10.5496757128,9.19446922899,9.45303883251,9.82848693958,8.57113964348,11.5706713228,9.08149422328,9.37788769783,12.8335420142,11.4900925792
10.4968222908,9.79544756773,9.34398868122,9.49238463237,9.38199112547,10.2123221367,9.41666669332,9.80111364438,13.1210803322,10.2773890991
15.3701029867,20.7253287693,17.4734118026,14.8807089964,15.9239402183,14.5177516183,16.1010935765,13.4900987877,18.6240592047,13.4851146027
12.8692097727,18.2584595596,15.1622985821,14.5932134449,14.4210820527,13.9430522152,17.5394094458,12.7188645314,16.5884024087,14.4057601412
11.9399493197,15.3322040409,12.7836373238,15.3580032091,13.4533141487,13.9945853585,18.0663862425,12.6946895256,14.5476332495,14.4366149336
15.7475668502,20.3791259366,17.4024054898,18.2548522918,16.8431738022,17.0510934535,20.3292246662,14.7182921588,17.9646214472,16.6778998292
17.0066300436,21.1765987565,18.6532964371,18.5661150938,17.2588034691,17.3162250427,20.8314973383,15.085482884,19.1614013631,17.7870495412
12.9679275845,15.0422713434,14.3188902145,15.9805785163,13.7265874524,15.7740506667,18.1328184966,13.1345421783,15.7829329802,17.2374977386
12.3184761761,11.8227569252,12.3796908866,13.4208959719,11.6867085792,13.8943546736,14.3406015376,12.0690860233,14.5768050877,15.473376212
7.15549087675,7.06783552701,8.29320249922,10.019614983,7.7492229082,12.6162785833,10.0916067346,8.76406150696,11.5468616404,13.8617428182
5.04332914337,5.02111305614,5.99680398986,7.60589677336,5.90062239002,11.0185307656,7.28523023493,7.24500763507,10.9855010112,11.67110827
5.90884995941,4.99604938738,5.19916450666,6.56159774509,6.103627986,9.91625902993,6.13033043193,7.71332111085,10.9050733101,9.84448941128
6.54744938493,5.24273704493,4.40342050746,6.10310728707,5.82140280937,9.62603738441,4.77062613192,7.2114554181,9.96362773768,8.58036369948
7.17351112289,5.89036153587,4.25654689614,5.46131378554,5.58071234852,8.6269985355,3.63626741664,6.41693874903,9.92624319037,7.33595423033
7.16145207189,6.8537074593,4.64371938101,5.25192413041,6.21236220798,7.05568230922,4.5431148852,6.61998712557,10.3105170693,6.27805043099
23.9352918629,28.5819874447,21.6896994069,16.8803671524,20.3073611461,15.6286204058,16.2626554376,15.1075659524,20.3788530975,11.6014893369
16.0686573123,19.5825745597,14.9391046206,14.392451666,13.4314066139,12.6576639783,15.3697017058,10.0271214041,14.2607399286,12.0364433692
8.56245656321,12.6301116231,10.1162655165,11.4021801232,7.61474290046,9.89123857605,12.3643751108,5.52511916077,11.4589687853,11.3127665089
6.87933866153,8.99539704849,7.74138212782,9.19024759486,5.26389439298,8.55742127573,10.2787649503,5.19713767645,10.3153680639,10.1454799669
5.66750014698,5.81802624641,5.3322444645,7.0362716816,2.96671827232,8.13359155576,7.1092642757,4.21210735629,8.66898722376,8.88757543286
5.01158766663,4.64409548581,4.3949983167,4.94466120666,2.57133430173,6.90596268143,4.9607603804,4.19337490766,8.92865502018,7.39023755266
4.15879149312,4.002799564,3.31793378778,3.71381433356,2.44793400954,6.13598762254,3.8901539217,4.04441813152,8.4284478996,6.17322892181
6.67725906493,5.07573729966,3.72626987072,3.34551586397,3.60308721673,5.43157268737,3.34828266636,5.16538831621,8.53944553598,4.9385603013
20.6197198324,23.776732172,17.8954209635,12.6782053333,15.9259515062,12.1858672554,12.803550615,12.203474788,17.5636786534,8.95454575025
13.0225287675,17.110503194,12.6563204188,11.1388002546,10.7741518794,9.35912310616,12.7654113539,8.02848389354,13.1606100663,9.3830950341
7.61430858262,11.5218397232,8.6821232628,9.14446689252,6.45229067874,7.51067819887,11.0366907555,5.04002200101,10.2101128742,8.9354443209
15.9539717713,21.855603393,17.2246695927,14.0000481175,13.0144069188,13.0357802303,15.4079366677,9.33364521841,15.942557516,12.342459808
12.2397683581,16.783240462,13.5842917403,11.7297682227,9.48635478589,10.2308530409,13.9715027362,7.48449388759,14.1995319493,12.0008602024
10.5692850122,14.6128050488,12.2641395087,11.4939523352,8.71761182054,10.2351894656,13.61318475,7.40989938032,13.1640925657,12.2590469747
8.31959394486,11.8500010011,10.3947731438,9.98840649486,7.20288866655,9.70249156432,12.2091792668,6.76723250211,12.186905304,11.8951647623
7.93901062159,8.72256395953,8.3343305984,7.62251197599,5.55476519888,8.27050926444,9.2471976145,6.49440281815,10.7938272127,10.3880164607
11.5014016533,13.270176067,11.3343439562,9.45724805482,8.763810825,10.9330005241,10.0610237455,8.16946183257,12.7992470686,11.1618459692
15.0556357237,19.9073768802,16.3320317778,12.5459827315,12.8031500228,12.0693453237,13.7757070542,10.3501612563,17.2175391852,12.3997880637
19.1670543236,26.4920265147,21.8021168753,16.995147536,17.1128327386,14.9401864873,18.9852831141,13.1888684197,20.15659915,15.45103989
15.0004346487,19.1759220529,16.4654722731,14.5159486529,12.8149658602,12.4278870832,17.2799312337,11.2618368079,15.5907010531,14.9374697535
9.36632240056,12.0392409127,11.4946352511,11.2597284745,8.13187045776,10.6706955123,13.3155644602,8.13306382913,11.797064304,13.6865771171
7.77987288006,9.3246712478,9.49737696261,8.80475363548,6.24279072119,9.74399560092,10.2070206848,7.0864113121,11.0364083387,12.1045227362
8.82747589346,11.6088740956,10.9177657999,9.20419772705,8.29126325988,10.0036102366,11.2146883963,8.61683367733,13.0994309992,11.6573661956
11.1554198809,14.688400268,12.9687830325,10.4732942586,10.7063507691,11.2027127896,12.8892558462,10.405379836,14.4531059262,12.2637777213
11.6435578941,14.5204826268,12.5828472473,10.6577713393,10.8258522951,11.3849863236,12.7719348097,10.4396436625,13.7205821812,12.353544328
10.6348826117,14.8137495577,12.4137072419,11.415275867,10.8359674431,12.6036867136,13.0509515103,9.49140381649,13.5508735584,13.0938934085
10.8030397273,17.0513396786,13.7788369683,13.1590135417,12.0256418207,14.0597051503,14.9274191475,9.68168699555,15.4614634281,14.3452019964
20.8326411161,31.0152643132,25.6495386317,20.9279158635,20.2843035338,20.0950351858,22.1733192753,14.9828649246,23.7440118222,19.1124921381
15.5437581163,20.9587492127,18.0851944507,16.890252228,14.4826853504,17.0762983135,19.5342602178,12.2649791164,17.9325556143,18.7645182771
15.2660540523,17.8423230234,16.4439562537,15.9487906869,13.2399390054,14.9341937342,17.1019147762,12.0359803775,17.4551320763,17.4463395771
13.5313746115,12.8268186653,13.1962909921,12.9896938371,10.6567563479,13.032302935,13.2402942201,11.2265343518,14.3339370318,15.6263017527
10.6972332244,9.58611888348,10.3423308967,10.617292127,8.16549775407,12.3793713806,9.47373731008,9.03133245646,11.865521854,13.8200767494
7.20583023347,6.70523627451,7.16860536824,8.40943278419,5.30508290752,11.1500641559,6.32483304106,6.19381230812,10.2824741096,11.5144809801
4.44319778648,4.54678747854,4.35068526931,6.6607957648,2.87504149452,10.1983908269,3.95749638951,3.91098252125,9.14588160537,9.48356733508
6.26129127815,4.98977881456,3.94004063043,5.95674100877,3.60016949287,9.05635766444,3.2049349915,5.01516217381,9.85692705593,7.66969770198
7.4111542438,5.82745855085,4.16762830993,5.09644887236,4.48354356775,7.83011623195,2.82404653997,5.56628743289,10.1228113373,6.46718135823
10.696947665,10.014011296,7.04677896592,6.22173119234,7.61811859282,7.61594963799,5.03489289989,7.46284449042,11.8036527393,6.25294919403
10.5641236724,10.5585939188,7.32558583966,6.43217144337,7.80516710817,6.53106111554,6.2090904684,7.34186253381,10.8736369641,5.92389626781
10.9682110361,11.41481016,8.27892446111,6.210974571,7.95682808353,5.24587428858,7.22064877346,7.44465524448,10.4981227807,5.50423869592
10.5815331627,11.1763773124,8.32716891853,5.98680289461,7.45366515627,4.30832982488,7.9121832357,7.2806048685,9.1900664234,5.11678439195
12.6164719455,16.3917536744,12.5030638174,8.22548197758,9.96911984871,6.32506265997,11.1021879943,8.29982658363,11.3630679727,6.75400984692
7.18268948891,11.1757929415,8.4831547287,6.06480874765,5.52415442774,4.69437129234,9.53414460417,4.91275478279,8.11655845782,6.40925997734
4.17220878116,7.29704070294,5.55166504637,3.84863531585,2.09412712251,3.76039019402,6.96406064054,2.61835684608,6.26118418552,5.57163216609
11.6513888801,17.4856417899,13.0621571349,8.46917539898,8.31171971108,9.49808711853,10.8259667322,5.89543700849,12.1673555155,8.65306530999
14.6429862308,20.7248914566,15.5333745988,10.7404850721,10.3092703617,9.73274743686,13.0327708295,7.20743220972,14.8121896384,9.95204526894
8.45890544328,13.6664008002,10.4713770004,8.63678927831,6.20453190012,7.1338522252,11.5569612812,4.71734446635,11.320034224,9.62859810456
5.76543878347,9.16935851497,7.50524952456,6.50590272534,3.77549509043,5.72259460882,9.47844128125,3.933916248,9.26223383329,8.62964793508
15.9766480855,21.3830655197,17.402863778,11.8401810214,11.7481033879,11.5165900604,14.0009808374,9.17687148305,15.86913679,11.6700046564
15.9240843743,20.4204195507,16.7282543911,11.9854025811,11.3582200853,10.1459560413,14.4726953703,9.14112898963,15.6382559031,11.8971417519
9.73318831691,12.8579693876,11.2618510809,9.20782552683,6.65831085999,8.04053254211,11.4590660447,6.11718743361,11.0878015633,11.0601951633
11.4957453588,18.0339750274,15.2390534573,11.516717432,9.86637057672,11.7580534645,13.6610616127,7.45868609242,14.3468177649,13.0990789512
22.5722833492,33.6990146158,28.176257068,20.0779072215,19.0989901144,18.1381521628,21.7840345745,13.3496313972,23.5649156673,17.8335172786
17.7351090442,25.0853367227,21.2010578081,17.5842174817,14.6480602515,15.0597921022,21.2584311081,11.8670189422,19.0865804971,17.8903360983
12.1355634614,15.8062837117,14.9897648711,14.3117734139,10.0188483329,12.8254554175,17.0480906977,9.58970363451,14.3282063937,16.7255661131
8.5206526812,9.95840215044,10.7772133036,11.1934703614,6.73857494243,11.6103231832,12.6468297684,7.78837126912,11.763035892,14.7392435615
10.0048450796,11.0009563639,11.246170535,10.4021020926,7.71605819375,12.5826103242,10.5545381624,8.34417213788,12.8510951902,13.8230671635
8.81949992175,9.38028237374,9.46033618022,8.93403536085,7.37743981503,10.5975345759,9.24673963197,8.19863870216,12.859850522,11.9220579314
6.5551742383,7.38241854734,7.20493415364,7.7536718881,6.60905833554,9.57875998491,8.46374892335,7.73560452453,11.3029997181,10.5959101866
17.3965346106,22.5311054811,18.5844494509,15.3074767081,16.5925575865,16.273526894,15.8138289871,13.7497107116,18.9318351961,14.2339080945
13.7269219244,18.5658299999,15.1942757029,14.0066865809,13.723724457,14.1122057085,15.8841416662,11.6067747699,16.8234512711,14.5069439844
11.1043465584,14.0639941235,12.0371536822,12.6556435437,11.1797695257,11.9150777643,14.5203720697,10.384224264,14.4996727537,13.6156753298
10.9104309321,12.9391462821,11.7488673536,11.8687281679,10.8247375919,10.9998437317,13.9711258474,10.7497888929,14.1674278496,13.041038126
10.351447556,10.0956928544,9.86832173936,9.98870514717,9.25554835216,10.1160866283,11.6045311939,10.4172056416,11.8662946146,11.900237213
8.16333272867,8.10607509321,8.12226489532,8.34534411582,7.71989150635,9.25359974903,9.57575603761,9.03480271262,10.576987848,10.5948153017
8.90192435906,8.52570256792,8.1346384359,7.87748328083,8.13128942605,8.54364792607,9.17431615017,9.33010805456,10.7086120143,9.29250510891
9.49516473693,9.58269237153,8.82294040935,7.60735073554,8.89782121881,7.68394070406,9.68019259979,9.83007172068,10.9892791242,8.45747444991
8.11602050514,8.61989090203,7.66801723644,6.85035044532,7.92471931155,7.19024132743,9.16676458292,9.09135810131,9.43570432079,7.84486111218
5.43778446291,7.08677370593,5.88294963405,5.99248342857,6.12865808574,6.83558248497,8.30739927478,7.13801086556,8.15180270265,7.19212155483
14.1663884692,20.5676814637,16.3366863364,11.9100835766,13.7274498377,11.9421841546,14.6016591996,11.3948587853,15.8585848378,10.5354337612
12.9263155876,16.1109036599,12.9731344712,10.4373263486,10.8363594515,9.63092747934,13.4965990128,10.0241905173,12.8753931258,10.2146356607
21.5105404827,28.4638064514,23.6274395425,17.3033445399,18.8137719309,16.1892729578,19.1059831241,13.7349785752,19.0645014129,14.964471213
23.2003461675,32.5868130088,27.0201075514,19.7107084626,19.5535721968,16.2233056302,22.3274937072,13.6999806082,22.3069210473,17.3783823598
18.3403031627,23.3878012723,20.7169577672,16.2623816801,13.9719126718,12.9718377478,19.2929167748,11.4905380518,16.9058972159,16.8702900969
29.8593930504,37.6480301496,34.055537793,24.5471183726,24.0726614354,21.2391777629,25.1065526503,17.1579813125,23.7532759447,21.8460120457
21.576788482,29.931615461,27.1029449203,20.0305865528,17.1341761574,16.1252028128,23.2380212457,13.0721388513,21.7478638286,20.9363201773
15.6430638651,20.3363730558,20.2644464775,16.4840960696,12.4506459461,13.7701056671,19.5131125361,11.5512369181,16.5048893677,19.7314572345
9.52101754702,12.3578072248,14.2803153394,11.9384086128,7.92028670918,12.0568567637,14.5078948508,9.11243157726,12.7122169211,17.5563778921
8.34742990412,9.61818981214,11.8812327965,9.06847500764,6.87054439818,10.7942717092,11.1419826288,8.85044274774,12.2127519123,14.9291298308
7.96492462015,7.60466597784,9.51365443096,6.93518914894,6.23770678421,9.80316158745,8.25651228779,8.75945774088,10.9443116547,12.5931756452
6.18580994706,6.6024916856,7.6730326099,5.37066996362,5.87629457763,8.62588068305,6.72874346588,8.00754701624,10.3314160307,10.6001832977
2.1077053804,5.11056174861,4.99805033155,4.61551112801,4.96369806679,7.8686180479,6.86832209268,6.60248542416,9.18326266181,9.23677210987
0.387165857784,4.50978672897,3.48781178928,4.50036076656,4.9206880478,7.33091613113,7.88550181192,6.46920550806,8.87761000505,8.18183767847
2.65211894348,9.25549376309,6.70458613349,6.40889137874,7.76658063515,9.18935179317,10.8611094041,8.31722842863,11.8319595877,9.37941514297
0.40700482683,6.0073105265,4.03250096855,5.15988181645,6.13362567402,7.76028137787,10.3883544258,7.37361739168,10.0853668254,8.96665998616
-0.898548963208,3.86993509009,2.35961374421,4.50225118916,5.28752508739,6.95116106283,9.95814645811,7.04792362471,9.00859098826,8.40606408447
-2.14841288274,2.00425766213,0.851401974878,3.6825204412,4.32271011915,6.53451919417,9.02692798133,6.56418835778,7.96014806264,7.79250073733
-2.51318098996,1.15689512941,0.123732964278,3.08377016304,3.97534702908,6.30068266149,8.29295797096,6.42514975465,7.660329613,7.17551457388
-0.682433529318,1.77338825866,0.68050341122,2.91366415611,4.67291338823,6.09923687007,7.88295468297,7.18854054734,8.068651093,6.54951067338
4.00663103808,8.16131190984,5.4091627627,5.65477927231,8.33385825561,8.35173109644,10.3099571226,9.44186985072,11.3559870641,7.79133900301
6.433419051,11.358291432,7.88835821443,7.83235626619,10.2193263948,9.19307653836,12.4973629157,10.4574392958,12.8161112467,8.93313906204
4.68048853225,8.85349170027,6.16446613077,7.69321758908,8.86853361735,8.09439794466,12.609343169,9.61905277615,11.0632932724,8.91907863713
5.53208025894,10.397291156,7.88785505305,8.40246206509,9.63439193066,8.70136074398,13.5607667575,10.0864327543,12.0348721476,9.77695189037
6.43783193591,10.6007836703,8.53945889456,8.3331026818,9.66511623083,8.82507467873,13.5055633094,10.3396198406,12.0161403109,10.230969412
3.518274963,7.02915328705,5.87571815111,6.88395442585,7.33689471565,7.95335975446,11.8233078581,8.75871943127,9.79920699464,9.79234878419
1.98009899905,4.91306075414,4.33185650322,5.45574464384,5.93812146705,7.17060768002,10.2136484616,7.74272967198,8.89107018333,8.93661492412
0.737652578246,3.35709285036,2.95015935658,4.22205646025,4.87180852755,6.66427153759,8.75883496867,7.01165158114,8.09063351235,8.08284643727
2.36461500918,6.53279054007,4.94913700396,5.42554278076,6.72748845795,8.07534985674,9.95564248391,8.0551943064,10.028365658,8.54282942652
7.24886026296,14.8287664593,11.2789066945,9.20928034624,11.2717111017,11.6547933417,13.8131378287,10.5691406568,14.8860012932,11.2626284217
10.6480155448,18.1031768131,13.8373682795,11.7643025076,13.2513572408,12.8993967161,16.2704593914,11.8558008305,16.5857441952,13.0537272189
8.26635857127,13.39006466,10.5721371084,10.8228483905,10.8374741369,10.9892491913,15.3622704146,10.6712910366,14.1152028381,12.8850001093
6.97136237932,11.0090775863,9.15559013621,10.9450383305,10.1387806586,10.1579162183,15.5016008325,10.7445521477,13.0741414966,12.4852767303
7.16022120117,10.3619780675,9.03251989408,11.7751670115,10.6868439826,10.6508966059,16.4180754546,11.9454939442,12.74677221,12.5009670578
6.51060453103,9.48696271845,8.71575627257,11.6118458365,10.6895261195,11.6423478035,16.1736521329,12.3337704774,12.342774447,12.8818049213
14.6130364192,18.2471257885,16.0391354491,15.6246422106,15.96441581,14.8074676537,19.1548122796,15.6873771348,17.5693493456,14.4962253474
16.8431574272,17.6890988475,16.121829671,15.9929203414,16.2360356546,13.8329857601,19.4009254175,16.5423607464,17.0148568593,14.4515612948
15.8633786728,16.2282605924,15.7446264557,15.5529142108,15.6485906035,12.7935128172,18.8629226698,16.4068623791,15.9767758286,14.3779794499
16.6490412951,18.1804731436,17.8010236546,16.0321458077,16.6463295265,13.3308506762,19.4986176256,16.9740079777,16.6913468095,15.0021875929
14.6176523689,16.1422688693,16.5168464889,14.2869815734,15.0472736291,12.1060603724,18.4934149708,15.9758605642,15.258046412,14.6295622915
12.9567083117,14.461360079,15.1404763208,13.1903319351,13.9602004067,11.560510694,17.6443018031,15.4472347063,13.8225787113,14.1457732755
12.7492068484,13.982995026,14.6026538001,12.7036895057,13.646783414,11.3349279422,17.1275121947,15.288430355,13.1983994349,13.5145327493
13.5755411057,14.3688928466,14.6277325728,12.8496154988,13.929321432,11.6273451508,16.8551239653,15.5387360462,12.8992951804,13.0791569535
14.9746928908,15.6379466444,15.5457591176,13.3089846909,14.5214639251,11.2204909437,17.1464911227,15.6030726708,13.4847793953,12.4817954563
14.8468490635,17.2511889019,16.6025440485,14.2338865092,15.2019689554,11.9240142156,18.4125922929,15.8893701387,14.0291045391,13.0800054703
28.5592588928,38.9757860229,35.1595858051,26.08236847,26.8384298045,22.114231573,28.5175362223,22.2358667341,25.6944721437,20.243085896
20.633807503,30.2768860816,26.901410274,22.8755636757,21.0481752518,19.8536166542,29.4110131323,19.0619580427,21.6697585806,21.6477047957
16.3209582826,22.4763865466,21.6335138319,20.653715626,17.4825608888,17.7692771011,26.5269953874,17.2010822042,18.9384051332,21.3783911557
13.287031452,16.6252687185,17.9446303096,18.0028316109,15.0846391793,16.6257424105,23.2743663654,16.344530143,17.1199975852,20.6647133485
12.4891325999,13.5637598568,15.9078869832,16.22772626,14.3580633333,16.1467403625,20.6267291355,16.5185120139,16.3722207701,19.5303552908
17.5699676835,18.0783405798,19.4019187389,17.9596063735,17.8945538504,17.9722412022,20.8025018647,19.0660344182,19.0221565265,19.5345727002
27.0663717588,33.1704289679,31.3721409883,26.405622676,26.3814806243,24.3405158904,27.7866737193,23.9478839721,27.2389538384,23.8474374901
22.1699024944,27.6608478746,26.1468461123,24.733622955,23.1871779322,22.6416499396,28.8709856121,22.6129742955,24.6531946917,24.56893082
18.3760697337,22.0404429758,22.2519258198,23.3631887126,21.0348928697,21.4467896443,27.5423964184,21.8591303866,22.3592512872,24.4927370211
17.9773832137,18.695287822,20.5489350493,21.44290538,20.1074556632,20.4777958847,25.0660114321,21.8314693478,21.1429047685,23.4821393464
16.7908141199,17.3762913822,19.4708035661,21.0400090732,20.0823723873,20.7219676382,24.3318578417,22.2802226106,20.7761238176,23.1927477236
21.5122212993,24.5426984167,25.3163644892,24.2109580698,24.3332088781,23.9520374717,26.6417438457,24.7244436723,25.0736784059,24.9697273603
29.9079429422,36.3657387444,35.1002683198,30.4796491936,30.8681956184,29.448079037,31.9642403928,28.677681667,31.2224510818,29.1600296899
39.8582871487,51.4129812741,48.8685366776,39.5397258557,38.8007190602,37.7548962882,39.7067590389,33.3497425857,39.0323585263,36.6059816295
33.0703570094,43.3903520393,40.3891243286,36.097813487,33.3450033491,35.5304909887,40.6426719716,30.6248117031,36.2418595404,37.7857605694
28.4036396994,33.166337578,33.3290570336,33.1675252568,29.2830053646,32.0896605215,36.5982371508,29.0068857376,32.7721072964,36.6454418669
27.1459313413,26.8591028541,29.9138854593,30.3433582069,27.5018760308,29.6330653577,32.0805151359,28.9284503161,30.6525928599,34.6520215406
25.7838512978,23.522738421,27.7999679603,28.4980778718,26.7780795026,28.1837888634,29.2686594731,29.3883563901,29.3108531899,32.9010699331
24.907737163,21.7195753721,26.6060692804,26.2867482634,26.4225573328,26.7042630075,26.7023547168,29.5649766498,28.0658366371,30.9009638384
23.0219958382,20.8342373069,25.2255082522,24.9769340502,26.0225733593,25.7844682725,25.6795451476,29.5091641401,26.8187561245,29.3791458595
22.771264982,20.5723478293,24.5609488131,23.4179025975,25.8329533266,24.5581433705,24.3525986975,29.1811998788,25.571552729,27.4782457019
21.7183276603,20.6743840112,23.8241895382,22.6928762361,25.3923695621,23.5961923334,24.0281905204,28.598660623,24.5849608689,26.161600862
20.9675359306,20.718039334,23.1322885925,22.2053532579,25.0193853709,22.9420397727,24.0524737878,28.1508494586,23.4975969422,25.0879034295
18.9292740226,19.7846912944,21.8697986497,21.1385282339,23.825254017,22.0536952914,23.7097202642,26.9405035054,22.3290517285,24.2174234305
17.6263654361,19.3583987278,21.0281409504,20.5021070175,23.1692293712,21.8622709801,23.5704022956,26.154985297,21.5284070181,23.7117632726
16.6962184992,17.1338362499,19.1134064657,18.3751683172,21.6618728235,20.7610154455,21.3562027967,24.8500061112,19.583858122,22.3551956015
14.7060876974,16.0637743501,17.7809139804,17.1593189292,20.1075695403,19.1409255425,20.2142320684,22.641290792,19.2125662486,21.0387220056
11.4329798675,13.7992928632,15.5339932226,15.1979257353,18.0260235978,17.7146579374,19.0481945565,20.7641173628,17.8824679555,20.114374628
9.09610616978,11.9541765757,13.4976549771,13.7813979136,16.5406917974,16.7688899468,18.2504621979,19.502594099,16.7407977535,19.167573331
6.41193391131,9.89338000978,11.2119937077,12.5499494678,15.0874649847,16.1748155149,17.5568939857,18.3394444217,15.5405823209,18.3826303176
7.49687094682,9.36047174893,10.4853349795,11.6218758619,14.6484883679,15.4084723536,16.2112415374,17.8421095785,14.9447504252,16.8209045917
9.79177289904,13.0629571272,13.0957605395,12.6696996627,16.2379110825,16.3147706903,16.7896297964,18.2843807135,17.0007785427,17.1256798047
5.82754032142,10.3496828394,10.221449527,11.7734346267,14.2374999442,15.0898578388,16.8021061353,16.5295142496,15.5605574973,16.7778685973
3.91664378351,10.3336080805,9.78279129887,12.02335865,14.0183603075,15.8171893731,17.5914099534,16.0419806,15.8460550359,17.4073972016
4.79271890517,8.8682115496,8.65479471626,11.3895980745,13.4775872407,15.4359301788,16.6682179644,15.958127941,15.1766757577,16.7256809038
19.6759966646,29.2831451697,25.6728443679,22.3550263764,24.9255608687,25.3413748924,24.7841995269,23.0810205025,26.0994090008,22.8392417461
28.4224777656,42.5793447268,37.0205647505,30.8127394648,31.4055313632,32.1673503536,33.2388665352,26.567887277,33.8041488755,29.815381375
26.2575088332,39.6658459938,34.1908920546,31.8552629427,29.8604023696,33.0015258822,36.4839390346,26.1465287816,33.8176429331,33.6506336163
22.1029450391,30.7245356675,27.9461237984,30.0819033416,26.4979943507,31.1133901492,34.9302591304,25.0889217789,31.2688557843,34.332763545
20.1044954903,23.9896790876,24.1457955673,28.7035031325,24.7594433616,29.6949614861,32.4110030485,25.2785259845,30.0132795455,33.9087633964
16.5400018306,18.2212266294,20.8712180168,26.3197737682,23.1722958469,29.0313720335,29.6171136956,25.5083418026,28.8201602645,33.6825550458
15.2816177743,14.7069224616,18.7638467985,24.1760276095,22.8115065668,28.5205407164,26.9213536212,26.2054249018,27.990151277,32.397831963
14.4825641566,12.2261249266,16.9908281945,22.1185220662,22.4258775882,27.2171627095,24.2906376759,26.3955675333,27.2576869095,30.4712539279
12.2529313455,11.4199141705,15.6620356557,21.0567671691,22.2181278546,26.9877900193,23.3484433991,26.5555756614,26.6299557094,29.5384126644
11.3736421679,10.4133306865,14.3076675267,19.875813843,22.2033278543,26.4520467772,22.3744768437,26.6596145628,25.8884573756,28.2361956309
10.6957349343,9.55762320559,13.2032041322,18.6575009401,21.9681353134,25.5488859071,21.1248716915,26.4553918864,25.1522918248,26.9712747904
12.6368441385,13.0579392562,15.3829358989,19.7929790936,23.8966654448,26.6946087578,21.8625622053,27.6227303308,26.4002784743,27.1473751674
12.5860124313,12.4764115003,14.4097982287,19.1472309625,23.4986036968,25.7641238008,21.4353367381,27.2656629899,25.3729579005,26.2607086209
11.9071855542,12.3477084924,13.8741297126,19.1503153531,23.2614839831,25.3156074846,21.4123215735,26.9585630647,24.6602113138,25.7986879235
13.7148086482,13.9711700847,15.0872130879,19.6716398411,24.0360087149,25.0931576445,21.6793588344,27.1030646434,24.996135733,25.2883206092
15.8198940357,16.7293009192,17.1993083959,20.9950657979,25.1731190113,25.4922366472,22.8323500981,27.6909720307,25.8296823712,25.5832618987
17.7733816979,19.3811075299,19.2614229568,22.6083428882,26.2958608613,26.1636237852,24.4832235271,28.3811291427,26.5465966165,26.2326262848
19.4974472242,21.7320529059,21.224438817,24.3455914684,27.293515369,26.9564723315,26.3236690111,28.9967936154,27.3212250973,27.1230069022
16.9637723632,18.8089051948,19.1600137303,23.278848591,25.2885798895,25.7587185883,26.1405525024,27.7600342296,25.7781414743,27.0300065488
15.5384609739,17.0913412293,17.9758983397,23.2284120921,24.4492623128,25.4929806315,26.370969665,27.4317903309,25.0128779351,26.8919178792
21.6240942431,25.9420365318,25.6811899529,27.9081212319,29.4919829665,30.4562830786,29.9248390022,30.7929478514,29.8544954894,30.1126569987
25.2203307311,32.0575378338,31.1008281438,30.6936334476,32.2294613127,33.9952307595,33.0708577038,32.1983965728,33.8567514823,33.7738384593
19.8405116679,25.3092981472,25.7775611694,27.0113439208,28.0379368484,31.6475758425,31.0441716925,29.3441500938,31.6825135094,34.1283142548
16.5547370285,18.7975882445,20.9278341215,24.5070821181,25.3222358153,29.4521114086,27.9267070597,28.0123279071,29.0099346399,32.9145311804
17.1483215541,16.2887891661,19.2105971517,23.8103433258,25.121041952,28.509845758,25.9607236436,28.6042239067,27.8621302444,31.2860493657
18.9748260501,16.4610780203,19.3886058019,24.2605422346,26.0887355785,28.1530128209,25.3734538691,29.8128386221,27.8070242189,29.9493590907
20.7694946642,18.1281103598,20.4783851929,25.5877056379,27.497768647,28.317228853,26.2712898618,31.1524836291,28.1814697326,29.1754726936
24.4899524353,23.7508367666,24.9448550835,28.6414530696,30.705883439,30.401066757,28.9759067257,33.3127417299,30.6314379545,30.2280291779
22.689346339,22.7653320045,24.0592320511,28.1090728509,29.7599985747,30.064873787,29.8145970372,32.8236628926,29.8687077958,30.5405917384
25.9830425498,27.9740025622,28.5205877432,31.0809883205,32.7437403811,32.8205677638,32.2750438482,34.560003118,32.4518727639,32.5399485657
33.9342457065,38.3114603215,37.2833187611,36.6862030865,38.2849580429,37.7430764609,36.9938464304,37.6759010915,37.1278894418,36.0394984582
36.7177231151,39.8939854616,37.882197904,38.4633028654,38.7484099548,38.1694659725,39.8362084165,37.9111564737,37.708207536,37.0394471908
39.6006514429,39.6978711706,38.3277869158,40.3318825914,39.2409768056,37.4080083042,40.7001112584,38.4748231897,37.6999828565,37.1202849227
43.6846947199,41.9888271351,40.5405501612,44.4151811399,41.6103176511,38.918122471,43.6690123705,41.1540720547,38.6095931346,38.2257263901
47.4158167522,46.6093293266,45.7513883913,47.8532136334,44.0954146548,40.8961423596,46.3601376663,42.8557176068,41.83531921,40.5335301171
42.1075420367,41.7459297085,42.7161759035,45.4963128372,41.1097460174,40.7126213426,46.3907535966,42.0995531362,40.4402289787,42.0898665992
33.9233500057,34.3834723697,37.6663229759,41.6891370441,37.3292052379,40.2710845956,44.0773477863,40.2316109947,38.7079530856,43.1117784746
28.1692607682,27.6590606776,33.0012914627,37.0587964653,34.6921610477,39.5652120177,40.2351718432,38.5139170208,37.1095301996,42.6223727749
24.0184780731,22.7106625127,28.8555729537,33.8027158961,32.664507567,38.8078714088,36.8374804506,37.1116827601,36.4311824863,41.707247639
19.4073363225,17.5581897416,24.4649717064,29.9651976683,30.3934507736,37.6413140607,32.9282524083,35.6230181898,35.3479393722,40.6950301844
15.9061089112,13.5322309372,20.4911637066,26.8905179084,28.9356777797,36.8284042293,29.4932439548,34.8347263637,34.048975049,39.3816233851
12.740689579,10.7533198114,17.076650735,24.8500098753,27.8098618616,36.2599630005,27.1816767974,34.1244740176,33.1847064536,38.1183454033
11.3249909925,9.47587937058,14.9561607027,23.7982422915,27.7399401624,36.2535390841,25.7554690409,34.1547179306,32.8441883323,37.0215335806
14.7267555828,11.2757083049,15.5135841859,24.9435079004,29.8852537693,36.624984621,25.6509271546,35.7042539352,33.6324225774,35.5798436745
13.8195078221,12.5421169721,15.7151244634,25.5177937287,30.1371990841,37.220983758,26.2247086621,36.0143028878,34.4972145007,36.1639108638
23.441477798,26.0667941597,26.7708627466,32.1809900718,38.0832938214,43.8256053444,30.9613301303,40.8984370515,40.769237109,40.1514628668
22.0768534369,23.577468294,23.8253492676,30.6528010479,35.7420679223,42.0109777568,31.5526344089,38.9106456699,40.1949016272,40.2090437069
16.9096480498,17.6234819018,19.0085810274,28.9880882389,32.4777427068,39.899301177,30.1410427357,36.9592405452,37.7674591315,40.1360432349
14.0167154395,13.5658956915,16.152398876,27.2841737972,31.0217651067,38.9318680947,28.5005475252,36.1235295542,36.1644359088,39.5274005956
12.6329527217,10.9839525967,14.2984408589,26.0761476488,30.0778997411,38.0150211969,27.1419785211,35.5964074387,35.4962571933,38.5268545536
10.6500141348,8.51534225211,12.3257658945,24.4301979873,28.919777585,37.1547638701,25.5601183073,35.0955524283,34.2008152487,37.4631908833
10.252511059,7.38996400476,11.3156002538,23.3170879585,28.5883528761,36.2748925756,24.1817365885,34.8151723587,33.4338294404,35.9647693115
9.94863746807,7.14138819446,10.7780305482,22.9077085851,28.50754593,35.8474083075,23.5742015331,34.8667531823,33.1175385979,35.0771901164
8.31482674959,6.65550187994,9.84093494187,22.5241227325,28.0655399704,35.8711889267,23.5388358155,34.7373930767,32.5954756907,34.7750195647
7.78071440785,6.15405255663,9.23058156509,21.8172141241,27.9351031544,35.448581372,23.0047250481,34.3368833273,32.2706894394,34.008740272
8.21737345962,6.29121279996,8.98897333753,21.7444394134,28.212011203,35.3645078839,22.7539807308,34.5650335897,31.7898033078,33.3235280164
13.6208274599,8.9659948049,11.2581396922,22.9646793846,30.3400472721,34.5118715113,22.6431992798,35.4850271489,32.608546567,31.6455708191
16.5489175239,11.7743674189,13.33805697,24.6105004575,31.3265649007,33.8850010554,23.7277799021,36.3295404095,32.6810557881,31.054558576
18.2909354669,14.6949336462,15.8004008593,25.9140764547,32.2927537075,33.7882211192,25.1716377759,36.8008051593,32.8586304038,31.1956585263
25.074479792,23.6294421338,23.2640318493,30.1900412211,36.6379553961,36.1580989779,28.8187107007,38.9204475891,35.8137682223,32.8152559446
27.383454027,28.9857036102,28.2045096807,31.8280729438,37.5207834924,36.9970981531,31.3171304119,38.4174194674,37.4707002537,34.9610052107
23.9136608126,24.855660393,24.987492349,29.3251948118,33.498052917,33.8029428427,30.4464091566,35.1670677979,34.7109128616,34.27875106
22.4734302371,23.3094401827,24.2177444761,28.9254449469,32.0396082864,32.8840760441,29.9278398443,34.2874348948,33.0726587819,34.2345072915
19.6983341869,20.0550922988,21.6442571303,27.4313956608,29.5830815941,31.3898179179,29.2772530384,32.7925136602,30.9104167988,33.2309786564
24.9324318682,27.9240303271,28.4986103794,31.3362118301,33.8130177158,35.52724177,31.9824827259,35.4389759046,34.2468357266,35.4461222545
21.3564926256,22.8598545012,24.3881034509,27.5560882188,29.9626357836,32.5812704736,30.110659579,32.3904409956,32.0709990389,34.1532116111
18.5128543986,18.4826550021,21.0296346569,25.6398402727,27.5611184009,30.3518541321,27.7394549678,30.8059862644,29.77506783,32.6511749591
15.461431391,15.1445705633,18.3123515448,23.7109138561,25.6937679504,29.0331732393,25.9537389086,29.7089389877,27.9221032426,31.409210768
14.4938223823,13.5556955807,16.9026615363,22.3851949046,24.9690994728,28.0958517305,24.5699179095,29.1707154214,26.9137995529,29.8931031115
12.3402917103,11.9979818686,15.218722315,21.1082831789,23.9897254871,27.5389987613,23.5645552171,28.5435196789,25.8500046053,28.9738278863
10.827918128,10.8678452878,13.8071767177,20.1528893572,23.3318385629,27.0308517542,22.8717247184,27.8765338225,25.1530860036,27.9558498496
8.48557489861,9.15749696736,11.9552111041,18.7385986497,22.2081830691,26.4288800094,21.8592237925,26.869084186,24.148873659,27.1401351063
7.56146196626,8.55217398042,11.0013580315,17.8556814442,21.7615551674,26.080486356,21.0348080797,26.1721886502,23.7757280469,26.3377704517
5.99142296422,7.33183183275,9.42635935999,16.9067830933,20.8742893835,25.5877462827,20.2294063481,25.3048822171,22.925011842,25.5718810326
7.08987139378,7.06107217673,8.98167082705,16.361767878,20.786863605,24.5685232367,19.1933861905,24.8759078048,22.6469424074,24.1312639194
8.06468734304,7.04504305251,8.79741249496,15.5033878613,20.2243717737,22.761158568,17.9388748988,24.0644184843,21.931096465,22.3354425737
7.97153449941,7.60089246846,8.85704660736,15.6268482245,20.0487250205,21.9157737982,18.0984122627,23.8112610652,21.4801169845,21.5721361625
7.40664301768,7.80241248887,8.75275835498,15.5423685161,19.7420817092,21.3081758,18.4283338284,23.4455461551,20.8128826912,21.0137741122
7.29499005112,8.12419700028,8.80799434812,15.6538010251,19.5909795395,20.9620382389,18.9020895574,23.207066851,20.2873564138,20.550275113
8.36170943866,8.90583000844,9.45157797337,15.8231576577,19.7965714273,20.7113222352,19.111669776,23.2118230374,20.0834936462,20.1101467077
8.23200801441,9.2197209412,9.58241687454,16.0469781113,19.6201920162,20.6192647683,19.5054456308,22.9888733068,19.6650222746,19.9876606712
10.6578450221,15.6559086471,14.5860625567,19.0699338912,22.5772465638,24.1431456939,22.4670668486,24.3647625572,23.0180183223,22.7098440278
17.517365056,24.8668103151,22.3418457095,23.4518100374,27.1101449627,28.2293068604,26.3559691809,26.5137978731,28.1360567932,26.2593549111
19.2505642147,27.4418465328,24.369910607,25.99618967,28.0240857789,30.2369952927,29.3522210905,27.0617658612,29.94959251,29.4105837177
15.2747656883,21.6146869318,20.0583829907,24.3029629889,24.8013471054,28.582553017,28.5306448085,25.1336892793,28.0980043396,30.0731499424
12.8116227081,16.9594054956,16.9512221373,23.4996700035,23.1672997285,28.0259984942,27.3822396852,24.7634241043,26.6524735354,30.1545222751
9.44179799372,11.6058367951,13.5195455463,20.8950702666,20.9470151949,26.7620206545,24.7115665237,23.767542373,25.0529194947,29.4113681398
7.49799860412,10.8491370705,12.9749339623,20.354397358,20.983197709,28.0081701368,23.8794969731,24.1083138339,25.6422962931,30.005614343
12.9200056666,17.7072906907,18.6291977561,23.1054398754,25.2531383989,31.7234794197,25.4101453185,26.9723233007,30.1496729681,31.8788839667
10.7286679272,14.0433636382,15.2463535682,21.1167220619,23.2832870354,30.2279877471,24.1687841751,25.9022322058,28.9589066377,31.4255700537
7.48136737621,9.92011769694,11.6491895372,19.750260512,21.6206759672,29.0049957726,22.6319916246,25.1058597881,27.1248700484,30.5995891815
7.17668990961,9.85622125378,11.3964357772,19.9464479755,22.4059434976,30.0327528614,22.3345674143,25.9649241794,27.3452082584,30.7208021761
9.28246309437,10.4783025345,12.0023291409,19.8803053875,23.2861002291,29.624081221,21.6405061909,26.4576877435,28.3211685229,29.8862115984
13.9834856805,14.1639350126,14.936684599,21.8168499357,25.9539845518,30.4411596289,22.3775362208,28.6189142517,29.8202675302,29.9121820244
17.9474582124,20.1026841897,19.8127529892,24.5204093964,28.7478657747,31.9163328261,24.5815075055,30.1952517008,32.38608246,31.2479465717
28.3846570992,34.7734346191,32.7281826537,32.4606088875,36.7034984948,38.5562363479,31.0551711595,35.095760089,38.8959711883,36.4288901501
22.7816805164,27.4589762882,25.9450762983,29.00243712,31.458947104,35.140602804,30.9343539292,31.9835838395,35.4481800922,36.1922324306
19.5237802863,21.0418637044,21.7316516502,27.001875081,28.8926400497,32.6812327046,28.1403270783,30.7859921647,31.9516387758,35.0590297403
28.5159148148,33.4586050901,33.1372477583,33.7852055088,36.1714228962,38.6897663532,32.2490656521,35.2578445958,38.0945753855,38.7080655526
32.9977145608,38.1609153559,36.5264672761,36.26154673,38.2800158808,40.5473831062,35.8677166149,36.7377193423,40.4016021805,40.5530359209
46.4609999357,45.5964629659,40.4244369055,45.7354159263,44.9258986375,43.0146777463,43.3128557868,42.6578586546,42.3882766171,40.1906607922
58.8449746451,53.5362801882,46.9615407103,55.6839374552,51.6049035448,46.1810393237,51.4591799444,49.2090547777,45.6018366544,41.8422670735
66.4313184784,59.7622347043,54.46326004,61.7171697423,56.0920526425,48.7195192692,57.0391966944,53.3186126397,49.1413588804,44.7949215077
70.5084861408,63.378928674,59.4065885897,65.0280159985,58.9316097361,50.9169150666,61.1177068353,56.1937163487,50.9836496848,47.4140052385
70.9419264753,64.8285693265,62.5693913028,66.3022714273,59.3505548087,51.9099008486,62.9579014126,56.7334751273,52.6915275604,49.7154456279
85.0119487606,78.4853077561,74.693374226,75.0111904388,69.026875436,57.9358917591,68.3172629742,62.5952723457,57.5266398679,52.9957836085
97.4512004346,91.9262598,82.3172811457,83.6063687485,75.4340383551,63.242239732,77.8041639126,66.8833365321,62.77651492,56.1082714951
96.486109344,91.2192577163,84.9860343464,83.4340982829,73.5806207107,64.1120557792,78.7650992728,67.0810509487,64.3835091187,60.1549611539
91.406775884,89.2322368447,86.6000209876,81.5541303996,71.5594356305,64.8671297447,76.7202407964,65.5539919756,65.4185144983,63.2999394348
83.7798981769,83.7191859548,83.3740475868,76.635054288,68.2050053264,64.724686358,73.7288602098,63.6596919648,63.6476203041,64.4470433389
83.7908306842,85.7785050493,86.1637375668,77.1703027017,69.320295737,66.5535231687,71.8641696709,63.3504540422,65.4957166849,66.0645508963
76.4128109916,79.1685297352,79.4279037679,71.5143971242,64.8310145934,65.639945169,69.824135644,61.267528495,63.0401861164,65.8387386869
85.7685330231,88.422198639,88.82785575,77.9961470178,71.7685859578,70.4062026226,69.9565627672,64.6424336067,67.2103894777,68.2324652055
81.8878727344,84.3027382806,81.6126293262,72.8959541365,68.9187236422,69.7928469123,71.249320216,64.0001541813,64.6854267194,66.8514736813
84.7731187354,83.3707116839,80.3104784825,75.4124806386,71.0358279554,68.8638628098,70.5184372873,65.5337243969,64.4100874015,65.3477312877
93.223084665,91.8340985398,86.6970324157,81.4919274743,75.7594358017,69.9349969014,73.3631494961,67.0042408582,68.6793145664,65.5346592052
100.229374625,97.2524672127,88.3674436884,85.5947947569,78.7086840049,71.3146552945,78.7471623932,69.5914844704,69.8070717705,65.4267877187
103.253066959,97.0841286297,89.0473646488,87.1813814734,80.1125930864,71.4963197976,80.5452753814,72.4581624018,68.9670917797,65.6862166619
97.0985807593,88.3707328365,84.8148402817,82.8383767635,78.4375701755,71.822938593,78.9259522231,74.5830177683,63.9590301661,66.2582410024
91.4976246677,89.2739106957,85.7246336665,82.5152674674,75.6644371508,69.2654432,77.4776652152,68.7155121169,68.680205784,66.139118431
79.5362783335,77.9306889689,77.9434210142,75.2812107998,68.3274444831,66.9334460326,73.4344074822,64.5802817952,64.7383861724,66.5404527917
69.3209122879,65.5601708678,69.0480039974,67.5818848741,63.6120877951,64.6673973995,67.0537524437,62.4807156935,59.135778487,64.6195717439
60.9018606626,56.9728873887,62.297984785,61.6127077608,58.9239749552,60.5941609837,60.4905258007,58.1242212646,57.1119796938,61.5814450531
67.6580574234,64.408321468,68.9209793463,65.040495066,63.779726398,62.289613629,59.0778700648,59.4036382532,60.4002490057,61.4124410254
66.723825716,65.61173823,67.9927833522,64.3723975551,62.75902481,64.0085986642,60.5204500606,59.8292662679,60.4599184818,62.8391593345
64.5689090593,65.3201022612,67.4531265354,63.7702048691,61.8737684329,64.9277577402,60.098562408,59.3146634231,61.3504285801,64.2826735035
63.9856211152,63.5582415604,65.2834382346,61.6986308921,61.4955518847,63.7570429944,58.6075978358,58.6335324444,60.603879962,62.9738602368
65.9506924054,62.9360587134,63.7628170395,62.3814961746,61.8468094903,61.9739607007,57.8210375346,58.969814526,59.8577512817,60.9637953955
75.7585200948,71.3711899913,69.5853146996,69.4811223785,67.4171364716,64.3080651152,61.8151923394,62.9625310342,62.3767373956,61.118152934
77.9399902554,72.1572932879,69.2778472835,70.3074360344,67.7879567105,64.112645132,64.8369058407,64.6296370725,61.7571824506,60.5648994123
75.1144560955,67.7652163009,67.09058693,68.89216045,66.5629386345,62.8301089171,64.0016351824,65.3294030575,59.0890593256,59.9840936628
69.5031265149,61.2257902338,63.0014032329,64.9447428855,65.0956266712,61.7900184623,61.6877589032,65.2108198199,54.5962993037,58.5985089811
66.2742647748,60.4022067802,61.9840171714,63.5483813476,63.1406020847,58.3454054393,59.8461547153,60.7578557756,55.6709126276,56.0749846257
65.9318012558,53.4425821516,57.2678074053,59.0360571893,64.9302126194,58.2860621231,56.9207303044,63.9598970391,46.1382487277,53.0783496876
75.1770584428,62.7801880998,60.9754361139,65.5913269025,71.5123205228,57.7598480027,61.361270503,65.0001112517,48.9697539797,49.5039879651
86.2038396304,73.7813735486,68.2683576541,73.0441417565,76.215908957,57.1256891559,67.5141579087,65.7304241932,52.5806719332,48.8575266896
96.4458473717,87.5473914056,79.8327791838,82.0137112712,79.0329851188,57.8190753159,73.8028914365,65.2875851612,58.6080724524,51.5001385616
100.220751789,91.4043859518,84.3143604516,83.7819851877,79.1403642844,59.4192494224,77.9138165619,67.3144403682,57.5011689786,54.2269214139
94.9267544237,85.7028033662,82.917842724,79.2301253899,76.1336989298,58.7170928686,76.0547836416,67.4474143949,52.7065857815,55.0540762722
85.7524935558,81.0026301095,80.2751210566,74.7025207376,70.5646911977,55.2728922057,72.2493021801,61.8250269455,51.0449541544,53.7961625194
78.1847636851,75.6373797556,76.1576732718,70.5858504721,65.0003363908,52.4584712974,68.716247768,57.1157232626,48.5088254131,52.289555497
71.4329044483,67.6309157014,70.4199568893,64.5484736104,60.3339222779,50.2272509404,63.8854935824,54.5117292337,43.6618904997,50.2109612
67.3314271873,63.4832207926,66.3354393523,61.0216390921,57.3299197128,47.7564934852,60.1284266732,51.5675869152,41.6770373339,47.3833060055
62.7067659132,59.2456033185,62.3677938394,57.7218133094,53.6925762733,45.2363440866,56.7883970657,48.4223830802,40.0644273671,45.2666415961
56.0981701177,53.8498599277,57.8398306042,53.3919790794,48.8073164455,42.3626912452,52.7619074801,44.5337511893,38.4272119411,43.5531467048
51.0796363755,49.0051103631,53.6785936878,49.0133877283,44.7175774659,39.5224774312,48.4773416277,41.4596905277,36.6666025078,41.4323459793
44.9644309359,42.7001873211,48.2034993206,44.0980823481,40.5433905563,37.3113406927,44.0748505134,39.0993400417,33.5947694653,39.5968831803
42.4358302526,40.1192253587,45.3103568547,41.3782353581,39.848173079,37.2680669225,41.2144240467,38.4779661985,31.711448297,38.192240699
95.4849310639,96.2141809891,98.4004784544,80.5157094125,74.6447072215,61.9418730769,60.5481705584,57.7240369879,55.7989200874,49.9916646999
88.5750672602,100.393268764,90.1850330567,72.6114678836,67.7949634969,63.8922213987,74.1783487217,55.2109229933,58.2054128785,55.0433207415
79.1872950301,81.3172575893,77.0250232227,67.1754287097,62.498279949,58.7528705506,68.6537828946,54.338902249,49.0906034405,54.3432427191
63.8580954796,63.4503132419,65.1308663299,58.4269031929,54.5610578916,52.215674004,59.4581330748,47.7804968331,42.1075110865,51.1991045791
48.2600911194,47.8026442338,53.4785864886,48.6416394776,45.0378630514,45.0845741407,49.1355012896,38.820564478,36.2030167859,46.5109012032
40.814216339,41.7385951312,47.1120643673,44.3065571257,39.3182253664,39.9251678791,43.4532725544,33.6331306636,36.1919469944,42.5261902135
37.9001044413,38.8745209682,43.5144679949,42.1365261667,36.4260820483,37.6705578181,41.3524828596,32.5476610945,36.8435731008,40.9021285644
33.5929551407,30.1206167669,36.2061880875,36.3862236185,33.660618737,36.8827156032,36.9329296617,33.6442162179,30.7590623737,39.0219902599
31.4966254883,26.7728347846,32.7250645417,33.2508512984,32.3377170254,34.0595632898,32.3409066181,32.1986067469,29.8691783772,35.3661948781
31.4167439678,26.4846202782,31.3721484239,32.0837048214,31.968870752,31.4938717072,30.224214118,31.4548485231,30.0564760762,32.4981717122
31.2794538676,25.6740697328,30.0049853613,30.3177823959,31.4743281666,29.5007472589,28.3268926514,31.5153275397,28.270463979,30.3358114912
41.4061631374,41.3829706794,42.9247524242,37.2660520196,40.7877624355,35.2855831474,33.4654727833,36.0779870792,34.3908328284,33.5950891871
48.0683947003,54.9130351068,53.0405450787,44.1953915894,45.8148254582,39.9975258324,41.5135632511,37.8392357691,40.4685399941,38.3465721359
48.2946073818,52.4429940409,49.4966409691,44.3019222055,44.8141771072,40.4698618668,44.8204078509,38.7901652064,36.7457917249,39.4439280348
45.7086530446,44.5862660845,43.5478511632,42.6477641568,42.2027814698,38.4384537137,43.0659613699,37.9636868778,31.710189134,37.7650773246
38.2151132929,35.8445875295,37.4557303519,38.8622587821,37.3161549266,35.4530355841,38.8650686494,33.6151429381,28.062340009,35.5649893065
31.858368125,30.860813017,34.1416521102,34.804654098,33.5745032404,33.5774715175,34.2903485781,29.0492912916,26.6294010524,33.9761773843
25.187590391,26.0720967165,29.5923094317,30.3555474086,27.6154009612,28.7783858596,30.3934580485,24.1824196654,27.2717103608,31.2846094461
25.6423322505,29.1879177157,31.903162294,31.0376315489,29.2154849039,31.5499669398,31.0344952126,25.9556515121,29.2686743297,33.1756978596
29.942172207,33.0384706768,34.2037441878,31.8945571201,31.2228770997,32.4342105808,32.1190336486,27.8627225686,31.7987478841,33.4655990378
29.273025775,26.5696498318,28.5139083679,29.391736182,29.4500035232,31.0242869535,29.5262833012,28.8528918512,26.2819359394,31.5006323746
30.1807082768,28.1068450106,29.5313203283,30.5090361402,31.2343281809,30.9254975999,28.6470204849,28.8652698674,27.0925845464,30.5114894512
27.4642100446,26.1245181396,27.5880433399,28.4945527084,29.3105161224,28.9755804753,27.0015830745,26.6948501607,25.8735317967,29.0947587873
28.3323178687,28.0917573811,28.9130191622,28.6304508057,29.9438712643,28.6833263307,26.7376005461,26.267191675,26.4063887063,28.6116834203
40.1754360109,43.8810762888,41.4239820088,37.5518896084,38.1464918291,33.1966571461,34.0105811393,30.7172944228,34.3582970871,31.5763746835
32.1446802483,33.9351600334,33.1357753903,32.7743473921,31.8923528625,31.0690718173,33.7453509068,28.6296066334,27.6861369775,31.7989812763
26.7455963669,27.1206965198,28.1515013742,29.8473107847,27.7012553589,27.9534782515,30.1540156901,25.509432222,25.0829063909,29.7024126201
22.1614483417,21.9883305527,24.3506664297,26.7273269358,24.3153557604,25.7201406413,27.0867644649,23.3338823362,23.4380720442,27.9184272742
23.155400903,23.3015581728,25.6010210666,26.0182083803,24.7664026106,25.2675668908,26.038461153,23.6178545547,25.149950275,27.110818917
18.9134576242,17.2793501326,20.5294908513,21.6784009188,21.426199793,23.8851899482,22.2671460661,22.3538091771,20.6291402336,25.5548261687
18.4239455861,18.7161753042,20.501462146,21.7827991196,23.0780600913,26.5419009616,21.1498750378,21.5209433263,19.8101705181,25.3507994718
20.7187379887,19.7538209345,20.0222912906,21.6010905248,22.2715864826,22.9458914162,20.1066148396,20.1435880225,22.056754211,22.2587783928
17.0783002189,15.0599376313,16.0961243296,18.9131192786,18.9271308605,20.7667971596,17.4140682517,18.1985388841,18.2080949328,20.7083889409
14.8610427284,12.8059299831,13.7230083479,17.0917358842,16.7811882729,18.949131765,15.1907588791,16.2425185673,16.4988611405,18.5627246227
17.6283717856,16.8590824638,16.4535081286,17.8049729207,18.6232589139,18.8388489462,15.8666100355,16.9135030775,18.7415561467,17.9652710916
24.5389918034,27.2729801039,24.4006797208,22.9894976662,24.43359504,21.7902216226,21.4801998361,20.3003397781,23.8287055303,20.2619844453
15.6779291397,18.0310172539,16.9090660851,19.1699274149,18.1554313629,20.0357805947,19.9507786355,16.1268814546,17.1702765602,20.12233689
12.0067740802,12.1537211468,12.3497070225,15.9544182428,13.1816184738,17.9160057829,15.027428583,11.9428081682,13.9203699249,17.6801708326
9.83895524899,8.78742976585,9.50787267252,12.9756733163,9.72266970081,15.4208569251,10.7474636555,9.43344591437,13.1007427868,15.1215396517
33.3087987667,36.4677463519,31.8150231573,29.0873045881,31.0192162308,29.4860267976,24.5228473318,22.6222179436,25.966189578,22.3513297853
22.5466596957,28.0029313426,23.5228852207,24.81434032,22.8041048275,24.1693434006,25.3338828278,16.6959280687,23.6793712111,22.721949308
21.7593046686,26.8949385106,23.8273814237,25.2973296854,21.8289344539,22.4213522278,25.0739731578,16.4751818815,24.7831872954,23.4638124248
17.3863252446,21.6593260411,20.5524427187,22.9804598006,19.1541242931,21.8504311895,24.1746342807,16.0546603662,22.2220213027,24.249471436
17.4781820709,19.349600307,19.4319558256,21.5324447247,18.3408499104,20.6855000777,22.5396659959,16.7869773516,21.9871146208,23.2859918453
15.6086295973,15.0078201248,16.4430905867,19.189545305,16.6937148527,19.3204008806,20.0551619741,17.0032434769,19.6055459602,21.8909224902
10.6553495219,9.18692973711,11.7292409252,15.2047037976,13.0614288727,18.4939352889,15.0983204032,14.448283097,15.1205305854,19.9317201675
7.40478985609,6.44479161012,8.59523935769,12.6094466486,10.5713958785,17.0880163123,11.2979987276,11.6651710757,13.8432239992,17.1464489268
3.38156826429,3.98669486157,5.41330994479,10.1831351068,8.13869346845,15.5369446597,8.83253005497,9.14447701413,12.8661582618,14.9418691669
3.01749303862,4.00699810211,4.40372688465,9.59168020689,8.50292498502,14.2152903995,9.07751716501,9.72090049276,13.7394767226,13.2454094421
3.84514373331,4.22914376661,4.0991501835,8.85548969959,9.14490431054,13.0750232706,9.20231697853,10.718231409,13.8250092278,12.1190178394
11.802131817,15.3642258112,12.2102573961,14.7681389572,16.3264341479,17.2103101538,15.3792009241,15.719752006,19.3718916211,14.6361362543
16.1890057389,18.0913600691,14.5422722773,16.6175200919,18.6619537038,18.1895672794,17.3719487437,17.5462476571,19.3127879669,15.9695109227
13.6221813347,14.2437341165,12.0342050107,15.279942564,15.8992099254,15.8975306278,15.8815054086,15.2872408112,16.6860544788,15.3922805331
15.1919532933,17.2146510453,14.8447422286,16.3729948238,17.2865037153,16.8773548434,16.6367213562,15.4316563071,17.9395617218,16.3924144914
11.3845770223,12.7124218875,11.2991062845,14.3092387575,13.579818589,15.6367946321,14.6246749235,12.5734350051,14.5684277513,15.673100148
20.0579653397,25.6691928765,21.8454008062,20.8148678148,21.1194266296,20.6350121161,20.4146701418,16.8135676034,22.2651946812,18.9850425261
17.1402944543,22.8197125971,19.6921415687,19.8409757153,19.1274142713,20.5361259039,21.2765027236,15.5504178656,20.4500756742,20.5657542132
7.08809473136,11.3670550181,10.942110394,14.9130555294,10.5634930227,18.3997353831,15.7626423057,8.31215206012,13.4890732725,19.0853141788
3.58624331081,5.52361186712,6.13209947298,11.4252069462,5.16209416528,15.8071658196,9.88060066304,4.96942289666,11.8527523014,15.8849137388
17.5322453399,19.6409152488,16.7917224271,17.4419803113,15.6691986702,20.4195665182,14.4319652427,13.1827395997,20.7250816443,17.5001132085
15.9666834912,18.5997319659,15.7074647749,17.2559928348,15.7177723972,18.5289789599,15.8612340358,13.3267054121,20.8007501484,17.7861141609
9.80533979542,11.2789553561,10.1286018037,14.3757659205,11.3655162211,16.4775979188,13.2869798292,10.2952463996,15.3943498586,16.6563365377
6.89305472184,7.0643532817,6.73601205826,11.7739352171,7.91004018985,14.7486153429,9.61087984752,7.83005224368,12.9460181917,14.4910301233
10.4575143244,9.54000647196,8.75796700265,11.760590919,10.150273121,13.3392610087,9.83225282657,10.2450110432,15.73529258,12.956791821
6.27904882912,6.71499169359,6.11633506871,9.97662813482,8.48692066422,12.293996859,9.23179572511,9.11409702512,13.0577255254,12.223245565
8.71148076059,11.6270667366,9.42879171132,12.1105868195,11.8241193566,13.9264635595,12.3319244469,11.2711943107,15.8177982562,12.9849213774
6.71604284562,9.22320355773,7.44563141589,10.9075937833,10.3740233361,12.8513805444,12.0920902975,10.4852781967,14.058551085,12.652815121
8.79970075116,10.0824875365,8.33594726576,11.0591402661,11.1736543531,12.3786288553,12.2504934773,11.4214645909,14.5015793195,12.2505313793
16.5347751529,20.0756791883,16.4100069331,16.0576658807,17.5426517899,16.4571224086,16.8991281183,15.4637569826,19.2349226889,15.0319183724
19.4798478602,21.5376767007,17.9936601008,16.9887132363,18.2310146033,15.8908679161,17.9501749355,15.9918953093,19.2387183484,15.6279942913
20.3201900683,22.4701683406,19.4350369065,18.1581560226,18.8797168872,16.8029593405,18.6212684623,15.9768583592,18.4691226763,16.9784517524
18.1914562727,19.8757508688,17.9305000817,16.3625676882,16.0344357645,14.9692038051,16.6307452846,13.6416148949,16.9140546399,16.3909476722
14.4291754958,15.2821290313,14.6346817911,13.6853577537,12.2963229899,12.4351437381,13.9897959786,11.36298381,14.421471867,14.8138166062
12.4245263138,13.0056828721,12.8917777933,11.841134274,10.5809726298,11.1317968844,12.422839747,10.5598550754,13.1094103746,13.4192969618
15.3872468028,17.9327720242,16.3077107179,13.7001217865,13.6872768516,14.0028542921,14.1947958224,12.1310800722,15.1389665409,14.490157797
17.2298618586,20.6480722806,17.943173126,15.1847343709,15.1291101926,15.2672469363,15.5321431627,12.3388055654,16.3351425816,15.2712744001
20.342567144,23.4684670629,20.1208682244,16.8288719775,16.5395475878,15.2195960843,16.8145903108,13.1551003733,17.9905607073,15.6196618702
18.9199958209,21.0168459212,18.4276653221,16.682175732,15.0979399339,15.0440931161,16.4960452675,12.1604679009,15.8348348705,15.8469417358
27.7183714054,31.6639309507,26.8976200003,23.7726487087,22.649406349,19.5740027171,22.5559776495,16.7792170074,21.3499249439,18.5139999282
23.5648251449,24.9432969154,21.9586907965,21.9448205,18.4768931119,17.6157750732,21.9898112275,14.7795007081,17.4149652068,18.1553045858
26.5693007734,29.5659843462,26.5168462013,25.0421426239,21.6589713512,19.5599964811,24.1468499788,16.5008132085,20.8321259628,19.7686616244
24.7597129236,28.3067415264,26.344796413,23.8695957031,20.4837466003,19.3566084206,24.1776171001,15.9681106162,20.793095624,20.7965832289
20.6139609009,25.0873794809,24.1978898287,22.0514846331,18.1425405035,18.4666675938,23.2682371179,14.7102714734,20.1424681273,21.1705498874
16.089682369,18.4975980065,19.280358274,18.2965412462,14.2629491157,16.6812421545,19.9210881198,13.0675403594,17.0147263163,19.9158406708
14.9728868273,18.3628904723,18.9046650655,17.9588005147,14.6967719961,17.471596598,19.4192906743,13.5586656552,17.8794098283,19.8197002203
14.6299203672,16.8993704395,17.4347950368,16.6813881926,14.3698472337,17.1285658414,18.173225979,13.8741715659,17.5791361452,19.0342239479
13.2670953006,13.069171661,14.034251437,14.8572389641,12.7279742463,15.9495218285,15.5463108137,13.3405934054,15.251242889,17.2981867515
13.8678255947,13.0986414214,13.4017006144,14.5503074834,13.1148274784,16.6731602446,13.6734856904,12.9938028375,14.6146706567,16.3713456932
19.5719675642,21.0194559641,19.0713399772,17.568062377,18.1438967614,18.7947461401,15.9163191938,15.0643342385,19.1698061041,17.2762354083
20.6121681466,22.3798740858,19.7502724641,18.159469048,18.3151840004,17.1725881691,17.1491839235,15.0686310933,20.0014391282,17.1068941274
15.7788980721,15.6074119403,14.7037820542,15.2377763946,13.5678590437,14.9994159682,14.2167028677,12.1658903395,14.7211588154,15.8942932971
32.1117033725,37.1947756171,33.1937448171,27.5636574437,29.7575949692,26.8824237964,24.7007883409,20.4318232221,24.7030798003,22.5230292731
50.2697170585,59.2886634133,49.2205629971,42.8413485713,41.2497579799,32.8840122809,39.1348310802,27.7854236685,36.3973639703,28.2321122291
44.7787360964,50.7124962099,44.3926519778,40.361021358,35.949862232,30.805848358,41.1359158291,26.7142939191,31.6648404657,31.2263163886
41.5538489892,46.1866687456,43.2959156617,39.780899692,33.7767627914,29.8102588996,39.6035136583,25.8795291804,30.3878739146,32.4892306269
33.0813198816,33.1715978719,34.7060817175,32.628385409,26.5926973289,26.8047668337,33.54533304,22.7158597337,23.3971095247,30.4911987933
26.719159038,24.9184624166,29.0009314109,26.672738113,20.9398874941,22.9037078586,25.7612795183,18.8692259702,20.5789517582,26.6778235654
29.1449881817,28.8801928494,31.7528208033,26.7148482788,23.9409132464,24.3044016217,24.5152767555,20.2518578199,22.8938967131,25.9093002842
19.8014916333,20.6224675749,23.7961600755,21.0038953959,17.6288901283,21.514283961,20.3084263604,15.4250355243,18.3104329496,23.6753369645
19.3333589299,22.8797099046,24.2053830946,21.1405269448,18.5081271788,21.3039353078,20.3101385633,15.4659739152,21.0061582082,22.6747236713
12.5033501391,14.5293255709,16.4971097963,16.4882542859,12.9943122684,19.216799816,16.5027426777,12.0498546552,15.8099944469,20.660854109
8.39505480019,9.81552418191,11.6033542782,13.591577038,9.11950425758,18.1159448933,12.0013495517,8.52809326197,13.3105071132,18.0912619167
9.63886470034,8.82001230636,9.9937455888,11.9189160239,8.82709164965,15.177076822,9.60473538368,9.2802598317,14.7666340439,14.9610750348
6.14625292151,5.70111366302,6.48242370969,9.54104612501,6.67056286384,13.8169585736,7.17987234222,7.55923680131,12.2931467559,13.1896953724
6.11367242907,5.18880989451,5.09294870135,8.58802870269,6.58373374196,12.379052858,6.13761378095,7.65549647862,12.148321186,11.154658609
5.29962153751,5.04755181734,4.26394019116,7.76972949027,6.79490693055,10.9981989736,6.19514869399,7.76107500755,12.0436363935,9.80799149465
5.27202388571,4.53603623695,3.11193952675,7.24275902771,6.23418851192,10.4469002278,5.51817180673,7.34301091059,10.5812953224,8.68348952963
16.7388393318,17.9110425046,12.7719230107,14.2809461463,15.8102132653,15.3752232595,12.3573890184,13.3487836472,17.0665390347,11.3138030911
16.1562430304,17.1688006745,12.7992866572,14.099571292,14.6588514765,12.5099517458,13.4999433588,12.4448807042,16.8550446897,11.342479041
13.5196647331,13.8030857337,11.0731905389,12.866822733,12.3593107276,10.7276181638,13.0249734655,11.3207969984,13.8977322805,11.1149266464
9.86810517472,10.4488779414,8.9253411293,10.8906110924,9.47146215999,9.73296972452,11.5009223709,9.25138193224,11.4017945332,10.5563999416
8.27935557732,8.23521494775,7.28590075435,9.07099352247,7.22000961224,9.10829486602,9.39811832742,7.71357939588,9.94783075065,9.5297531055
6.77743234347,6.44058042387,5.93278915225,6.65142665846,5.25180503018,7.87243468959,6.8393480963,6.23506791422,9.24571639908,8.25777799472
6.57557185763,6.04047808718,5.20385329055,5.54738992273,4.79271115228,7.09543196743,5.70959999162,5.93957419932,8.91259308636,7.07365352403
6.71707112355,6.32540518191,5.08658334176,4.74974682101,4.98427870822,6.14289356363,5.365346015,6.02848583623,8.88743894303,6.03994241866
10.2926789717,11.3009518612,8.50919712553,6.6985971535,8.25308332414,7.11808899025,7.97481999404,8.03295096035,11.0423821547,6.43701533683
11.2637677706,12.5275285824,9.50109839759,7.19289519852,8.83927167978,6.42237268662,9.14097788665,8.34883552069,10.9767531335,6.45117823691
16.2649489947,21.0852482965,16.3676220959,11.6064030337,13.6849738947,9.84613682235,14.002049485,10.7293858806,14.8463930196,9.28341113737
12.7103666366,16.4396314744,12.954404954,10.1841958336,10.017198718,7.73212284329,13.2313881362,8.43760821132,11.826426606,9.14800715759
7.52014620012,11.0416929487,9.19041220328,7.81009957604,5.97828756699,6.2138386459,10.9625348108,5.62401005615,9.0136519606,8.59565426103
5.6354679497,7.69818842737,6.61473121824,6.08467253423,3.38462489069,5.83084031782,8.51065870654,4.21757817965,7.42697165222,7.59303223394
4.64140258619,5.19278434728,4.68328231695,3.62034556006,1.20371009244,5.02236925454,5.05401289529,2.8907275905,6.67471673959,6.19962079193
16.1015682019,21.1644074357,16.544250365,11.0873661155,11.9245071309,11.9913079931,12.2676576141,9.11324014326,15.5253319018,9.88980162127
10.532964769,14.6550053804,11.1793616642,9.10038800203,7.5137933529,8.88883297136,10.8215695448,5.81002252119,12.1748981457,9.42926456361
6.76306386824,9.46292689644,7.32699034455,7.21046290677,3.97237092761,7.13953938534,8.30607559262,3.54724654106,9.48308536243,8.42185887247
5.56560834612,6.27389553618,4.98695066538,5.12740231696,1.64655153628,6.05618356262,5.33864872839,2.5577375868,8.09196522129,7.05440617575
15.5069438084,19.6975573948,15.461359979,10.8643393156,10.8498839473,10.6151280292,11.6262628101,8.7090240488,15.9559946951,9.58410693376
11.6053759604,15.2265120858,11.9930848983,9.62535783779,8.71766632701,8.22790261671,11.81454441,7.53835291114,13.2131452571,9.42669990853
6.55522366667,9.83958379346,7.99178764683,7.6321357303,5.37081398139,6.84794681813,10.0551280154,5.22447016867,9.85142026326,8.83602981919
3.21737578763,5.62225791275,4.7208120341,5.03422706652,1.99350744198,5.95854479924,6.93569935463,2.96383836242,7.71106673822,7.65427273803
6.80308781547,8.25738456984,6.52690611731,5.36430426143,4.08470322081,6.91715651028,6.79871849283,4.93183205582,9.6352303697,7.32630013665
9.0782123698,9.1661568798,7.53480525859,4.77187089899,5.58339195084,5.45769755292,6.62969016949,6.33457750232,10.3947400819,6.31344550526
8.97152275038,8.65397871518,6.94172098875,4.5157821571,5.58269616788,4.60648593444,6.32189314502,6.40316373926,8.93763761591,5.52470723377
7.45891475375,8.00528567269,6.23640619924,3.72023389856,4.81831157631,3.72649982589,5.90380217504,5.49625721109,7.86166236968,4.75190636418
4.37849788429,7.17127866061,5.08516582676,3.36867886678,4.03986017576,3.15694564364,6.72127167534,4.49052987454,6.97513505256,4.29800837771
1.70713045751,5.56052163749,3.53124588104,2.37942353235,2.71698918881,2.57591798049,6.80857093604,3.47564147508,5.90495039674,3.87772205646
1.56266740252,4.31379148474,2.50633853044,1.17992599347,1.6047864868,2.1224839116,5.67397159963,3.03087913328,5.13210371077,3.23055529875
4.14109299177,5.33196142702,3.1965060151,1.0794830206,2.08188591559,2.25519849759,4.84069191993,3.5931489144,5.55882597272,2.71114925752
6.80880903197,7.02941909424,4.75398262997,0.953331540922,3.37850897518,1.66270260301,4.63773039822,4.51394529511,6.27075796039,2.136623361
9.09572218523,11.4808699423,7.99689168025,3.14135594919,6.09242666606,2.4432257584,7.32143882097,5.81086347434,8.04527275926,2.72723491073
20.5199071089,32.7636907573,25.8994072671,15.0804376903,17.829063003,12.3455197828,19.4182847513,11.7327663375,19.340505618,10.2373579034
14.0298235533,25.407174197,19.4245093009,13.4188709356,12.5648623679,9.82124984892,20.24540676,8.56027277227,15.4476948549,11.7996563942
8.80266126179,15.92349518,13.1316535699,10.3020371228,7.1310491455,7.24525981352,16.4730018396,5.85201648726,10.9676597899,11.4192143381
5.54375125926,9.53238045884,8.98879910195,7.47388976525,3.61692888352,6.15837166736,12.4316970451,4.35719825156,8.47596048485,10.3607401864
3.37506815345,5.58986073066,6.12962235821,4.94818901027,1.59586168973,5.60281147552,8.80609786213,3.52090834471,7.35217568854,8.93203586683
2.15767266404,3.50528799094,4.23608375009,2.85196584359,0.902908768023,5.00682670594,6.11571265352,3.30656750478,7.02106210256,7.3721661032
1.50268488065,2.82794182563,3.02621972346,1.55265820028,1.05270064885,4.53866553635,4.6092182227,3.37392255404,6.96270515802,6.03764767695
2.94710408045,3.95751117137,3.23923400661,1.58261347752,2.6978535999,4.0753952541,4.89034882238,4.65998748532,7.47671279196,4.86980827886
2.46219615251,4.48102269825,2.94774843981,1.96107772008,3.52386239632,3.62845861347,5.79098393455,5.01795626355,7.20837547174,4.19749601174
4.00171419587,8.49872676297,5.55293306455,3.971978139,5.9890287312,4.90169095413,8.65505881719,6.35900429436,9.04614519455,5.03690910165
12.5534665582,22.9934046498,17.2259952614,11.5960225891,13.8700200777,11.4075407847,16.4993695149,10.8415299161,16.870953238,10.1239108648
12.3981814695,18.1715909329,13.8324205279,10.2237215476,10.9870434527,8.79661774483,15.5286633038,9.75420783292,13.8332193779,10.1059012244
10.3176779796,13.0365202166,10.8861581484,8.43691137071,8.11784741417,6.7243100043,12.7368565734,8.30128705796,10.8554062632,9.42094955302
9.70386512405,11.5486141442,10.3721265824,7.54100749747,7.56742915514,5.73518003943,11.713846472,8.23095681983,10.1214348816,8.65895415614
8.64894637995,9.8097867902,9.24177695338,6.30324358766,6.62799604771,5.12430928068,10.3932401297,7.90608353725,8.7322689356,7.84896272351
5.57411475287,7.55867093338,7.1873476079,4.73522595618,4.82014514006,4.66680807472,8.79885355416,6.30304854286,7.28307493191,7.01989568214
6.92159996394,7.82131498528,7.17509885577,4.03243017718,5.0133014386,4.26626680066,7.9491048178,6.57968202113,7.29073565336,5.86548023794
6.48089088319,7.6247315732,6.7875426718,3.10594073725,4.77304305519,3.54405744519,7.19315957599,6.20085147795,6.95539816773,5.0275852108
5.93052827085,7.6120862221,6.30120051092,2.76856023521,4.58758583637,3.0380071827,7.06847446178,5.81075501827,6.5016263453,4.31019987783
4.26409109626,6.66164323253,5.19542779754,1.72730517673,3.46749341703,2.29877678783,6.34735025831,4.64483971212,5.68670480411,3.64925997383
4.45881285725,8.06837147967,5.99864049284,1.70331378139,4.1184897482,2.15079579356,7.21210605233,4.83967353012,6.31639357611,3.47116759919
1.84192603271,6.42918310564,4.24891700276,1.31036164184,2.95089654497,1.42896404947,7.43694233037,3.77651682701,5.12514599458,3.11640476947
0.163162885861,4.86605678724,2.76929232286,0.700942010355,1.78100869812,1.02355930968,7.14598084471,2.9380112745,4.22587556118,2.72622173532
0.479970022676,4.05650663514,2.12242995772,0.098433763491,1.21382606431,0.785852758341,6.36018687516,2.82314378454,3.86532516157,2.22226167852
0.483652479704,3.69916722314,1.75674089208,-0.199830618597,1.05929257154,0.573132927004,5.89243103501,2.7174694357,3.78099849387,1.75374559257
2.28281439584,6.96517636769,4.17615515919,0.781871768851,2.905363212,1.6514362733,7.19592003286,3.69667532751,5.78956450819,2.42192946334
2.82188146668,6.90154501371,4.14098504054,0.940908835243,3.05113866409,1.14383321749,7.44859121752,3.8694641912,5.57972065386,2.31242855743
3.0662361313,7.6353819127,4.65697498052,1.69346374901,3.44929837311,1.39692191838,8.18874568676,4.00182294664,5.80419052149,2.63927993562
0.222919956206,5.73667459692,3.10968064719,1.47370884303,2.42646986077,0.832058804735,8.58430815053,3.10652682231,4.79623598724,2.64017071365
-1.08801448605,3.93960407827,1.78167535289,0.837066319369,1.29977514067,0.623740628307,8.07054393471,2.55140359866,3.8952491893,2.45635285438
1.23966442595,6.80897269124,3.96361200283,1.89221317873,2.74005554673,2.21812922991,8.92360400849,3.56681590683,5.80780993508,3.23731350442
8.62879286188,17.3489110828,12.3047012381,7.51036921951,8.79412951078,7.09595262153,13.9528095315,7.27316649384,12.0650428981,6.75830904062
12.1641498727,18.3957046662,13.552892717,9.54085065177,9.90646731762,7.4008486742,15.3065067864,8.4369508015,12.6204192881,8.07250281689
15.4750719954,18.269269841,14.4742742893,10.8905447087,10.5609116319,7.18696010269,15.2260974467,9.54228409123,12.2934355272,8.57517309352
14.0032391657,16.9280255727,14.5263150318,10.5100638877,9.90462021683,6.38355295828,14.8413819271,9.1682449189,11.8254321412,8.94728416501
8.28832651441,13.0556519116,11.6595247723,9.36146411867,7.82648004996,5.77869483556,14.8546091392,7.77430966268,9.86312699175,9.20566243626
13.1295733288,21.7860798682,18.7093181361,14.1933984066,12.9398079546,10.8739876575,19.8120876725,11.2429090273,15.0884440889,12.5232755827
24.6463085749,37.2126629945,32.3089084231,23.1731989028,21.9511662045,19.2812136309,27.6440536992,16.923010816,23.6833648258,19.0026653017
27.9465724934,42.0459476007,36.371045138,28.0931718336,24.8989743428,23.3349031249,33.2073337878,19.0650904882,27.2357464003,24.3366490843
28.600686534,42.9055342821,38.1212430888,31.238821641,26.1522278661,26.4852854534,36.2963992563,20.4807296572,29.4240460183,29.1686873402
19.9353229386,30.9061868864,29.0983737418,26.6431077351,20.3908501461,24.0712095512,33.4702725446,17.9618301841,25.6699254981,29.9250373412
16.7265467763,24.9497935143,25.633176233,24.9176224477,18.9735265681,24.2991341902,30.5049261316,18.2243770061,25.1565519863,30.5517807766
25.0143326908,34.91294999,35.1949758902,30.4910764655,26.1199572945,31.5270799556,33.0992825181,23.8219035336,32.0745452311,34.7821246791
22.7674897939,29.7417325128,30.2687271211,28.0141795271,24.4603176215,30.5014337191,32.0996520453,23.9002861324,31.4492601745,34.8189899822
20.4122797183,23.081925975,25.3036542158,26.1391826284,23.0122696626,28.5194674376,28.9651683163,24.2321039939,29.4650798537,33.5033448659
18.8601992994,18.4738910479,21.8801974321,24.7259028478,22.5677464151,27.2533896773,26.5490434821,25.2186750345,27.7967013913,31.805648032
16.0434135758,14.936649931,19.0743572012,22.8564691298,22.0159310254,26.4510367358,24.4882858648,25.6853969231,26.3121398221,30.4168117163
15.0243006368,13.1054085918,17.4521114142,21.0895445093,22.0787118432,25.6734139339,22.5208715901,26.0495783675,25.2967005411,28.6213034817
20.249904074,21.3216676475,23.5569106779,24.4123114641,26.9770911115,28.8128289217,24.848008102,28.9275834829,29.315461192,29.7017182804
21.2299849694,20.3838209621,22.1754858372,23.4936212078,26.5533907603,27.0660982734,24.5386490476,28.7562484585,28.1026599312,28.3127668658
22.087882913,20.0467822243,21.7727334306,23.7338143943,26.6400194571,25.6547104048,24.1659046022,29.0736003497,26.8305514338,27.0774176496
22.1189947594,20.8722083806,22.3915959131,24.0833186529,26.8193996995,25.0197309609,24.6441194186,29.183567116,26.2691599248,26.524926968
23.2628550081,21.9602120118,23.2753883599,24.2199571282,27.4095279294,24.8867851566,24.9579518432,29.6835406967,25.338560865,25.9768515975
22.3040916083,21.5807886456,23.0925642418,23.181052007,26.2434554348,23.3946177723,24.3316139233,28.2731421245,24.4445012997,25.0252162502
20.8437032247,20.8446818786,22.3437036677,22.4023772815,25.0406915784,22.3527898902,24.1152602097,27.2539181674,23.1640161619,24.2678975093
19.3638734236,20.0811800652,21.6733130777,21.2670658556,23.8502173888,21.5420259793,23.5969685536,26.1879863453,22.063606683,23.6097097334
16.1560317007,18.3173680004,19.7449811469,20.3371522563,22.1617921864,20.9841522633,23.6413511971,24.8501875484,20.8506354953,23.2153031116
11.3489629026,15.2222562535,16.8062748388,18.6841271928,19.918505975,20.6080797976,23.291437173,23.0565894227,19.5273361373,23.0883216067
9.31625064043,13.0314497024,14.9282678285,16.9398847578,18.6425870347,20.4409688165,22.0619758713,21.9178240714,18.9160755844,22.6002594916
38.4856713193,51.4352200086,50.0818365781,40.2801338239,40.4011265606,41.72591931,37.6136590304,36.345557432,38.2786909149,35.0875991701
36.9908596606,50.406329659,44.9315538503,37.4850227327,37.1905792194,40.81130574,42.5654309933,33.6622929872,39.9429976276,37.7622279034
50.1713107325,58.7443777084,52.7994110393,48.0004176648,44.8861742849,44.7638139249,47.1622008072,38.8410880955,44.4758292488,41.8563736307
49.3863846235,53.1691022022,48.4010295562,47.6006840468,42.562624792,42.3874296724,48.388036647,38.8914710614,43.0911730256,42.3819299368
42.25001209,43.5943134723,43.3694787342,45.1302526183,38.1927470165,39.0408360699,45.0757058882,37.2654330677,41.0330455743,42.8093294175
36.8485554696,36.2883044949,39.354805462,41.6110479806,35.6586319969,37.5416709788,41.8521430383,36.9400569259,38.7482897765,42.350596133
38.6039423634,38.7060917524,42.7325197389,41.9506862057,38.3522041419,39.9698789378,40.9693618351,39.3053963914,40.5209567778,43.4488349586
37.3178570624,38.3143807648,42.2851487013,40.0271491463,38.085291574,40.0852609588,39.9943466742,39.1698704678,40.9014347014,43.4961413935
33.4338542351,33.0754010548,37.2674557812,37.0654442791,35.6084842074,38.1708278086,37.7690980359,38.1392921017,38.2876403485,41.9009555457
30.3176886091,28.8265822889,33.7182175872,34.4683821234,33.8760597878,36.3385641707,34.8799477437,37.2520186388,36.2501783759,40.0881244552
27.6906954699,25.5706787491,30.7372590267,31.9323780524,32.5080361169,34.7987141998,32.3266163534,36.4731292966,34.2851957108,38.1591036297
27.3744025648,24.2953865402,29.4004598785,30.0458279001,32.0212849612,32.9599663239,29.9898075453,35.72597255,33.2654357244,35.836661163
26.6685404552,23.7273941219,28.2469244286,28.9042777733,31.4724539864,31.5173319494,28.7196176908,35.2925689684,31.9704593675,34.0681617918
25.0800136231,22.5710128741,26.7739889768,26.995593298,30.2152401531,29.599773608,27.1665241153,34.1044723199,30.1072380664,32.0976733487
29.2453161423,30.7131833846,32.8788928039,30.1414630924,34.0105584241,32.2481419959,29.6952811955,35.7548214532,32.993289464,33.3113132382
29.4491994116,30.2331966617,31.7076610918,28.7094642309,32.6909574901,30.3873735455,29.4084358754,34.2975556287,31.369853866,32.0540522526
24.8257641388,25.3569029471,27.3191416769,26.5474794077,29.4778392942,28.3951718139,27.6487796715,32.5282924223,27.4047397187,30.8722352131
21.7220633739,22.6663906058,25.0277873362,24.374755741,26.9870570693,25.9625736188,25.72247043,29.6323732983,26.0051047102,28.8920698274
19.6781917865,20.3291980599,22.8393496764,22.5173122766,25.1684616332,24.4840720564,24.3013099655,28.250439402,24.1199619432,27.3295287228
19.0944721058,19.3043339195,21.7301000533,21.1225996397,24.0158656907,22.9338177419,23.0874113017,27.0216312027,23.08007493,25.526291553
17.899406118,18.1370518406,20.3321205163,20.0106181102,23.0269153951,22.0589498384,22.2242709445,26.3795166899,21.6158760179,24.3033654749
19.95764323,23.7839517115,24.2462758468,22.5235589783,26.2613404062,25.7405600982,24.4900724703,27.8872399935,23.6123879225,26.0650127149
23.5949619431,28.939037264,27.6726817333,24.8728931107,28.1877066153,26.7971162477,26.8383890489,27.4643100825,26.569445977,26.7805235826
23.8699776378,27.270447908,26.0249537954,25.0254202742,26.6188042553,24.9702739683,27.162225969,26.3247086423,25.6924767038,26.1997326999
20.1392643216,22.4609443296,22.6664982032,23.4765076187,23.7749927186,23.1643635622,25.9134231237,24.940149838,23.2680081911,25.7182773753
16.7961506228,18.974788501,20.3120957867,21.5815153082,21.7484242666,22.0877996828,24.4305742618,23.6399844244,21.8287843238,25.026168222
14.0188198124,15.638795407,17.7478833521,19.329308723,19.9486583105,21.2425891328,22.5403710767,22.5437576236,20.249015803,23.9849150187
14.3881846517,14.9578377611,17.0138707103,18.7070892048,19.7886301344,20.5401698247,21.6525744284,22.3455881072,20.2120877217,22.5770302499
16.9586612375,20.2843779473,20.9046822788,21.3095986542,22.6103424298,22.9634534833,24.0004642779,24.0586107391,23.2982806535,23.9411826309
18.3334859845,22.4729678644,22.3788960818,22.4436910817,23.7451287522,24.0501677784,25.680089423,24.7948888694,24.637422555,25.011279092
14.6576836355,18.2353236161,18.7630588413,20.6316246682,21.0365789319,22.092655485,24.8906557557,22.9252117308,22.6490715078,24.2409049935
13.1159826027,15.5215004195,16.7672135587,19.8181575424,20.0343967237,21.3654751652,24.1413739605,22.5997784827,21.5751260012,23.6857018423
12.1216054099,14.3417026389,15.8469577661,19.3979563607,19.7192083602,21.4467135398,23.8096871835,22.6775456421,21.1593617852,23.3883780006
12.1871294646,15.4541706641,16.8394511963,19.4228183416,20.4242856909,22.528688304,23.8249665029,23.0323034875,22.3044963942,24.0469284959
18.9782723917,23.6520873344,23.4558785297,23.3779756305,25.1943328379,26.2859727126,26.5124124152,25.963974071,26.792784247,26.2579693778
22.5822446594,24.9125743413,24.099174252,25.1090241877,26.1165360363,25.8698852771,27.9963088502,26.7805194508,27.5700789818,26.3139538988
29.2328207816,32.8031154625,31.1109490768,30.9016425582,31.0993593258,29.6636446846,32.029470041,30.5028137572,31.2008697326,29.3995972556
27.3040139572,29.7041218419,28.6982725843,30.4399867361,29.3426634985,28.5331798348,33.0819712469,29.8949594858,29.874227872,29.7960982967
40.154213859,47.3735761953,45.9085913027,41.2233621299,39.7571224935,38.1365277419,39.8600412376,36.4099381723,38.9097696655,36.8836114233
39.5586078636,45.1949112823,41.9252148535,40.771496773,37.9465738009,37.9094858119,43.6881313753,36.1148280878,38.2829475282,37.8849359785
36.1547129341,38.7040068258,37.9592120773,40.508593059,35.7713025809,36.9124039673,42.7490937884,35.9815393861,36.7444547904,38.9032596845
31.7959955117,33.0087881649,34.6059563006,38.8524983227,34.0435253398,37.0274703563,41.391070975,35.9057548586,35.8176746361,39.7605144198
28.8334612052,28.7569227615,31.9016074426,37.2195947358,33.2356624721,37.6030039013,39.9923028275,36.1777130133,35.6352605664,40.056055761
26.8172507946,25.1512402481,29.7726900312,34.9616773076,32.647917715,37.5160724699,37.5173490195,36.172752877,35.7225760179,39.7410139415
23.9694597775,22.0630911925,27.0802982047,33.3906508419,31.8522430744,37.7246958897,35.8466426939,36.2101324245,35.5971146159,39.616033874
21.7451623774,20.4098171066,25.3754257688,32.3723879201,31.992292273,39.0496108489,34.8043693637,36.8807685237,35.9865775299,40.1700826156
18.4947430802,19.4223680121,24.0583338173,31.2624571773,31.8687942981,40.8745298913,34.0177530394,36.845632464,37.2335374948,41.7061076358
13.3758879451,14.5397465768,19.2089225941,28.5307237826,29.9292397372,41.046042829,32.2839721571,35.6090917487,36.5828756303,41.9830585773
11.3637454641,12.5366229902,16.936704788,27.7284516378,30.0961975598,42.5200859441,30.9575049319,35.9556112033,37.259430784,42.5925392001
15.6409613123,13.2181617717,17.5270893181,27.9891434189,32.3962445009,42.546976303,29.3155443509,37.2639052154,39.2217625244,41.4094203612
29.0416719372,26.8973426914,28.6016609448,35.7746763727,41.2253665966,47.7726494914,32.8752687338,43.5690200728,45.6236149636,44.0471565176
32.2057624932,27.5617478715,28.576585099,36.2772516679,41.1559223134,45.4803131636,33.9152970834,43.5400629325,45.9853582433,43.1631521754
35.2608266224,31.0241177362,32.2353643622,39.0859043211,43.1228500412,45.3620251016,35.0860518153,45.208559822,46.6350383637,44.1574190766
35.0031862746,29.444214997,31.3813528841,38.0660196296,42.3562299811,43.3696364267,34.9013288127,45.2281527751,44.0640439914,43.0779671425
33.6467305324,28.8428234646,30.9232871407,38.692382097,41.3953099563,42.1651105977,35.6898851988,44.9833070779,42.7379868651,42.4852576757
30.5851828626,27.8344801232,30.5556232217,37.878759076,40.2080105053,42.3696103414,36.1571836616,44.6823606936,41.5329550422,43.0756645757
28.9404491717,25.6414281557,29.2957397784,35.4139435569,38.9299459918,40.9740952131,34.6964005039,43.2559557763,40.0791065512,41.7977694398
37.5019471412,40.0670211516,42.1221050593,42.7916594765,46.2638631264,48.5816954043,39.5144963514,47.750401515,46.4792731974,46.9893685531
43.2061243627,48.1364951317,48.1721593422,44.7722089509,48.9640539994,51.0026314315,43.1479656796,47.7810681853,50.2991159237,49.3480418352
49.737486167,51.4838694485,49.1049049677,48.7995337193,50.7425776644,51.0655656983,46.5874982789,48.9787009136,50.7918756076,49.332887836
54.0799925058,53.0091860454,49.8909685545,53.7236932866,52.0088161155,51.9052191289,50.4522954789,51.4981729,51.214427719,50.3443434965
53.8394029588,52.0332580434,50.3545123186,55.6762378342,52.1143389728,53.7160406721,52.9057005835,53.5152667373,51.676549455,52.6558968357
51.9034521947,51.1943307082,51.7053983341,55.2631899363,51.8875509106,54.9461172418,53.0916906985,53.3419528558,53.5405174208,54.8291002442
42.6586271519,42.0958763914,45.5469703231,49.1980038516,46.5240694628,52.3227023734,49.3815028684,49.5976884329,51.8287279614,54.8632244934
35.0685361851,33.1524904602,38.5428707236,44.6493763857,42.812781952,51.0463492848,45.3592478277,48.0046167337,48.7591001612,54.1932954039
31.8750751787,27.9578512054,34.3354404875,41.5874417016,41.5600593123,50.3196547619,41.9802274534,47.4565544483,47.6306636024,52.6175183014
28.5231273126,23.9031258068,30.6566268593,39.0174365633,40.1908936289,49.7597304196,39.1011895419,46.9215561622,46.7390989893,51.4605653155
30.0649899928,26.1286215066,32.1940125669,39.31116912,42.5558239048,51.6061235676,38.0307131598,48.4225943203,48.3352128396,51.6322338726
30.1864762165,26.2632960402,31.2797650867,38.4394480255,42.7304971974,51.215794679,37.1833197438,48.0359535706,48.4513839779,50.5972890949
34.5463468224,31.4260264305,34.9041445656,41.2483715456,45.8732841659,52.7896335965,38.3420138825,49.6893841207,50.8087537133,51.1803401648
30.596965046,27.554029406,30.9896011061,38.9293613471,42.9696243461,50.9252957877,37.4680350825,47.953292007,49.2346935567,50.729920192
27.8801380934,23.6816671156,27.56772016,37.5091115296,41.440546237,49.3263368164,35.9679456606,47.1510496636,47.2552618682,49.4311489503
25.0431973276,20.0953452138,24.79076854,35.3398559064,39.8285704082,47.6170865456,33.8280526245,46.1073480241,45.4700727324,48.0063912706
26.903313888,20.2589619282,24.7218790907,35.4846517801,40.7650597285,46.7618365094,33.1427652773,46.5976137661,44.9588907235,46.0400996722
27.4008061449,20.3437875109,24.7281532299,35.1383316017,40.6851234013,45.5518990977,32.4765479666,46.6337298541,44.2297052531,44.7057708281
30.6545341919,26.4064701492,29.6800764488,37.5159397183,43.5852409119,47.5249902541,34.1110890369,48.3457303625,45.9339504384,45.8023082991
37.2057640199,36.9792437991,38.6016389543,41.8026726628,48.2834901428,51.2061710342,37.892282538,50.2787846631,49.9670509086,48.6212439174
35.0753302782,34.1292272205,35.5229499241,39.0811974379,45.0191333331,48.1415301085,37.4257382331,47.2791364679,48.0071558844,47.6052439231
35.2645471629,32.6254418747,34.2591324161,39.5553179115,43.9698216127,46.0683053633,36.8308520835,46.6290580744,46.099219153,46.4311908229
31.7959901776,28.5729001845,31.3476239629,37.5427380219,40.9974300249,43.626089337,35.3863485028,45.1163761995,43.3746659617,45.2297905255
25.5081258188,23.4193213681,27.2675973748,34.4623098006,37.3068725717,41.7296004172,33.5085359131,42.9644913939,40.248926912,44.1563374291
20.5721743503,19.3818105517,23.671667581,31.8409677182,35.0069621429,41.2105684632,32.1198166604,41.5198746235,38.076292222,43.1809267009
16.2182818327,15.2620892664,20.1009351579,28.5690870343,32.6903745776,40.0681015303,29.7299560396,39.3848428837,36.3527295175,41.6920907146
13.583153633,12.2822514605,17.0681157664,26.38093442,31.3189767441,39.4114740337,27.7130892534,38.1501092546,34.9901274568,40.1825838342
13.8066473767,12.7621351029,16.7076812798,26.1896109997,31.8240733228,39.8583355474,27.0015648346,38.0999158746,35.3594415903,39.3371348946
11.3268826166,10.6457460912,14.2275245185,24.7537299894,30.237528865,38.8359045457,25.9493752699,36.5691541536,34.7911452709,38.3862997037
11.8608469359,15.0136192744,17.0584133617,26.6584312865,32.5170014386,42.5869694322,27.4650761213,38.0695507081,37.1039517076,40.8388671296
17.580988738,19.7903628735,20.6542267743,28.1489519331,35.4162144996,43.4162790464,28.2278179044,38.5849818814,39.8007286336,40.6988204778
25.6969311216,26.3293032044,25.6499273468,32.4226251398,39.1321753545,44.5208227413,30.6242102076,40.7780187809,42.472589507,41.3828358286
27.1923763004,27.3057690651,26.5168411228,33.9266466858,38.9519474722,43.754074594,32.1468230626,40.8670512134,42.6238436203,42.0401458802
23.0641977505,24.1563873676,24.3333519784,33.0509076227,36.4147345673,42.5509987846,32.3102792994,39.4345734619,41.0677384227,42.6942758912
21.7200367171,21.6094562535,23.0163250409,31.4614688207,35.278971416,41.0421564371,31.0814807067,38.3326054493,39.6041666189,41.6837119087
25.5910627701,26.30509319,27.2904319608,33.9070841479,38.138807316,43.3146000145,32.4885929581,40.3517066898,41.0252378069,42.7697110413
25.2543684767,24.4995175616,25.7751719204,32.7261603479,36.4896001493,41.1721985667,32.1444811027,38.9108058695,40.573904456,41.5798118728
22.7592302612,20.6019275162,22.8831124901,31.4686882422,34.3849601201,39.2376252274,30.937220593,38.1801635357,38.2858423611,40.4876609492
21.3587126687,18.3948723057,21.708199052,29.8179912232,33.3864022092,37.767241087,29.2168576618,37.6394558994,36.7804425259,39.1499537663
20.2103768571,16.8071478857,20.5934303441,28.1731389597,32.323039029,36.1402283794,27.6527787021,36.8495258979,35.4052396462,37.5189652719
17.1913605362,14.8142498327,18.4453020287,26.7723317976,30.6919402716,35.1560679842,26.9385669603,36.0186743594,33.4130400937,36.3395633109
12.5151335486,12.111288307,15.6512400951,24.8114936286,28.6198423251,34.5731905071,26.1938855096,34.4613748802,31.6624681453,35.6137037542
9.33647222076,9.8477164791,13.1625974274,23.1146223668,27.2286011723,34.2921992326,25.3836625798,33.0951762031,30.2591623624,34.5487688016
14.799283092,17.9402711444,19.3124254771,26.8077481855,31.8196293094,38.6540842625,27.8906159787,35.6805329795,34.6361075825,36.5817517475
14.6965136506,16.4271399456,17.5177092965,25.8332814467,30.7518977253,37.9361420987,27.7845397872,34.7221372376,34.3972414327,36.3899955812
14.858452383,15.2967925905,16.669939343,25.7390352394,30.4471572602,37.0632450162,26.8889341835,34.259777665,34.2791590409,36.0735626124
13.8954315181,12.7352005172,14.7631380981,24.6034702056,29.2077966126,35.3263757095,25.4636911132,33.3839371335,33.0809235572,34.978911856
12.6865650846,10.8940146311,13.3573432745,23.7357817285,28.2754199347,34.0567501055,24.3546975633,32.8706919029,31.9332980266,33.9685331612
11.7185808001,9.82032994736,12.3723296117,23.0215782196,27.5949403586,33.0839791309,23.7195562085,32.447918613,30.8336662704,32.7877979244
10.3600039185,8.77587629283,11.3130226771,22.0366084161,26.6499990925,32.0175949983,23.1027378532,31.6510142201,29.6137787606,31.5073789187
8.40542061467,7.45775102642,10.0935169153,20.7461277454,25.6006897175,31.1996265422,22.2791387711,30.7278806137,28.5962525817,30.7268647056
12.7068716965,9.2731349896,11.5289748639,21.4013978974,27.197399123,30.5284286095,21.9750271111,31.6039874461,28.6891517742,28.898378973
18.24510069,15.9455908208,16.8107255637,24.3932963587,30.4158320321,31.7461081621,23.9169556954,33.5494464065,31.1324810535,29.4830666416
17.1048786751,15.3457030304,16.1661488899,23.9279293364,29.1941938532,30.5623756445,24.4029377614,32.7722708935,29.5606948018,29.237961627
17.306690714,16.9881504819,17.5102205712,24.8589624816,29.4213718208,30.4636374179,25.5487011433,32.3580255368,29.6932126451,29.4324068523
15.1980614958,15.2378215922,16.3012352526,23.6029943678,27.7167530787,29.3931813604,25.2822487665,30.9744948968,28.2120544023,29.1981770022
20.8526179035,21.2346994611,21.4589617212,26.3151517434,31.0840149314,31.3346384922,26.9469172408,32.7601092294,30.4673967556,30.0678227666
23.6834038741,22.2822153411,22.1658933142,27.4213830464,31.0986956724,30.2587377724,28.087186642,32.7501350198,30.2313797627,29.3779279323
29.383829742,25.6913279074,24.760262632,31.5989831948,34.2252848847,31.5676710703,31.16606696,35.9576344468,30.0277589011,29.3948473653
38.5379693214,34.6570845275,31.6282095998,39.3643403417,39.6537593384,34.1740838954,37.6974166347,39.5570594503,33.598036772,30.3916092664
48.4728419896,42.3385259456,37.7589504606,47.1793921974,46.1249135367,38.5877529322,45.682785766,45.6046548523,35.522076896,32.7662869156
57.246096715,49.1672506661,44.6457530614,53.3105407922,52.8903798172,43.3349727418,52.1006051645,50.8572155039,37.7358484883,36.1781503883
71.5450529266,63.6581085983,55.2112491931,64.7098738527,61.4093012585,47.842432135,62.0626399819,54.8969853295,45.1456645876,39.3370748421
74.8396111273,67.023997565,60.8877481047,68.2023755685,61.921322852,50.265420297,66.6428220262,56.0365125686,48.5330056739,44.6141288746
71.4398716239,65.0199023072,62.5698632584,66.9656038144,59.758309007,51.1835977234,66.7360695587,54.8320780108,49.9201451204,48.5214424719
64.2612202193,60.1049921506,61.1177659171,63.6395885959,55.7324579104,51.3313519996,64.3614278381,52.2527394441,50.3126264692,51.3942693143
54.5733372643,53.9506917571,58.8668782368,58.5332407887,51.664259237,53.043321059,59.9820243299,49.8401009535,50.4053500847,55.3752354618
43.5418854435,45.4742565698,52.0407437313,51.0267684296,45.9898493879,52.0022575398,54.6275272536,45.3995536739,49.9661528446,56.2066756968
33.7680439688,33.1514788752,41.0709816888,43.8535883708,40.7548377483,50.7516715069,48.3415271433,43.3068273624,45.7386210303,55.1354495471
31.2357576326,27.7805315544,35.8539622771,41.149122558,39.7151219635,49.9842456984,43.5385553111,43.0247828954,45.6581217708,52.9826797093
27.5694536171,21.7399046749,29.9035149898,37.8806172912,38.520445549,49.8954865989,39.3438084401,43.8110058587,43.4440156826,51.3407940965
26.357870643,18.7040647178,26.3575335557,35.9967594289,39.2181720439,49.5365998444,35.8504737938,44.6607377897,42.2770908913,48.7565494691
28.7860747254,19.8539232551,26.2637712655,36.3699500081,40.9046307191,47.7613921889,34.0888635386,44.7526214932,43.9496393684,45.8478864547
31.6221260919,24.3075945433,28.9513991823,38.546683087,42.8043226931,47.7081177094,35.0046619351,45.7562471383,46.1855485308,45.5735499669
34.4135822581,26.7617057652,30.5881706605,39.0465680505,44.4329016368,47.3002873532,35.5191521591,47.1211923069,45.9761271615,45.019595376
39.900078743,34.1924677139,36.5478672206,42.7224472596,48.2526954542,48.8848523505,38.0241882733,49.4647854679,47.9767403346,46.1810916417
45.5867262462,44.3635581265,45.4333272816,47.7926323735,53.0687019314,53.8514644794,42.8837520698,52.698094301,51.036012002,50.5138878458
42.2687957858,40.9240190854,41.2885663296,44.9335450756,49.3523840453,51.0154989575,43.4320689584,49.6099262508,49.1138626746,49.4568849069
40.7013693681,35.962800796,37.8910882187,43.4838768475,47.3715517114,48.0893645181,40.9890977978,48.6875036761,45.4227574097,47.5516279291
41.3204701764,33.6155566675,36.1382054985,42.9536950061,47.874894798,47.2477453357,39.8367846288,50.0510002147,41.5041765201,45.3999990409
44.5481347547,36.1113215158,37.6592875582,44.823025432,49.7834977243,46.239168061,40.819805857,50.3877283207,41.3562240584,43.1024650189
54.5891397692,48.2628087958,46.9917692601,52.5451709412,55.1573598713,47.6706272239,46.482382664,51.9184138202,46.7737048843,43.5382613355
88.1787262899,78.9129307936,67.6207576338,75.2284860534,75.1240866261,57.8180841242,64.5453266233,64.6405497501,55.669938738,46.6501175373
107.50424124,95.0478028775,79.5305607121,86.8530090937,84.6252295455,64.5489090354,79.4555170413,73.9076975504,59.951144273,51.9826770632
114.293021463,101.284449207,88.3001389737,91.0928214867,88.1345624889,66.4430041539,85.008708446,76.5626058825,62.7625614975,56.352290128
111.982098055,100.135817781,91.2954842907,90.0270066304,87.6399990041,66.7718568513,85.9435725966,76.1001452754,61.5080096923,59.0950858374
108.954071297,100.176946068,92.8361005452,88.9830827164,86.4610093108,65.4225704153,85.5174456521,73.2240182136,60.8243566783,59.347054698
118.330926068,108.273658134,102.983415074,94.2525726794,94.4094680549,69.6643369525,86.4373238902,76.6120276347,60.9907287442,61.7043910412
118.785039348,119.819633196,107.079513913,97.6351178448,90.5991886821,69.6265537977,92.2435222693,70.6733245104,68.4193006306,63.6408722005
113.331857466,114.653328594,105.917580543,94.5446887868,84.072577377,68.3395780927,89.8726640455,67.5857651785,66.6834152824,65.9674404661
104.256873964,108.57427362,102.624371706,89.3902839873,77.3791532877,65.5108231157,85.0523976825,63.5899060993,65.0268444129,65.7250183606
95.1043604598,95.9183323204,94.8675230121,81.6143584091,73.1085889517,64.5945721389,79.0853817535,64.2742929034,56.9271371286,64.3690295973
82.9465593975,87.7296958833,86.4027714483,76.0238712899,65.7268725653,60.2844333025,74.5350922105,58.2939425391,56.317593128,61.5309626384
71.1236233627,74.6966328417,76.1442456451,69.0890272348,58.6387592205,57.4531663928,68.9833348429,54.5348344553,52.3955307096,59.8763131974
60.6741051496,61.8186789454,66.16872489,61.1221968883,53.2452952543,55.0607963512,62.3280987638,51.740707781,48.2557478184,57.4060206987
55.4426316246,53.8345071793,59.1987575041,55.9487718656,50.7572907291,52.5900818439,56.5908454537,49.707255581,46.2465589436,53.8880750625
52.6012891188,50.5258102577,56.0409770089,53.1902779104,48.8090068976,49.5406874816,52.0224673218,47.0241705469,47.2116666924,51.2298514615
47.2456262415,43.7938435057,49.8267147521,48.9078997288,45.8083127429,47.679671004,48.156843553,46.1410269107,44.0812498218,49.5456020561
42.7557104675,37.9433742779,44.2389635134,45.0356128946,44.1137140066,46.2619917218,44.3449431129,45.6941679241,40.791411887,47.2091208656
38.8468973924,32.2756405963,38.5515897343,41.2587183175,43.4957272432,45.6684537868,40.7318363916,45.5192435358,36.1042912031,44.371893536
38.3303366768,31.440018673,36.3936333531,39.8574735859,43.6276677766,43.1137370472,38.0871637627,43.2547079884,35.6603564353,40.5926480508
38.574532179,32.8444644328,36.2088045015,40.1919645622,42.66042443,40.0642821994,37.5262619187,40.7157670435,37.0972382519,38.258673498
38.0819014998,34.542045797,37.0020473245,40.9661740351,41.7485741595,39.2975304743,38.6139628496,40.0033595539,37.9346063525,38.5164727839
46.0606939754,46.1062194789,47.1812698458,46.7799198747,47.8778684342,44.7629148561,43.2526811196,44.0668264785,42.7056501895,42.6190630039
53.1941550809,56.2179326872,55.261648952,51.5608167875,52.2594849855,49.3564285839,48.8327515069,46.7418487351,47.1833101838,46.7793589933
53.0243843264,53.0713392546,51.7247200441,50.0040031886,50.3998860049,47.8342718208,49.6609246695,46.5305996886,44.7063930473,46.3839019303
51.5970899376,50.0800312089,50.0686399418,50.5467432127,49.1789225634,46.5891116079,48.7472150301,46.2406728892,43.5551527433,46.3925032771
45.8657586434,44.7682105911,46.5643312186,47.4922675015,44.7803772286,43.3135487168,46.2474110329,42.997744927,42.6283609023,45.3548874214
41.1173129537,36.5739196446,40.8284101716,42.9167677407,42.4760037537,42.6273396916,42.4212926733,43.57913594,36.5569468522,43.8443598172
34.7988444401,30.2251227701,35.3903308769,38.5491809182,39.8076937404,41.2021233471,38.2977175437,41.0727902353,32.9254128994,41.2380105359
30.7711079283,25.9356837433,31.157025865,34.7507978472,37.5865883924,38.8763600958,34.0478981081,37.6265547672,30.4748630453,37.7673271976
30.2762483183,25.1574466129,29.3583666278,33.1809688451,36.2047622296,35.8458816696,31.3866038221,34.9558435812,30.4058396467,34.4388996987
29.8883178486,25.1554720194,28.4423602307,32.3452638331,34.6250964245,33.1241439087,30.2585807059,33.2461033681,30.4416105559,32.3442968742
27.017046246,24.6962072524,27.4177774018,31.5216569306,32.4804112618,31.5552882801,30.3819361765,31.8094278996,30.3341921969,31.8973544233
23.6336764454,21.7148376516,24.6924151531,29.1439919373,30.2516112564,30.659409279,29.4586398637,31.0813328866,28.0262351093,31.3009914341
24.1552034303,21.1748909635,23.952982735,28.3017057406,29.9516428224,29.8185829782,28.537458481,31.0104074201,27.3467405562,29.8610496244
24.7527271593,20.726510087,23.7000260026,26.8706919849,29.2625560055,28.1363209412,26.6955768938,30.3886987493,26.6898751397,28.3014706174
25.421532414,20.859341257,23.5919649048,25.8993495552,28.8275770665,26.5631773677,25.2906383903,29.9771434757,25.5832999478,26.6966582271
25.1392964515,22.1592836274,24.0964284247,25.8245240094,28.7602377649,25.9919668369,25.3195847397,29.5236128247,24.9569556162,25.9740195469
23.2210382185,21.7161999939,23.5240171681,24.2946732266,26.7233570973,23.7026949996,24.5945961158,27.1764526934,24.3804050944,24.6751031499
20.6071991662,19.4202582944,21.4929724976,22.0710315391,24.4357391926,22.226738855,23.1551282359,25.8051982105,21.8310238416,23.6311409992
20.4583294547,18.3539120437,20.432898198,20.1600390429,23.0520524807,20.6879295037,21.0573352215,24.551857438,20.0477039255,21.8019295999
21.1074251529,18.9659167909,20.4741028726,19.3713766201,22.4239698868,19.2794166712,19.8988750248,23.4513349539,19.3546316435,20.1451092515
19.9561840049,20.1989703193,21.0262117354,18.7482668847,21.641521375,18.4147626679,19.7874109175,21.966130391,19.2939844386,19.5735592518
29.5430383138,37.0018393077,34.633873529,27.4864580054,30.1134436385,25.445166609,27.8952106899,26.0339513422,27.4808680205,24.3870727313
23.3419659604,29.5530146396,27.6378272495,23.893406769,24.4242258187,22.8768739966,27.6607870286,22.8100108316,22.9562768909,24.4561563896
21.0342665511,27.1458558848,26.1269251945,23.6863008951,22.7907329754,22.2405944454,26.7433792805,21.2603122659,22.623613646,24.797807701
16.1889344127,21.5970413006,21.8016815723,21.2756361238,19.6482197046,21.5128375157,24.9840019744,19.4357842901,20.3954994113,24.6905625977
19.9636220327,25.8430161029,25.4905313017,23.2855213345,22.3106236613,23.6464206123,25.8504147397,20.9902342645,23.867019114,25.6409127628
15.472512097,19.2240399915,19.9717937344,20.2776581031,18.8638186307,21.8008873754,23.7098980212,19.4324019808,20.9980717374,24.7634855778
11.6501336993,13.2188315809,15.2024573125,17.4305298407,16.1508930629,20.5808937254,19.9915962648,17.9199308231,17.9377490959,23.0387389263
17.560961514,20.6403709741,20.5967493883,21.0776713338,21.5534320446,24.4822371349,21.8330590991,20.9275868529,22.2141338427,24.0753774805
19.1937904827,21.9163259451,21.1333958628,21.4919685052,21.9576811197,23.2472325871,22.4199148003,20.7766215915,24.0410174344,23.6214399488
24.3642452111,27.3285320135,25.8443070872,24.5561673093,26.1726958506,26.0834695087,24.5209037038,23.5858061005,25.6174414657,25.5908617073
20.1958786921,21.7456148436,20.9454884162,22.3606673801,22.3630010476,23.1280312554,23.1459836128,21.1056169083,22.5199851687,24.169486879
16.9298196271,18.1758231009,18.4026588525,20.973704031,19.9610257967,20.6263463572,21.7481576208,19.430192888,21.423691008,22.746414646
22.9294173569,27.6442342514,26.2678827643,26.2549746446,25.7157249949,25.5139968207,26.554807088,23.4846350917,26.3142315829,25.7524291614
20.0148274386,23.2252685931,22.4806357064,24.3730511956,23.2072744102,24.1146720414,26.8542160806,22.7323023683,24.2519080507,25.5970728384
17.0941752614,17.6212729051,18.6451441248,21.982991679,21.0786953616,23.4316292085,24.0030109096,21.9959696958,20.7138082475,24.7454844749
13.1494711361,12.6702303284,14.5805568039,19.1587051724,18.3704292702,22.7361542358,20.1810446378,19.4422798619,17.6791076498,22.9566128556
11.475763245,11.7057033755,13.3729691531,17.7890239836,17.2303534147,20.967054476,18.2799726699,17.5786061159,18.8652626086,21.0702842197
13.5054695787,15.6912000444,16.2123253017,18.7344323328,19.1584909612,21.4720919136,19.5400109703,18.6889089699,21.9966930266,21.4797835891
14.9168302733,14.313412061,14.978777362,17.5794069504,18.7589554936,19.9745305869,18.6574194986,19.4195043194,20.5795244867,20.3833980483
14.3224919864,12.2237863645,13.117535259,16.4808082954,17.9021495393,19.0737407565,16.8078507648,19.3453666076,17.920117807,19.1834704361
12.0357818585,10.2980028983,11.1975667273,14.5491654253,16.0185228608,18.0038932907,14.0680395935,17.0523844058,15.7562944099,17.643267683
10.8197218893,9.68347424642,10.068467077,13.3742076563,14.6524757726,16.2553086983,12.664969147,15.1459973965,15.2996152108,15.7656391904
15.6784997115,16.4988057771,14.5476789493,16.496807409,18.8328859718,19.1426050262,15.4447980306,17.1739892374,17.7291969183,16.8870879164
14.6050949778,16.912184824,14.4540891444,16.552765484,17.8617411354,18.5985935347,16.070368316,15.4202660467,17.732364592,17.2061832421
18.5325300448,23.9717370315,20.1960886326,20.1989936208,20.8286013461,19.7227342685,20.1341048055,16.8914840926,22.5084713316,19.070352738
16.3946148719,18.911036752,16.7848833314,17.9972117676,17.6993527685,17.9908804434,19.088579224,16.0138184554,18.7348585327,18.9283175413
16.0651254039,18.6010260183,17.1202472344,17.7754950454,17.3264041091,17.8490229324,18.4368561906,15.6619225883,18.639843649,19.0538220111
11.8720224159,14.7555137439,14.1075378425,15.6905642407,14.4816883409,17.4338822603,16.5536451074,13.3767564149,16.1850649745,18.7432863497
22.2796041325,28.7679157914,25.5196049804,22.7567407352,23.0937562074,23.4215511204,22.3216616489,18.429158639,24.1558926059,22.1340976994
19.5704169933,26.9913882632,23.7026779096,22.5158735931,21.4314738514,22.7933291198,24.1924502468,17.5326260924,24.0542150993,23.7056695481
18.2528848569,22.8848862289,20.82490981,21.7495857097,19.4677951673,20.7631866409,23.5552795783,17.2512914933,22.6011523184,23.1205302475
30.9798873613,37.6731143501,34.37002963,31.0969782907,29.7278446084,28.8149112864,30.3392086676,24.507052308,29.8167731387,28.2033578275
39.7908613243,44.4577470672,39.2646414481,36.8900989084,35.0592254548,31.9507567459,36.6914200452,29.1122387628,32.5587703041,30.7230733703
34.0768547921,32.4716173279,31.2858150855,33.286736681,31.0894267597,30.880425502,34.5872662137,28.0542902735,24.4047045031,30.3414864267
25.9684753893,23.322877134,25.1614136304,28.4942938075,25.3770148819,27.4770844726,27.9806437307,21.7000165119,20.4482416615,27.3562216691
29.05337606,27.4531167323,28.426862002,29.8069082657,28.6214647699,29.1739870648,27.0052607109,21.9602351103,22.8833739774,27.0918439078
24.1242544482,22.4026251621,23.5750982211,25.6984354636,22.9940476871,24.6877024909,23.5957877704,18.2386315499,21.4995104072,24.4443067763
28.2897463595,27.5522252389,27.3776385279,28.2038504722,26.563832063,26.1770122174,25.0758158917,20.7240716828,24.0297963911,24.9459974529
28.4055280194,26.8087075884,26.6407379293,26.6485681084,25.6239658399,24.9313206708,24.1720474815,20.4083865275,22.8649524944,24.3373261718
23.4355317559,20.2637190631,21.4214263616,22.5983200117,20.2224242649,21.3699749042,19.7628247813,16.7924449727,18.5834222618,21.7402216687
18.0147477386,15.2796517434,16.9784911749,19.2511104382,15.6042001645,18.7871115609,15.8664530967,13.1464457351,15.6809079681,19.0371769449
17.9855824923,16.2801471589,17.2953112915,18.063714336,15.3369342207,16.1226327474,15.3079100022,13.5074464467,17.8677124526,16.7773401433
15.7029726243,15.8543667397,16.3627852949,16.9240441411,15.0974004536,15.7044092268,16.2045396667,14.0614825542,17.0780244027,16.5462411981
15.7103562099,15.7992553352,15.9743112712,16.269134104,15.1801259653,14.5743863577,16.7977670358,14.7450299806,16.9618975267,15.6131216369
13.4205664609,13.2895546099,13.9523033041,14.2213198204,13.6603092296,13.5557435244,15.5983633761,14.2434430225,14.8817081943,14.8937130892
8.63923185849,9.44458253341,10.2715003535,11.8359444849,10.6498011129,13.1896881253,13.251283172,11.6351456283,11.9800669654,13.9770061367
12.3892963102,16.6029284474,14.7858003873,15.2495438694,15.200427709,18.0561065811,15.9860108557,13.1225550882,15.7413189441,16.1066678119
30.2924860194,38.3744734353,32.2736125825,27.6617384099,28.0486037182,25.6407257608,26.3848623871,20.9003320561,28.0392997313,21.443898588
21.553327021,27.0346390637,23.3592238024,23.4307157613,21.1026804519,22.3032374529,25.8737232623,17.3914182392,21.9424569555,22.3399589593
17.5717947658,20.5438605133,19.1693898922,21.5814846269,17.6696513888,19.2282772863,23.1091326414,15.5441629021,20.0256447105,21.2041689669
13.7871040804,14.4290117085,15.3505362384,18.2049192805,14.5648308817,17.615437843,19.5207076607,14.4020625793,17.2003844922,20.0416412593
8.09463005686,8.36748680017,10.7234304762,13.6715814678,10.419448945,16.14634966,14.4925799443,11.4328333005,14.1210404896,18.2305207668
5.81645405877,5.60855858993,7.95585144988,10.7948947439,8.55833227444,14.5713337834,11.0282702155,10.1429967,13.4249059042,15.7741410083
4.72184205053,3.58755244863,5.40762595334,8.25182511634,6.88675468517,13.4267557867,7.45534882654,8.99408759321,11.9206296085,13.5070884508
7.78178722868,7.79515097442,7.45392009898,9.10299204379,9.71215045006,13.9856875184,7.97888253543,10.4295358114,14.2070134369,12.7303991409
5.75775245381,5.70433755637,4.91032473279,7.6329292021,7.76360481848,12.1582911485,6.26381666229,8.55595118148,12.1518732937,11.1631576147
3.4440408497,3.79157530274,2.67798984965,6.00162727043,5.48926064664,10.4358683809,4.37668557956,6.34930944527,10.5313232437,9.50133158805
3.58706902022,3.24204248433,1.7337876051,4.8005666318,4.56820944398,8.89726700491,3.14835936237,5.78450520497,9.92993194272,7.86252041467
4.89405016956,3.75037535335,1.73553827168,4.14054749655,4.59233488422,7.68529120254,2.51075756422,5.89449481716,9.58075686417,6.48234432877
9.88774304314,9.48070446337,5.76774014924,6.48706783821,8.4854605839,8.43575737581,5.38617907849,8.34597331296,11.892634081,6.61457809081
8.39522894859,8.42782729364,4.97592486333,6.15927754975,7.11553003829,7.03772911164,5.48923337022,6.92889553427,10.1193779291,6.09688996746
7.99800406869,7.45780715165,4.36969878035,5.34087852865,5.50238781536,5.86676027894,4.63984198392,5.66357823229,8.71323747454,5.2679083495
8.01615630702,7.10027110475,4.34709705678,4.22204408659,4.46650687218,4.69636671528,3.75244626107,4.91354468832,8.04034858861,4.39393557526
10.0732719257,11.592481583,7.71373234391,5.46649340851,6.70239100877,5.87306008547,5.87313601491,5.69104834159,10.0341865093,5.20405869903
12.0686077819,14.7069851157,10.0966850757,7.13214369582,8.24751748439,6.35492378933,8.19422800061,6.40896097798,11.1616367832,6.00903045569
9.1335806127,15.0953492541,10.5000032604,7.98829741112,7.91662146198,6.51816076221,10.5949911563,5.51174199125,11.3853412371,7.32225377875
1.78592708025,7.62833493883,4.85715696083,4.97435082546,1.73412652085,4.92509951472,7.85702466474,0.830745333625,7.20192092004,6.87892179864
-0.803583875377,2.84628689676,1.22472499389,2.14706164031,-2.65490554712,4.05321520371,3.83203081392,-1.43802899389,5.41844438853,5.5561474756
-0.236920940122,0.556534914272,-0.635418476894,0.0394668436845,-4.34110675409,3.484371462,0.13015874326,-1.61070923505,5.13282425861,3.96635204255
2.7978022116,1.33152596464,-0.279332603557,-0.709897136539,-2.56985966721,3.03030119667,-1.41097942558,0.260165327468,6.111389818,2.5437869086
4.27407063897,2.51144634253,0.176155008097,-0.964587719432,-0.962074178701,2.28789973961,-1.86863380124,1.00152115881,6.41797333968,1.36341483947
6.9464908379,6.32022176449,2.42415743884,0.535648936192,1.84578202085,2.73533495915,-0.0420413329714,2.2284499146,7.61518095518,1.25675228697
7.0269819498,7.62878209152,3.31797891394,1.0794784786,2.8088711569,1.76683180291,1.65236125098,2.51403641571,7.56209824595,1.00873950705
7.02188790463,8.22321127233,3.71988113238,1.50405744433,2.44009782133,1.55233197827,2.44599581952,1.83354054096,6.80960063383,1.10926057361
7.31534062545,8.51462825659,4.50192647064,0.889306687603,2.64941085303,0.241043993969,3.26679598249,2.43199270368,6.5173759735,0.768220993035
28.4474959997,37.5735470936,29.3200250688,17.6706036041,21.7500102439,14.86486812,19.3834313391,12.3673287955,20.734489949,10.0884060117
29.0104812937,40.4828622469,31.4065979184,21.7544304915,21.7417970508,15.7600021503,25.0746749323,11.5100375807,22.2106988198,14.7903580447
17.2105679854,26.0914460214,21.1791552703,16.8249272722,11.3730192745,10.6134435285,20.9317283254,5.78035053388,15.5848805032,14.9018143426
6.02529798595,12.3067002495,11.8708353608,10.6145711155,1.56848354523,8.14948970299,13.6016744565,-0.436994429947,9.33505810771,13.6742251687
-0.921697396323,3.51590923944,5.25553427123,4.66142901537,-5.53331538976,6.60624705818,5.868074568,-4.12441667675,6.74404641085,11.0552873126
-3.39154497559,-1.55456218252,0.600689284633,0.319988518948,-9.32535769539,5.75143719371,-0.872127218571,-5.30268418818,5.76522236066,8.01303219886
30.8060299159,38.0883780306,32.3549042426,23.2540334809,21.7937072237,26.6691447671,19.6854252798,15.6912138057,25.5287169257,17.6042658831
62.3013198651,75.343535788,66.901650178,48.1133689365,46.4712528629,40.6809508505,40.6545758313,28.7747919641,44.199270491,30.0690823688
54.794815444,68.160325378,57.1401070087,46.0023742317,40.8161449723,37.2861146187,47.9125276913,27.3164915575,40.1057587698,34.1637594531
37.6372390592,44.7974900731,41.9436944194,37.7222610056,28.6624154098,30.1362964365,39.9310066919,20.801743778,29.3221004714,33.9381570897
24.7185548125,29.4858057053,31.9665554696,28.7726919094,18.9933811352,23.4197092174,29.6802856787,15.1459257331,24.7329361801,30.5453674408
20.2288856736,22.9087428301,27.4362738811,23.4117134851,16.181188993,21.964425862,23.7111234401,14.7567487043,22.4221111429,28.3434675744
17.4576156585,18.8922296672,23.4936417871,19.1987541706,14.7677386926,20.4772660207,19.4603074084,14.7888243388,21.1076401613,25.7248592417
20.1351431267,22.8793178594,25.3162008422,20.1420274452,18.4605553422,22.1096748237,19.9248707102,17.4116642815,23.1986063938,25.147519506
15.9713618467,17.2111876209,19.4308531439,16.8935340359,15.6622854341,19.6257906576,17.1679101392,15.9999783808,19.5755225393,22.7535524291
10.6018519207,11.129367559,13.4872958964,13.7077866609,11.9849799486,17.8735835052,13.0850578319,13.0657948203,15.2257800401,19.9661758916
11.6957565808,14.1821063029,14.3820981164,14.3617514783,13.9139734643,20.0734660004,12.5407233561,12.5526930775,16.1964468807,19.3529678517
20.8258075863,24.7128881767,21.7510512972,18.6445917209,20.0661188829,21.2318332547,16.258434318,16.0034599618,22.9404367775,19.7221945597
26.2818952845,32.4832275727,27.8053858605,23.6665962863,24.573182204,22.8050771615,22.1393015214,18.8885300007,26.6595034838,22.2513067983
20.3051651903,23.2807059112,20.6731423387,20.9538521149,19.4017631215,19.9865094607,21.1864484765,16.8024323498,20.1238192906,21.544901711
31.1297625568,37.1548090839,33.4522236852,29.0087632225,28.9972383803,26.6449427819,27.0770048059,22.0188408566,27.0665815538,25.6360174816
52.9055490131,62.9968637114,56.5608315228,45.2706624269,43.9737356102,36.8019530144,40.48703705,30.89369291,39.4458191957,33.2112965708
59.4349315452,66.2022021262,56.441811129,50.1373503845,45.7978429502,37.7086871152,49.5338623048,34.7086889174,39.1057903377,35.7468625849
52.7444823413,53.1833788197,49.8530815249,46.2456375479,40.270587019,34.2782440502,46.1819184039,33.6579936567,32.2785529729,35.9981310809
42.1767096322,43.4247531015,44.4776096197,40.6326951234,33.116406838,29.1476640856,39.7973247061,28.4371977003,29.9111910337,33.9405060559
33.7809660003,33.1068520139,37.3739878244,34.0162253944,27.6276138888,26.9024890873,33.9796746212,26.057983141,24.5278813493,31.7340307293
29.3375050751,28.2348413452,33.2481041751,29.3185537265,24.6041592068,24.6484456041,29.1058695474,23.9203962847,23.0413951523,28.5980341745
33.1290531807,32.6374111768,35.5769667444,30.566446695,27.7997067476,25.5720599618,29.5743757252,25.8330455796,25.5084299998,27.4546159979
41.6701035949,46.8130139991,47.6571195297,36.2386292115,35.4887722466,30.7193412825,34.3314610063,29.4146550556,32.6969787681,31.1355760129
36.5984974739,40.1756637238,39.9607334164,32.8734981831,30.9397355416,28.1571352137,34.5089788595,27.8528685769,27.9876433056,30.2821426136
42.3364009347,44.3931892753,44.2360258705,36.4649657934,35.9405265659,31.0729598138,35.3770257223,30.6773453463,28.7299639952,31.519567191
37.5002499422,42.7486854018,42.2492428945,35.0571608034,32.8880467288,29.4057722795,35.2824305905,27.4041424845,29.1534633573,31.6422218582
44.8549552534,52.7154219122,50.5940776172,41.5694072532,38.0617913372,33.0979084445,39.9363060907,30.1638626655,34.6579681067,34.4108347254
42.9397697458,47.4715335641,45.4741779877,39.7000770972,35.0320050931,31.6129302066,40.8926914241,30.4021189963,31.537538473,34.1831072008
36.8659068992,37.4372079314,39.0377392807,35.3392217459,30.6066435121,29.1969820811,36.1858602625,28.9304931123,26.6535651662,32.7898567353
29.0400325566,27.9506601924,31.8568301633,30.0689445434,26.1359749937,27.5323300347,30.6834460286,25.725284471,21.8681838098,30.2623307668
25.5846314058,22.9547334273,27.2835269855,26.0431446835,23.2626721979,25.2172115677,25.2749538628,22.5851542774,19.854279863,26.4016414183
27.7727248982,24.8254478511,27.4516086268,25.965164521,24.9176412789,24.901067783,23.7469747338,22.5899700305,20.8739849717,24.2168540761
31.7414401742,31.8591431627,31.9862477455,28.4090139597,27.8968331422,24.505338431,25.9498369913,23.2728363328,25.5345161686,23.9525290355
28.6205057757,27.821643016,28.2639525295,26.1089713267,24.9190329445,22.1929033037,25.3491274941,22.309315598,22.2998854421,23.1264840009
21.553075191,21.7186504358,23.1620194575,23.00590146,20.7537061146,20.4603096656,23.1829769955,19.4529004412,18.7539108778,22.1268002897
49.1278678218,54.5067184172,52.4162607546,42.0778248627,42.8171331015,36.066040231,36.8032406738,32.1393762611,34.0979339108,30.3421174642
59.4114982411,69.1760404395,62.3700677538,48.6846939351,48.1032237298,39.1591087544,46.8368240316,34.4830751478,41.2172528956,35.4793267452
55.9235946612,63.073250516,56.2452634557,49.7547017114,43.9073501572,37.27920905,50.4252590432,34.2052656704,37.7912704766,37.5616249625
56.1619813555,61.7075713642,58.1816660462,52.0361068543,44.3629119753,38.3293135842,50.749295314,35.5088743256,38.1960208561,40.3067964387
61.2279542194,69.4714600184,67.4011098586,57.0414844162,48.9444074715,43.6424018181,53.9963845132,38.507324658,43.4001481226,45.224698344
59.1668600115,65.7129639701,63.2815309384,54.4592524615,47.1350947595,44.0228100938,55.3227106401,39.3445143873,41.712912942,45.9780507961
56.7266818016,60.6993223926,59.64386518,53.4903085537,44.8479213512,41.8740596099,53.2211948169,38.7644387174,41.3282157789,45.0847797736
51.7823823822,52.6835076244,54.4147428077,49.6775032704,41.2532613288,39.0846566219,49.2466613287,37.9475237493,38.765663403,43.4732478181
45.3571706923,44.6206580695,49.067186936,44.7837773173,37.7393425334,36.6596954416,44.212529802,36.8549156013,35.7666774174,41.6217932184
39.2556475731,37.7112682902,43.5907682885,39.660826014,34.8784036044,34.8034524028,39.4543138598,35.6491420506,32.5833851103,39.2620287172
33.4958888715,31.9277026854,37.7286850797,35.775622527,32.7868233284,33.9917716076,36.2226379198,34.5188835701,29.5330049968,36.9514156222
29.3843684878,27.9153433674,33.4353311714,32.1995271561,30.9014313062,32.3311345674,32.7658868738,32.2870631761,28.1215987249,34.2396278745
27.3333332994,25.4184005115,30.0522439364,30.1098987505,29.9738612973,31.1972194125,30.4923588174,31.0917292804,26.8878373757,31.9611633612
37.8038332216,39.0393509784,40.5094627474,36.2029758396,37.2266026196,34.2367934925,34.0061884998,33.7870899788,34.4631279646,33.120581036
37.5386504522,37.688689451,38.2042019971,35.0612754063,35.3608965868,32.18434241,34.8501176162,33.3357730368,32.8478842201,32.7393871883
35.2958229698,33.0276531508,34.780449771,33.1228792656,33.2458585982,30.0055470897,32.5883055111,33.0067323241,28.976874556,31.5019105455
31.3719032898,29.1858911527,31.6436545921,30.9016478091,30.9733738157,28.2575047923,30.4096625974,31.332811967,26.195745751,29.9067375402
28.5474083674,26.5939968279,29.312320612,28.5327025161,28.9418478379,26.4635444731,28.1952754894,29.2037876847,24.4084876968,27.9116163277
28.1818612853,28.4850383115,30.4188197307,28.3535648522,28.3455219771,25.0157231437,28.1852047056,27.43579788,26.1150200595,26.8115828276
27.2584451154,28.9380932185,30.4298877861,27.9447481164,27.9233347828,25.308020187,28.9354747417,27.6300950411,25.7035832032,27.2779413499
29.9391410055,32.5366883773,33.2826531092,28.924792276,29.5643916539,26.4244515117,29.9804807089,28.4651426993,27.1541374097,27.9680701023
28.2838806734,29.3610386117,30.133741761,27.7199940866,27.8105135742,25.5020872591,29.4573913634,27.954300971,24.6237768469,27.2769370323
25.5691567715,26.7710119883,27.9472885484,26.7804902961,26.1270516365,24.3741038257,28.4153871609,26.487459161,23.6328037154,26.4566402421
21.878277499,22.9062724336,24.7381392399,24.7484863473,23.9244955406,23.4525332649,26.8947228786,25.0284042351,21.8027962504,25.5696727146
20.0287434597,20.6670306105,22.6547282584,23.4784176301,22.7950386428,22.836320218,25.7068525714,24.0990620415,21.086393269,24.4646667184
20.490157687,19.8941014265,21.8256097309,22.835048578,22.7064283045,22.3286287045,24.7332081855,24.0489585207,20.9364018791,23.3133707885
20.7793493359,18.7756382031,20.7880559784,21.7705846381,22.4649219781,21.7785573854,23.1196523266,24.0104919513,19.9451448588,22.1952125318
21.1194689607,18.756656862,20.4383497081,21.1991429867,22.3678023686,20.8026474556,21.9404740506,23.3842884271,19.702618623,20.9078935409
22.5350564315,20.042619945,20.9505587843,21.7887058093,23.0377978855,20.1945543718,22.1654369709,23.4872784931,19.78858592,19.9307822609
23.9007064058,22.0146086755,22.4145003166,22.3255841885,23.6569204527,19.6640547203,22.7230917603,23.4753860563,20.2664345494,19.5359892789
50.1923046644,56.7864414394,52.8492917708,43.8941244982,43.4914956998,34.9854393881,38.9490540875,34.9643835574,36.7902693772,29.1871679982
46.8430033184,56.4412817548,50.5054236762,42.9770496349,40.3111112745,35.4240385314,45.6097306678,33.7129365365,36.7439292383,33.5953199562
67.3439518483,77.1152350665,72.5166150879,59.4346110848,54.4800073721,46.6935300229,54.3004660941,42.0517957753,46.2844593581,42.7812658152
66.6986307153,78.5057462033,70.6620598911,58.9960394865,52.0524480023,47.110539176,60.1072126907,41.3111129262,47.8272087519,46.0930299269
59.5120725748,66.6136642569,62.4214190205,55.9965670907,45.8920680803,43.1883295683,57.1950499982,39.42767336,44.047164033,46.4023365613
49.8391876087,53.4922164845,54.5693975269,50.2964293564,39.7724818646,39.4605916853,51.0503793693,37.2276477368,40.0956992046,45.4764969791
43.4201999452,44.5514667082,48.7144977664,45.4063227445,36.3575979899,37.2668449644,45.8564980315,36.2722877658,37.5065139656,43.5990834941
42.6212295591,41.7435718688,46.8168388391,43.1318093964,36.5364736167,36.7757217486,42.7213543844,37.2111002718,37.0068359426,41.7627744439
39.0974329905,37.1978797692,43.008928602,39.3850603101,34.9668634416,35.210953239,39.2848783086,36.9321448805,35.1977515442,39.8398466966
36.7967665733,34.8783794082,40.2970660518,37.4422077939,34.5737083294,34.3759722699,37.2161238167,36.9546450791,34.010823472,38.0764185733
36.9962025328,34.6949267964,39.3075992559,36.4605566988,35.0690255012,33.4859834323,36.0015859359,37.0645188162,33.5855923554,36.1929680227
36.5263281714,34.2334499824,38.2229906262,35.5287398787,34.9641133394,32.4606754225,35.0738360154,36.9708947481,32.6721116735,34.7756907832
35.8186585038,33.8855266405,37.218375347,34.9200360014,34.7233191468,31.5729015086,34.6479566768,36.7213700744,31.6712218796,33.564585481
31.1328636894,29.4973270003,33.5330487298,31.3709572177,32.2804163593,30.323251702,32.0390030312,35.3846324624,28.1897161276,32.4196791922
26.4841489362,26.0743210225,29.8853998895,28.5279882593,29.9487714157,29.001303462,29.6902673873,32.6689126988,26.0064560155,30.6811017919
22.5141480698,23.0635098804,26.3690020849,26.2225288332,27.6810792901,27.7975904627,27.8774042065,29.9545568951,24.4304184108,29.0479278808
20.6543957694,21.1502816871,23.9749515902,24.5505256028,26.0845542033,26.4481533534,26.3356341728,27.916053459,23.7545298969,27.3989687099
19.8283944665,20.0418400332,22.3768514112,23.6886837153,25.0914681391,25.3431389725,25.4957527001,26.8297819951,23.4592262041,26.1688150698
19.4837748431,19.5413768997,21.3918404679,23.5477180799,24.7029517202,24.7654722946,25.4536773401,26.5651675959,23.3112164837,25.4132222311
18.7638531339,18.6023173482,20.3992899225,22.9288420766,24.2014961404,24.2992335642,25.0328447991,26.3255582537,22.7784818076,24.8612382469
22.0425324376,23.0961896165,23.9403305452,24.8346456397,26.3741363844,25.2359908439,26.4463852312,27.1491960191,25.4986679277,25.3726739558
29.790257684,34.0474666864,32.9967602,30.6488858515,32.1938115753,29.9264625058,31.3637479627,30.7211361545,30.8260816226,28.9790841125
25.3263009986,28.3790516098,28.1003504986,27.9491471649,28.4509147886,28.0186551858,30.9487265542,28.8457884329,27.7464120087,29.1819215114
21.6734214675,23.6932523428,24.7312845938,26.4526231321,25.9401191642,26.1916225822,29.1921761153,27.110197668,26.0676168142,28.5560512545
20.935367401,23.8418757252,25.1981393258,26.6417114524,26.1842497951,27.1477747377,29.2263856634,27.3699573213,26.8217370617,29.3452553551
23.7525596112,26.6741655127,27.6352813448,27.8848775396,28.0730043875,28.772149419,30.156519906,28.7248775911,28.7387013389,30.2430291335
20.4835250335,22.0543491837,23.7353696222,25.9501840734,25.8900951264,27.8410277492,28.9802478128,28.0114514274,26.5889533923,29.9230824335
18.4140358512,18.9261016472,21.294517792,24.7452154497,24.7981805294,27.012797762,27.4277813205,27.3880333574,25.6031767332,29.0110735146
19.8088717807,19.940576442,22.1488650582,25.1478849694,25.9820600789,27.6044786545,27.1236118937,28.2019842719,26.5150327669,28.7584755119
20.3512400886,19.1478300463,21.5382426156,24.3346920577,25.8395275993,26.6919317161,26.0769481503,28.1862716118,26.2055531592,27.8002223489
17.890309709,17.5887914909,19.9878959491,23.3850377668,24.615068559,25.6419884098,25.4266138019,27.2829337374,25.359213326,27.1297630486
17.6703005826,17.2895783708,19.4926981317,23.0888073715,24.6625313466,25.4456176788,25.2985392608,27.4242373722,24.879727802,26.5046611042
16.454652026,16.0467240825,18.2570533452,22.0764900593,23.7982351574,24.6142046318,24.6265778294,26.7723418797,23.8442303938,25.5589901665
18.0449655064,15.8096305846,17.9596179511,21.5012687127,24.1759601232,24.1905391737,23.4296018289,27.1727330273,22.6642741983,24.2592830075
18.0453559344,16.3566205558,18.2252797959,21.2407054051,23.8342847816,22.9299693966,22.8915398649,26.1134021122,22.87943734,23.2089147722
16.7908210541,15.9574176692,17.7196130475,20.4593323607,22.9731833224,21.9551554041,22.5538405485,25.2806987599,22.0930765324,22.6155317154
16.8915013226,16.4579566885,17.7933322091,20.597838114,22.8861317107,21.535221388,22.9946979129,25.1181218708,21.7054678403,22.0702207064
18.3238421016,16.9434792205,18.4487230695,19.9293240118,22.7448145965,20.4957297062,22.2627139372,24.8370657588,21.2990270054,21.1622403787
17.9683570563,17.2660512606,18.516592424,19.8866391301,22.3339782138,19.8784970979,22.3998214945,24.5275858649,20.6758925254,20.7556013987
17.5335373196,17.1974834866,18.3138530261,19.5202548878,21.9388789269,19.6168738125,22.2784008805,24.2187478269,19.6821599369,20.3621909139
17.8293386399,16.7074644112,18.0381522441,18.2166913031,21.1506271019,18.7017008174,20.6858762822,23.2615866314,18.5544687883,19.3628262101
16.5192453299,15.8841999415,17.1316417957,16.9327975739,19.7464242849,17.5248762921,19.2391317456,21.5675587585,17.4391742472,18.3464031184
29.3040996714,37.5309774097,35.1890039492,28.0110029997,30.613844892,26.5568037146,28.5189850725,26.7432166149,28.7814662916,24.4362354726
50.7378582641,65.409966836,60.8830820535,46.168714085,45.5784257573,41.1851493141,43.7015171046,35.7188173897,41.8317344678,35.9375875778
48.8641702282,62.1884678158,52.6994690387,46.6639728719,41.7867773701,40.7487289831,51.3710578799,35.0761844607,40.781158177,38.5813484778
44.5809210653,51.0789926481,46.8427517205,45.0348983175,37.2112054786,36.4602147424,47.7857939063,33.3431956867,38.3700691933,39.1726495665
42.7461739848,47.3371599313,47.2239331252,44.7316262016,36.7943777745,36.9608336797,45.3942217211,34.2715599492,38.74372881,41.306352868
46.4539496403,52.4212970141,53.7165487828,47.453536016,41.5120951754,42.7578427459,46.7295696845,38.3467242272,41.981502455,45.5455006935
54.6472188132,59.8686588499,58.5198256329,51.986030992,47.2564222486,47.0732790872,50.9692911329,42.5008225559,45.7050804243,47.3426949916
61.0781433657,59.3740101295,56.3675107292,54.5192337602,50.4650316111,47.201777303,53.6810603247,46.6088526907,44.184039784,45.8201464102
66.4351251874,62.8813291067,59.6680588869,59.5235671099,52.6191179287,44.8798876963,55.1062700453,47.1264573493,47.5113380396,44.5762531815
73.883507518,72.3777771447,70.1988177955,66.6805477786,57.8008968636,48.7779767258,59.1657595366,51.1626279378,51.7391252618,48.5959987791
77.6278193173,80.5066873657,77.7486695721,70.5565609061,60.9275082436,53.9897020497,64.5036514431,54.1207807871,55.4175016384,53.6299317066
69.0894153927,74.0689274226,71.9959495742,65.6220747,55.4917194359,53.0303474521,64.6429429841,51.891470377,53.9420087841,55.0764964579
71.5449966879,75.473202361,74.6315537165,67.590753156,57.731876886,55.0878523267,63.9607066055,53.5491633749,55.5380250564,56.5841541572
64.4332317163,67.9600975764,68.086160394,62.8945017656,53.2521477501,54.0048347425,62.3523648873,52.0554880772,53.780178209,56.7682918455
60.6639113919,61.4396468393,63.3740201408,60.0011792031,51.2123050632,52.132337137,58.7303873075,51.247429535,52.5302050599,55.301677032
63.4319572728,64.2457350667,66.8629979126,62.2657690008,54.6166740869,55.71845982,58.2934688447,54.3896813843,54.6048008147,57.2914071147
65.9595443881,67.9885578286,68.8515710086,63.0204114893,56.8294014751,57.6635357568,59.7465532397,55.2844463161,57.3877986899,58.0125606966
68.0526360385,69.5613636996,69.4834604802,65.0092957538,58.9216728538,60.5927785194,61.4868450137,57.8213939835,58.448119034,59.9481546066
65.8227772964,68.0064151324,68.3496591897,63.8005916242,58.2028039879,60.7903468948,60.9813078748,57.19499269,59.7048806811,60.9542513116
63.5198689538,65.5739500561,66.3223543386,63.0642699227,57.4624157181,61.1688188308,60.1906838403,56.9254678867,60.1374474239,61.8274369121
58.8782512212,59.9059377634,61.7055451008,60.0551872583,54.9963597551,60.0240955615,57.9885250138,55.7664606103,59.2948990732,61.6338511764
50.2143837827,49.9925633123,53.5066454321,55.5086861158,50.3600298042,58.1921480177,54.526513932,54.0066124269,56.9182564314,61.2041441628
53.8850621625,53.281595802,57.2026990062,57.747378998,54.6486387718,62.0258607228,53.9437624774,57.2103813,59.4315594614,62.6898424251
57.0031356891,57.7496969854,60.9755412031,58.4978582773,57.4888909437,64.8205510898,54.5522224514,58.5064835145,62.8331942718,64.4445321645
48.6380873374,48.5842950328,51.6942908261,53.3479863263,52.3121220887,62.5220706973,52.3823109885,55.9876443584,60.3579539625,63.7789760128
50.4323935992,50.3971220428,53.9876212922,55.9239926958,55.5316797036,65.9509076387,51.7524078169,58.8310969627,62.0648444203,65.9291374328
40.2509452447,40.106435054,43.958077424,49.4909539744,49.6802636437,63.9434666208,49.3683963756,55.5514851475,60.137503165,65.3568327673
36.7491291244,32.7020671125,37.8043633917,46.9385045601,48.2411321791,61.5928189957,45.5014016296,54.4250874295,59.0626361828,62.9465803985
34.2121336312,27.1563693397,33.1955043276,44.9314285073,47.3108280719,60.7950772127,42.6062935323,55.1068398082,57.5858657026,61.4968916985
40.4666729657,31.2390166482,36.699715258,47.3436467743,52.2033636744,62.0718231747,42.1982104335,58.268561915,59.7015882077,60.2410757868
53.9384232707,45.5758162604,48.3993684924,55.1863537507,60.6885400466,65.8535809418,46.4945969825,63.0826356423,65.2565155488,61.5055918306
61.4631799962,55.9331209564,57.1665428489,59.7464221355,64.6565918929,68.257528514,50.938901587,65.2372594809,68.4613682692,64.0390818477
77.3161382636,74.000522973,72.7627469892,70.0749744254,74.16540482,73.4710556717,58.2053511052,69.8822386866,73.426877325,67.4419582643
85.1619861314,82.3599460551,75.5948289931,75.7814966897,76.8225260002,77.479011812,67.6709610851,73.2924358598,74.2436765168,69.5712909731
89.9398846465,87.2030132517,81.8559053643,80.2941769957,78.7453650628,79.2620829186,70.9172845033,74.7999707108,77.0953753283,72.938411983
98.9310915378,98.1902643719,93.5975988774,85.8887284146,84.3444846946,82.5744851067,74.1998632125,76.1047137321,81.2294106035,76.030937983
95.2742468162,97.7315078385,91.303827942,83.717219367,80.3185729011,81.3343102239,76.3978989211,73.1377966738,81.1265294216,76.6783490877
85.1712538635,86.8072867254,82.4296611456,79.9247825414,73.2064965409,78.8604193769,74.355938009,70.9840288824,77.7787853668,77.3113570286
79.5127835303,80.457463537,79.8725096905,77.4067339404,71.2926440555,79.6022497951,71.0990582318,71.1058282498,76.7403809369,78.8886140555
71.3853842019,72.2398860759,72.5573941038,71.4194153754,67.2394225517,77.9008504104,68.216626567,68.386434261,75.626522801,77.6364911467
64.8721533718,63.0176434525,65.122010946,67.4956315543,63.9082351115,75.972135796,64.2180065806,66.9204805346,73.8380700596,76.3845208007
63.7212804569,59.2855098599,62.3957237149,65.9622637765,63.9546644474,75.14599349,61.3027015981,66.8889098331,74.0456940634,74.9663715737
57.8592218478,51.8074324359,55.9412753102,62.3336980356,60.6645966909,73.7975922662,58.4594834424,66.1317323893,72.5233491851,74.1603429444
65.4283119574,58.887085236,63.0746139283,66.7663192124,67.2544580768,78.0628984203,58.660422107,70.5873414767,75.5532796275,75.580832722
69.2572079797,62.3951248447,64.5358403454,66.4030927784,69.3815778459,77.3426867633,59.5380892709,70.3525654993,77.4150348007,73.8491859943
69.8152077436,62.8672694694,64.9019704792,67.8452810056,69.1313047135,76.2631298398,59.2545578456,70.6669681919,77.158883712,74.012575447
64.1585916443,56.8634578312,59.9150280403,63.6008226422,65.1726251709,71.5235157752,56.3250008116,67.6559193017,74.2962372168,71.2982517006
60.8607096677,51.8741004219,55.8436779987,61.807975002,62.7974038972,67.7338759826,53.5562475796,66.7350083113,70.390359681,68.358034515
68.1285734792,62.2077341126,66.5154206874,67.1448716841,68.5031940359,71.4566114647,55.1373955984,70.6566667367,72.2552707654,70.46661763
56.7220037182,55.8031812692,59.3743575823,60.3179086114,61.629838427,71.10039119,55.2374561467,67.6891748964,68.7793823865,71.4468194826
45.8240077925,45.9036839539,50.1521189207,54.7467874645,56.1599909159,68.7680823649,51.7626511764,63.851482711,65.6149058388,70.3076892239
44.5674500643,41.0443767383,45.4135898385,52.2713818035,55.7874930398,67.0938404661,49.099714669,62.5603198306,64.0002051579,67.075073019
42.6873029811,36.2109323865,41.0476780535,50.3504862513,53.8593967698,64.7767234188,46.5345401095,61.3227202446,62.6630713668,64.6948265034
36.2972872455,29.6252120718,35.5311323829,47.0184484431,50.1798561946,63.0529035101,43.5947081647,59.7221200329,60.5883299402,63.7979297248
32.262458412,24.9993159327,31.5555190822,44.1412467445,48.7022317879,62.0425491246,40.9983139023,58.6669510291,59.2759910288,62.2161584975
36.2546755769,26.11574312,32.0045719004,44.7659186288,51.5993460767,61.9412933371,40.1959655301,60.1074341268,59.1591735887,59.5398991592
43.9130929108,31.442977224,35.7938461647,47.9685390195,55.7556953962,61.6716924877,41.2803156726,62.2991337457,60.4938101145,57.4670793495
47.9102129802,36.5023429614,39.9620746362,50.4997402531,57.7704910949,61.4932981263,42.9083443764,63.6337870955,61.2125137836,57.4402384229
44.4193377617,35.8755423298,39.5295703412,49.2268511672,55.254031599,59.6903708629,43.0726016306,61.6884207926,60.0047967723,57.4869651908
40.8981157266,33.8525349613,37.3945754863,48.0976962401,53.2196738892,58.9090752462,43.3833333162,60.4982419162,57.760430697,57.1111702811
38.8376096319,32.0100252595,35.7655075096,46.8235009965,52.0813395388,58.4095778694,43.1638433333,59.6356085084,56.0622122421,56.3648024577
43.9255468522,39.466105949,43.0924198071,49.4859738048,56.2063356193,61.1327954173,44.165721081,60.9485421334,58.8194384805,58.1436714833
58.9131290725,54.8734394533,55.0920104742,56.9139934676,64.352593682,64.2716327815,49.5038384394,63.4631595435,63.7173352316,58.8685351374
88.0521133102,80.1305446947,69.0455624874,76.3803991389,78.9053012839,71.1343323334,65.8108636577,72.0514064943,69.6565030613,59.1582188604
114.588970772,103.417413896,86.1524427494,93.7599315828,90.8733126816,76.8566171755,80.7798273863,79.7705757989,76.9410253447,62.7010709783
126.323449609,115.508724532,97.4455647545,101.810057548,93.9676175308,80.088521184,90.1257358798,82.5267259982,82.0463483452,67.7615423804
129.307418105,120.306003533,105.005644225,104.293714723,94.2324367325,81.6684253589,93.342417334,82.861800937,84.7392745971,72.1118629148
143.321787071,135.791866731,124.940259452,113.612479692,103.731610991,88.3868436187,94.825930177,86.565357918,89.4511891749,78.2890851628
177.380341933,172.95726196,149.849724846,132.463061209,126.09127335,103.01380447,108.165735003,94.3967490498,97.4536143596,82.5012283995
237.653300822,240.361106341,177.335747946,168.615498072,178.100914322,128.799633695,139.1667052,107.445177431,110.925018912,82.6727805002
266.279680697,261.303414825,200.645962619,173.395349983,189.084188419,136.96998813,148.983245551,113.398705154,121.738053295,92.0629507032
257.566530684,256.332671603,208.129082346,160.56688907,167.86056989,132.157379083,141.502794103,108.106213972,128.601353356,99.0548385365
221.67697089,235.961920348,197.282205257,143.24783217,138.289488592,122.032554715,127.721263822,98.3955881375,123.644752585,101.583293098
187.676694891,220.691911538,182.313148481,132.327123606,121.488574695,111.998260842,117.48606265,89.0299649335,112.872204526,97.7077312727
158.533251868,199.674187915,163.31852861,121.477670081,105.631767443,102.878758106,109.910630385,81.9184467472,99.6852156245,93.8903685588
134.138843205,177.441743898,143.219276329,110.468863829,91.680377235,94.4189687001,103.334723179,75.0383021545,89.6087569088,89.4431585983
113.133060644,151.254925192,123.044967322,99.204590987,79.6036833229,87.0342966248,95.9963137058,69.5976684407,80.7346798655,85.413803213
96.6222672944,127.591765539,105.377966385,89.9913327744,70.155919143,80.2269761043,88.8395763238,64.2591377714,75.7636794902,81.3101531476
88.8393350015,108.860765948,94.3821134913,84.2586368893,66.6084555526,77.20909499,82.3306126884,63.1253904011,72.1476322418,78.5225431942
84.9341814347,97.1510274966,87.3425274875,79.8514885746,65.1205090614,73.6914282179,77.0984681641,61.7724661146,71.7161970309,74.8322114694
92.5065869988,98.1461115607,92.447211942,84.1012236045,71.275512376,76.4930190547,75.2056898342,66.0023323047,74.0493919819,75.3574610394
82.131082605,87.3909441353,82.7181171741,76.7143082122,65.607962053,73.7615176216,73.4367401664,63.5918333075,72.8884756391,74.0707331432
74.5149609516,75.5958625407,74.0339814978,73.3755722799,62.6801216343,71.5672110936,69.3889380358,63.4843049429,70.5111828781,72.7564141606
70.2628640581,67.5178401482,68.043807809,70.0076804297,61.8360062713,70.3034930227,66.3085481125,64.0472924218,69.1240751209,70.7207770316
63.7716774475,59.0044101729,61.9298646197,66.2182872823,59.3151031707,68.8041430418,62.7283650915,63.511574712,68.2028900902,69.7544655642
59.5693260972,52.5912804471,57.1165867038,62.862900634,58.5576218548,68.0116183143,59.5134037891,63.6774089361,67.0790792205,68.2678817391
57.4840055341,48.7829553207,53.9658740177,60.8740334345,58.4510644473,67.0447786725,56.9849315056,63.7266922043,66.9488324556,66.6695352381
50.0135340343,41.3208727689,48.2585893852,56.2465634244,55.2123902703,65.5892126665,53.0006116942,62.6279048464,64.8935333138,66.2577078342
49.8008177379,39.5572655072,46.0676311927,55.0664775615,56.5515384909,65.3101760539,51.1518326599,63.2478422507,64.2665506485,64.128874221
53.9409771845,42.6354769512,48.3990298509,56.2801893615,59.754091648,65.4973372393,50.4353355896,64.8940291788,65.1534343631,62.9663319046
54.973207247,42.6771606992,47.995972858,55.2568542969,60.3960289498,63.7138491558,49.2244704926,65.146131228,63.5223292892,60.976183079
62.8001879868,47.745424338,50.5089772463,59.0261406893,66.1427565549,64.2930349027,51.480041054,69.6627941647,61.0141937225,58.3813640528
73.7704228831,59.4011851743,57.945197311,66.7850333596,72.158439731,64.5915300018,57.655076857,71.9710477342,63.6598485529,56.881931132
76.2159998285,63.9051444937,62.3229146275,69.4644202356,72.1505886975,64.088252503,61.3957762916,71.8968720538,63.6584714661,57.8240670297
73.1600697049,64.4371897902,64.2878743466,68.7116687951,69.384159903,62.3367812574,61.9202040281,68.8836942399,63.127795756,58.5805946822
68.0219286978,62.2661480902,63.1677298832,66.7030896432,65.2210180169,60.7893961374,61.4992545217,65.5187034751,61.7004439655,59.1052738761
65.7017340037,61.8801152813,64.3537398041,65.3469455193,63.9419218539,61.7620438962,60.4345151849,64.7230105251,60.8522307673,60.7431178993
71.7361670196,68.5882987454,69.3183906533,67.4480403434,67.3147679005,63.5838233359,61.9998311033,65.3407067839,62.7035563836,60.8730789092
72.1362383902,68.1348794627,67.6333313814,67.5478788154,66.5495185949,64.7164310631,63.7482146556,66.4125479104,61.1280771294,61.4860863051
70.9034683641,69.0598096083,68.7412142407,68.5568295129,65.2807366215,64.8086966297,63.9613367718,64.6666258843,63.5593094264,62.8434667191
65.1634206729,63.146080637,64.1026611707,64.5571847488,61.1985779733,62.8863682816,62.0741010282,61.8331386511,62.0205690444,62.4131138642
61.4660545279,57.4512182206,59.6032021137,62.3789383762,58.9707252418,61.8203708749,59.7640868504,61.1879425547,59.929124671,61.5633021134
57.8580297584,52.603283694,55.9758127058,59.8341996209,57.0541759606,60.8052326268,57.3480880054,60.3819943069,58.7158548375,60.6178174609
56.7730369274,50.7048183673,54.636184522,58.5160322798,56.599161372,59.7360623833,55.3501876261,59.4925993503,58.8738999851,59.3494045666
53.2783931707,46.9719712997,52.1757522931,55.458800591,54.5520954353,57.8696376469,52.2440841623,57.9875429362,57.6361963954,58.3422282391
49.7492584336,43.3548748284,48.5555711019,53.2232450229,52.7803322117,56.800663105,50.3264720193,57.2853971712,55.6195818909,57.1365155572
45.0159522879,39.1723130706,44.3977937101,50.9061947089,50.8190499643,56.7649962177,48.8964871418,56.943313819,53.5987159934,56.679470172
40.0015906234,34.9632762778,40.3258786666,48.1740023847,48.8974978736,56.6814290189,47.2715419872,55.6347971966,52.6031747637,56.1534245151
34.430518347,29.4547827564,35.6741555463,44.1663685605,46.4445134885,55.4959077542,44.0565486334,53.2856468587,51.2835391043,55.1465191418
30.6024790934,25.051587586,31.4072780151,41.318898563,44.8647404826,54.6874240721,41.2235123641,51.7925665988,49.9501813089,53.8765021402
31.7185022192,23.8444765703,29.7068031147,40.4971794732,45.802935604,54.0397676824,39.2905106416,51.9438735478,49.1688884433,51.638498873
34.5882283129,25.02422417,29.9204621978,41.3374369067,47.3521073294,53.32653668,38.6350870479,52.6901818305,49.3179591418,49.8580954006
34.1191912069,24.7325279356,29.3819141875,40.7565739557,47.0341280168,52.0065822459,37.6405775352,52.3052051169,48.4049765884,48.794495923
35.5751025567,27.0779852662,30.9011085596,41.7463078823,47.5146943266,50.6182823775,37.9887068203,51.3801564553,49.3183703175,47.6841986169
38.9046399508,28.5492785436,32.312219745,41.7020324333,48.768609539,49.0129692882,37.4650790514,52.0149550413,47.6551240988,45.9433614118
36.884462111,28.2909555659,31.8435504142,41.202118342,47.159214769,47.5569091952,37.3568283673,51.2887614048,45.50238518,45.3747339726
32.8201978491,24.9923691297,28.9010984766,38.3891036715,46.1084640561,47.655444031,36.120809782,51.2750163685,39.9446558005,44.3709026317
31.1001989138,26.558791588,29.3610566371,38.4871969511,44.1406055085,44.8692187487,36.2642484846,46.3594259353,42.2528429908,42.5320749781
31.9889844488,26.4879564027,29.4761926326,37.6476195078,43.0373321295,43.0002588075,35.6844085549,44.875493674,41.3309089091,41.3289258947
30.9081230584,24.901683496,28.2138795295,36.2534653844,41.5346227968,42.0039417245,34.6683811215,44.6575528537,38.6462523422,40.61273957
28.6724137449,23.8936662759,27.1277306586,35.1962338397,39.8933886807,40.9701672887,34.0394155084,43.2013555842,37.4386503439,39.8108674027
24.9288901336,21.6883291932,24.9436825988,33.4896930386,37.671855558,40.2619669276,33.3297903375,41.3712561441,35.8246490271,39.2662411265
24.1867269733,20.2046545487,23.551835312,31.8701265317,36.8916327016,39.372297769,31.8755628499,40.2196226493,34.2944386606,37.7117764582
26.5324916749,21.1637649044,24.1904351631,31.6330636503,36.9772928478,37.5400730203,30.6389830598,39.1614835525,34.4188409845,35.672617039
28.545712679,22.5437541107,25.079133681,31.9971808874,36.9790389001,36.0148589381,30.3370151143,38.8766069584,33.9449272743,34.2928995163
30.1437882152,24.1636270796,26.2235285784,32.5495777427,37.1234740529,34.8143236039,30.6785643734,38.8344717069,33.1861139349,33.1964251102
29.3059286214,24.423687618,26.2936177365,32.3154712432,36.2778968167,33.850807584,31.0254615622,38.1757451416,31.6590499788,32.4980738594
29.6693846628,25.8961007013,27.3847143392,32.627074752,35.676951727,32.5259863015,31.7263734513,36.7729400634,31.6602489408,31.5096583599
31.1656668944,26.8861710952,28.4749699921,32.4519237683,35.3333145003,31.3245865688,31.8001136757,36.3229325402,30.7574392919,30.5674579532
30.8936456656,26.6937535502,28.2421256861,32.2209481262,34.7714275649,30.9644619381,32.032721822,36.3261702423,28.7466194036,30.0326557275
36.4966755257,33.5977006472,33.480733949,36.1984883039,37.9760128956,32.121521215,35.159227105,37.2357473117,31.4989909902,30.2444577942
46.9813158864,46.5988356413,43.6383925849,45.0901563079,44.4666707458,36.8999264114,42.8664251917,41.1948244167,37.0244059543,33.626529419
46.6332415282,47.332833755,44.5670409488,46.5490131669,43.5429520512,38.2065910148,47.0389517888,41.5560719226,37.5350886126,36.5417380042
41.5093590342,41.0103093978,41.1546613997,43.7022730104,40.586285367,37.936777571,45.9395140812,40.4798582588,34.9173541368,37.8650993374
36.3461959082,36.0441691125,38.101705181,41.1269510142,37.6638338425,36.9978083282,43.6998297681,37.9348731452,34.3844937836,38.049071193
33.1195206023,30.6214670817,34.4616566051,37.7821046209,35.9382260423,36.8411941888,40.4773183524,37.2305568802,32.0584570579,37.477471845
31.9858337052,27.4097453044,31.766183266,35.6512649929,35.5227558818,36.5175917331,37.387965962,36.7739887916,30.5463653766,35.9027660525
28.3807105758,23.9904796084,28.8905289357,32.4759529316,33.2062787496,34.3420379232,33.3937345631,33.9003813677,29.6987462116,34.0806742578
27.5064852882,22.7774366931,26.9580547802,31.3372048113,32.6091741385,33.1824848112,31.4625857758,32.9900750678,28.8705710921,32.3048713173
28.5616927764,23.3615895562,26.5260380327,31.4437518739,32.98419278,32.2929037768,30.8881151021,33.0111224323,28.7864365349,30.8271040269
28.9958478042,25.521442087,27.5245658222,32.8468485732,33.0064192297,31.4292779217,32.2384953718,32.5701225587,30.5798636052,30.4426997635
27.7086003593,24.522425922,26.7689121562,32.0790815186,32.2698448138,31.2840090478,32.5047969049,32.9488493656,29.5112510753,30.731692804
27.5704893592,24.094820524,26.4730766663,31.5217533062,32.1861085469,31.1261520471,32.2172645244,33.171471207,28.9300309287,30.4463806622
26.6701958316,22.6313770342,25.184576459,30.5035820401,31.9159546841,31.2744362503,31.3373005989,33.3299995229,27.2109945408,30.039677545
27.2711716369,23.207157498,25.5838219711,30.0667348969,31.9799773205,30.388900808,30.2772317478,32.3619332302,27.5530605014,29.0522749127
31.0271259011,28.0894232505,29.3184354592,32.274624591,33.8505893594,30.4698303047,31.6094743784,32.6989738108,30.1316579621,29.1768006304
33.6047303718,28.9031381201,30.0455667536,32.3973712753,34.3891268787,29.9459714597,31.813513745,33.7854024208,28.7769752854,28.8124138532
32.9040094855,28.0632759294,29.4776333131,31.9023920253,33.5957098129,28.8742680649,31.2001792889,33.2945668415,26.9671387764,28.1398850878
31.6029192189,27.3950595558,29.0143916852,30.9745591609,32.6503493435,27.9544400469,30.3076967262,32.003632019,25.4771656479,27.324033469
36.6286437733,37.9264553033,37.3814096727,36.3532483522,36.5126241319,30.4953808752,34.8142390791,32.5887497044,31.4848989377,29.5232279874
30.230535342,30.8799730748,31.5863359523,32.4493662763,32.06995758,30.0238022484,34.5677295859,31.1954810949,26.4425663551,30.3171438058
28.6762256504,28.2494876424,29.9670870822,30.3487255241,29.6012782292,27.3189670641,31.6533881365,28.4338032025,26.3452727381,28.5631817416
26.0454976486,22.7333107252,25.977831338,26.6393409547,26.8720258709,26.2301915742,27.4120512155,27.4388155818,22.0447730095,27.1195491496
20.9330100871,19.8941227744,22.8102283285,24.6076089605,24.1790289547,24.6373345434,25.2594865955,24.2310068124,21.3813428603,25.4730079517
19.1688184847,18.7457577103,21.2306892461,23.1949971209,22.7700609,23.165934949,24.1801772983,22.7723409622,21.6020427143,23.9864382495
17.804742748,17.167637909,19.4741620136,21.795293006,21.6771940577,22.3119953326,23.2408353188,22.411005622,20.832299471,23.0693814608
18.6239834968,16.925489224,19.0827794693,20.8183318942,21.5017158361,21.256104717,22.0799131272,22.4528861959,20.7071779531,21.84130398
19.3986954301,20.3267673372,21.2419203493,22.2436521025,23.2045379619,22.6693550027,23.6129570654,23.4171885964,22.3450032925,22.7869558727
20.0889132051,24.5648423998,23.950927527,24.8781577636,25.2088900365,25.208956089,27.038680224,24.4807572563,24.8766503332,25.055382885
18.3798980553,21.2551437862,21.0973718044,23.7515665333,23.5456022715,24.4262064387,27.028134305,23.8413818453,23.3897968675,25.0216692108
16.8582353688,17.9994295461,18.948980723,22.5284035276,22.0523993468,23.2160903763,25.5247984664,23.1009809144,22.4064116617,24.4314759776
16.5682189984,15.5406377192,17.5404989037,20.7307714152,21.0595431902,22.0301885521,23.1262398131,22.7866664734,21.2377994035,23.2771127451
16.5530508303,14.5961640506,16.7255128059,19.8713248134,20.7999413418,21.2882713786,21.6102863154,22.7749662459,20.4553880063,22.1103311493
13.9947495923,12.5854245329,14.6990966149,18.2560835438,19.5548481006,20.7651195586,19.8870587434,21.7454205162,18.644055401,21.1464986849
14.6042441041,12.8297439316,14.3925191256,17.7798497146,19.5502832562,19.9273473529,18.8859022661,21.1023203423,18.532365846,19.6249792466
16.1553167311,13.8419975171,14.9359543693,17.5517657702,19.7580567782,18.7574581821,18.3112845324,20.8798695447,18.6745465957,18.3670965334
17.7159936793,14.9926981758,15.6700117004,17.4848141978,20.0115743504,17.7147429624,18.0642181734,20.9666227376,18.2960230922,17.3781370538
17.7402933123,15.3555937224,15.8248903599,16.9518061317,19.5233127956,16.6614815047,17.624523023,20.4119335707,17.2949949914,16.5634164402
16.486822783,15.072314172,15.3983790603,16.0163183283,18.3355518686,15.5462936909,17.0417632561,19.074647528,16.1286598612,15.7424303912
15.3209400526,14.8797156826,15.0620372334,15.0132679744,17.0636827237,14.2981900339,16.5884951065,17.6219764082,15.3927334069,14.8694510778
12.7075436372,14.9185574139,14.6476481584,14.6897518877,16.0131548628,13.8600476963,17.4932758027,16.411045727,15.1459639571,14.8618575676
17.1812484757,23.2147373147,21.0914816022,18.6963834839,20.083235158,17.6438775762,21.8841924527,18.6497730522,19.5027088506,17.5972526894
15.2174043279,20.0526552011,18.594108168,17.1090360853,17.7334285812,16.8349706771,21.3677418226,17.3049970354,17.6603365473,18.0418126042
14.9463860126,18.050105238,17.1624639501,16.6529704162,16.7326912102,17.17050312,19.7883489714,16.5371114664,16.3149850745,18.1179293605
11.3256716663,14.1765980841,13.9006183996,14.9394764547,13.8884312139,16.724142397,17.1799240896,13.6766837718,14.5218422613,17.5118111609
12.8539096924,16.1851812421,14.974173638,16.1036164061,15.0926795537,17.9144466751,17.3058742994,13.8452262221,16.4136990354,17.6201743378
6.81041999288,9.95665995497,9.68791348609,13.1456972084,10.5130790227,16.1108087335,14.3715051179,10.1290370304,13.5701079912,16.4520053838
13.3453145569,20.685809564,17.9440434535,18.6490404897,16.9773703574,20.4350761436,19.4940105143,14.4597391584,21.3317738363,19.2509076528
9.10150420456,15.3148659707,13.5154601656,16.4640871254,14.3462993522,18.3391798345,19.6315520452,13.5707557483,19.685233272,19.5123420147
6.69284862225,10.7842891482,10.2290842321,15.1500076213,12.9570601205,17.7786828624,18.3259557164,13.606682697,17.4213023855,19.216234379
4.99126538549,6.65706743048,7.14798720559,13.3360477675,11.353169848,17.2178389509,15.6619300412,13.1432938441,15.2365112417,17.9522485375
2.9489374402,3.44809601757,4.39775418743,11.2406640975,9.44014207984,16.5965556791,12.1517721803,11.6217154676,13.4621702927,16.2667703855
3.37290040276,2.48872796545,3.1366573631,10.0811080808,8.93127947637,15.7089971125,9.54967860775,11.1144563565,13.184641884,14.2789880335
4.57265098006,2.91810369564,3.01680127469,9.40825136403,9.42031405819,14.4367470764,8.30534193966,11.3325822953,13.6151561396,12.6044027178
5.49091388196,3.89612032717,3.39402082422,9.02820647687,10.139563572,13.1706147504,8.1672451583,11.7070293282,13.7773043839,11.395426379
7.67876813738,5.46403245817,4.40315909646,9.00650520432,11.1144873233,12.0643752161,8.35197572711,12.4492634058,13.6055528891,10.3506945006
10.1731973343,7.55206412675,6.14744372941,9.01437424883,12.0734964909,10.7312800887,8.73434108228,13.0066133564,13.5887453632,9.45583300657
18.8414915586,21.6057293595,17.2537431801,15.6058218041,19.7918804449,15.2613377352,15.8922556916,17.1344594724,19.7447741081,12.8428126922
11.0050128649,14.6054360547,11.5650776065,13.3947325361,14.2073818711,13.485681152,15.5055719263,12.8562055438,14.0958400177,13.227782662
13.2877310154,19.1855891062,15.4086520039,15.858803668,16.1884588814,15.9152128218,17.6939343264,13.1427434424,16.8673493149,15.2890896956
10.1068749042,15.2196334352,12.5695576155,14.1654690121,12.9347266999,13.9865794821,16.9517739147,11.2545252374,15.6308379367,15.2236153849
6.61670114433,10.5140293442,9.39374412826,12.2335782918,10.2330008353,12.4871655138,15.4184308607,10.1323939557,13.7378952447,14.6656930054
6.89564557305,7.41361143768,7.68840824204,9.75189124952,8.58915531577,11.2686525652,12.1865498955,10.0552996099,12.2575315921,13.209802182
3.71229750757,4.14225375008,4.68445854923,7.64017362558,5.91023097141,10.8843460064,8.76561289532,7.91072462662,9.93905240693,11.8359659266
6.11669978029,6.03352033998,5.64508135007,7.49665243104,7.17095395965,10.9149085766,7.78853747781,8.64131469846,11.4471138083,10.6155913955
19.9172103971,24.6645228929,19.8880514658,17.1033287687,19.4006676944,18.5965872408,16.700073767,15.87850828,20.8973899363,15.0772491878
17.4308176356,21.5679547681,17.1972862761,17.0086453865,17.3047272691,17.2260978239,17.8751373831,14.0968170891,18.5222315628,16.0529842738
17.7816641512,21.2287426104,17.5743980725,17.8286065308,17.0942883864,17.4583246535,17.8143461851,13.27599868,17.8994608705,17.0169974214
9.63569986904,12.786228343,11.2762102974,14.0592986118,10.2542355042,14.722391901,14.0860845593,8.01273909812,13.5967101578,15.8287651622
3.96435856932,6.3823202938,6.33282131174,10.1460700551,4.54343091163,12.6516265285,9.24588277954,4.12783819175,10.902971191,13.7279920584
0.282893417116,2.80597110525,3.13584900139,7.39455288359,2.31480585061,10.947977437,6.85039881186,3.37458330143,10.5710686686,11.7371461995
3.74023872636,6.0318739155,4.75206399931,7.83577456306,4.91760465906,12.740114085,6.96354929646,5.83679071836,12.5099885302,11.6041914663
4.17121988042,5.25021390315,3.92614308357,6.89060361228,5.53307628465,10.7452706574,6.39993509359,6.66434920117,13.0257867957,10.2084757524
3.87967317601,4.71605464924,3.32450753031,6.39632086654,6.24674956785,9.29381504846,6.80761199409,7.50038135403,12.4486321951,9.16147300078
2.24574213767,3.15014544441,1.63428143318,5.57824709682,5.15621472411,8.72820830411,5.97739775383,6.67975850872,10.1711442888,8.26812337185
3.86260148754,3.14036522989,1.49497929339,4.83362818168,4.99744437472,7.85001524789,4.74469300326,6.73858553015,9.64393971688,6.97663655675
17.9624943808,22.5047197076,16.5772668652,14.18149258,17.4036111921,15.752411364,13.9619056519,13.8571649726,19.2641598257,11.8420436733
17.1552778793,23.9518706172,17.8379894363,15.941635083,17.1885276163,14.6213480049,17.5859157424,13.0910645493,20.2962215304,13.9152460146
10.3115194898,14.6640758218,11.4565197369,13.006757182,11.2121115186,12.2523922696,15.1394450705,9.40299191754,13.9065971566,13.7823891207
7.09918977027,8.77847610778,7.45835737577,10.3138329497,6.44883798793,10.9498012067,10.776401865,6.31597560675,10.5990542644,12.2391951388
5.85469648611,5.84387295457,5.4035142379,7.82050496863,3.9767786017,9.64371758781,7.04113629818,5.02667492562,9.87903520148,10.379812654
11.1559599915,12.8697687278,10.4073934999,10.0399521212,8.96726774132,12.3744075743,9.07534976854,8.12020847722,14.0563276728,11.3231852844
17.9125318948,22.7192940912,17.9937932486,15.0783396568,15.549598156,15.1370618972,14.6971467312,12.0028112646,19.607942986,13.7553594854
14.5990916543,17.1732338126,13.9350458101,13.3459973435,12.1883473116,12.7799886722,13.7021770749,10.2083014201,15.530059446,13.4367344804
13.643648466,14.8306939617,12.532672882,12.8663267035,11.0307025916,11.0660486161,13.0744543682,9.96929256637,14.28485119,12.4358079688
8.04111579698,10.223643095,9.30898391805,10.2549075579,7.92916428267,9.5603791909,11.4847266054,7.86130973157,11.8050314121,11.7090619563
5.23658248289,7.552318031,7.20651623833,8.23076499254,6.33207407911,8.61984187273,10.3352379998,7.14794551329,10.6476887293,10.6186336388
4.93551459284,6.31122376811,6.07625611976,6.56598326251,5.54385292798,8.28687718007,8.67494482492,7.01679425945,9.89727530123,9.59080133051
5.27135565706,5.78320925951,5.3911078488,5.58150839629,5.54189248297,7.47412824204,7.61709247459,7.21773378782,9.64462498163,8.33147067111
7.77127926763,9.75929367892,7.92409206328,7.18785418627,8.25437019503,8.61723609545,9.4466327209,8.8157856512,11.5205810574,8.5853915068
13.8228440723,18.3166512755,14.3868798005,11.4498806928,13.4645771225,11.9257392903,13.693011806,11.6712409048,15.6116420803,10.9361496881
10.8904115337,13.9357101049,11.1134504395,9.77577151278,10.056408934,9.9987814598,11.9979532321,9.15967205838,12.6062406546,10.6728590255
17.207221985,22.7858761166,18.2228608155,14.9557257903,15.8542874024,15.3065992408,16.0332794601,11.5833448072,16.7328655381,14.1203602758
11.1754395177,17.5259803612,13.9488630544,13.2403235159,10.9587067192,14.0592949208,14.5563486076,7.00357343373,14.3468190929,14.6669140414
9.4333736149,13.5630315215,11.2259247124,11.2625330053,8.18568994314,10.7428407427,12.57236935,6.61184313471,14.153580425,13.0874189792
8.05695389137,13.6006466798,11.5153789143,11.2914858539,8.70038469155,12.0170744618,13.2192005875,7.32691951975,14.4182867015,14.1283493315
9.63269029657,16.0466272321,13.4833100553,12.089079599,10.4160801778,14.1720788964,14.0200601332,8.53364033794,16.0370073384,15.4835225131
15.4680819283,19.9522614548,16.4014251679,14.9802109906,13.8067754533,15.5981556911,15.9280290861,11.5731435892,18.258399223,16.1198276389
22.6302449334,26.0656464136,21.724663833,19.5861953815,19.2890917247,19.016342655,19.1695634077,15.1254998376,20.4230958474,18.360001503
14.936508078,18.232028531,15.890818051,16.5209417937,13.6195101994,15.7095823079,16.7667312179,10.9642005882,16.7898826328,17.4688460955
9.60863585353,13.0254976168,12.1564101223,13.917098415,10.056050437,14.0077337183,14.2973890322,8.67728204114,14.7083590573,16.3640996731
7.90012023239,11.9634949595,11.3669500267,12.4411360749,9.45814104082,13.826018607,13.4611228527,8.77712565049,15.1464291816,15.9028868689
7.22086261674,8.15231922023,8.46632763951,9.60888181097,7.47173095971,12.0977446699,10.3402050926,8.51017777897,13.1729273272,14.0062037998
3.80774356545,4.03628919518,4.58719342901,7.06066778304,4.04280476834,11.2163652544,6.17277169484,5.7711512108,10.0736341266,12.0097126314
1.25386916429,1.74265296607,1.73160636552,5.195064728,1.40993207355,10.2940212301,2.8607226793,3.24176230642,8.89268721677,9.73028789215
0.375768331387,0.516730596673,-0.132907949582,3.35645772144,0.0711147003447,8.95398537005,0.405200553094,2.23203301532,8.65679566672,7.64473845087
7.00220125412,9.99536790292,6.74446929191,6.34702618181,7.26918441016,10.4745014621,5.57329962005,7.30210930348,14.920243635,8.477402202
3.1795490789,7.31200224336,4.04451713739,5.94837629004,6.23615824151,8.89947122856,6.87824233042,6.2687623311,12.2424242226,8.3178494976
5.14319115569,10.8351948592,6.62542505976,7.86819163413,8.57876619314,10.1503615804,9.78896683113,7.76309027861,13.8024695786,9.57721714949
9.45527588547,16.6953784142,11.5987993972,11.1695082221,12.1723274526,12.2419692074,13.8268734496,10.2539234082,16.9612248717,11.9148266599
11.0835400547,14.1536073314,10.4151067824,10.8502649629,11.2025625228,10.7105525446,13.3779636503,10.6388004782,14.8031521879,11.6590022164
11.1366416683,11.7293663455,9.52490985644,10.0599301832,10.0895440517,9.23458890788,11.9354212161,10.4382900461,12.9243281684,10.8686771231
9.32733209897,9.74931153121,8.06377183803,9.61096646086,8.49949741411,9.69798582304,10.4476983932,8.99381569636,10.6422491895,10.4930542628
31.2464537258,38.0277833217,32.5098213224,26.1855682396,29.2220590558,25.9716108935,24.592051794,20.0529915275,24.2922827138,19.7644588679
26.1557026108,33.7012462602,27.4426166689,23.9003122736,23.1424083851,21.8245485,25.6221844212,15.5597077239,23.5861930901,20.7523986927
20.4809798252,22.9393765499,20.398222031,20.7880248648,16.3006076818,18.0831250457,20.9155462924,11.7583051699,17.693745553,19.6351244567
26.2610868304,29.6520043564,26.8511117443,24.6834240321,21.5860458437,21.9930815335,22.8345629283,14.9157979038,21.5434602649,21.8645348761
17.6275117647,20.6050836846,19.8820212913,19.0078681849,14.1426430577,17.2008215487,18.6984226392,10.6434877489,18.4294649644,20.0696203721
9.0769362462,11.0493141264,12.487802618,13.9772843123,7.25887560655,15.1440148418,13.0388163018,6.01549177439,13.0169639231,17.8691718465
13.3661425564,13.3012266057,14.044327619,13.2177562779,9.401905305,14.2497528623,11.5277428595,9.14624213176,16.0918869132,15.6243474799
8.80072676876,9.47030013247,10.4682708304,10.2302773865,7.73959076934,11.99570295,9.85215517693,8.31044387812,14.2407304903,14.0325583635
2.04259306705,4.57736526954,5.44234711328,7.21458244651,4.13315754733,10.959496437,7.3041723228,5.17199862992,10.7147880547,12.4523956262
-1.19031288635,1.14491856925,1.53419594595,4.74076255647,0.711183181598,10.0917022889,3.87800009107,2.55428377111,8.71882900999,10.1867738282
12.6175596043,17.9999392181,13.7943100388,12.131470875,12.479042129,16.8101757355,11.2246551736,10.6967217081,18.4844213437,13.3667678167
10.7097172828,14.6418587936,10.7526895301,11.5736956672,11.1071739479,13.9615166014,11.6965429114,9.75414248145,16.9102704569,13.0762160545
11.4313024432,16.5974847973,12.3447088917,14.0244098147,13.2051455128,16.5349655828,13.8079404106,10.1093233887,16.6002851961,15.1827175592
39.4893637015,49.5204668184,41.4138442105,34.2918617934,33.6845431246,29.8873946053,29.9496526071,23.2932111903,33.4811164313,23.8661413544
38.2359926542,46.4114748673,38.9274659561,33.4703548792,31.5957779389,28.67371698,34.4414366239,23.2733954848,31.236997335,27.1796110331
28.7300284459,33.5584568006,30.4098418162,29.3012964251,24.1086085082,23.5031884504,30.5373912061,19.2880077213,25.5614131218,26.673078743
17.5942683407,20.3863290384,21.691824531,22.8810467118,16.5951970006,20.5554311901,24.2456487548,14.7797037889,19.0641442368,25.2021455234
11.0978421205,12.9686185116,16.2324446256,17.4455862906,11.929487252,17.8521361919,18.5913297155,12.0277334346,17.0398448204,22.3009908819
8.24475171323,8.53639686105,12.2818863827,13.6318004048,9.8872826391,16.3768213293,14.5842286363,11.5533751217,15.5151407946,19.6391695025
5.84959372831,5.25117945485,8.61697840634,10.4953150675,8.18831880855,15.418508835,10.6646550659,10.6734730479,13.5449206794,17.1060812455
6.31312861662,4.71074419302,7.046622169,8.64358960113,8.16849128278,14.0857707896,7.86084690918,10.5498865832,13.3574388379,14.4534047665
6.17434704202,4.79817803064,5.70770731267,7.79419845788,8.31686343299,12.983821225,6.55533629897,10.2370685657,12.6976200835,12.4225980744
8.65188849965,7.40292341337,6.92898245077,8.29493503784,10.3204790892,11.60351243,7.61723765252,11.3926454696,13.9289672864,10.844558154
23.5055606889,29.0066312567,23.6167181403,20.5933076737,23.6240116936,20.2683574623,19.7517116315,19.6036039297,23.9280571231,16.3121947971
19.6437699749,25.6948084489,21.2168985852,18.9893187435,20.2843989903,17.6774096968,21.2147910411,17.2781181351,21.9180157492,17.6911348026
18.1413307297,20.2746575932,18.0195657898,17.046431507,17.1023718085,14.9278684697,18.9774825859,15.9413852821,18.0603882121,16.8827380215
12.1209586486,12.8849137226,12.9188361712,13.3314822209,11.8685115097,13.3597334161,14.4996695169,12.3210030141,12.98824428,15.7130788968
9.57290028921,10.7471189011,10.9358354525,11.2248492478,9.45287693208,12.9766758489,11.3558200831,9.68091759358,12.0560286401,14.2316864628
26.3141204982,32.7156983782,28.5694534997,21.7258222193,22.7792735423,20.8724104353,20.6279071683,17.5388422171,24.2242468288,18.4680927742
29.1377408477,36.0926248859,31.198281458,24.1958201435,24.7334116692,21.8091571744,24.895194021,18.7924410513,25.2020193777,21.353033223
26.0253239248,29.7797431223,26.7352919734,22.5342037545,20.97517614,19.325292991,23.2501912285,16.8408706466,20.9340257409,21.1026759866
26.5145463378,31.493821078,28.8566479282,23.9728278111,21.4304763977,18.7187859796,24.0322283919,16.9385357892,22.8603683537,21.4903293986
18.8096321035,23.2399579767,23.0176076188,19.9403072833,16.5313842605,17.9902310219,21.4813383302,14.164825561,17.7817193408,21.71570809
15.9429744961,21.9333647351,21.8841622357,18.3142559314,15.1263696614,17.4390645842,19.9913361932,12.8960126597,18.7999817821,21.0625503166
10.618559993,14.692650368,15.766667413,14.4597884309,11.063490927,15.1861048852,16.8745853024,11.056063559,15.6432397041,19.2486242486
6.96851036678,8.59734635201,10.6072157567,10.8813432338,7.47666946632,13.9551753192,12.1354084538,9.11134504487,12.3681902134,16.8672536578
10.1000397146,11.1488876893,11.8753487826,11.0151949752,9.80859255831,14.2582870531,11.2929834649,10.781374599,14.7274534158,15.3532053471
11.486190006,11.3110736238,11.4298666922,10.369915887,10.6447061471,12.7869371213,10.5433495688,11.5320070873,14.8872066489,13.7452390382
18.96876379,21.1928171134,18.441727482,15.5706118946,17.6974327957,16.9150285354,15.1933771059,15.5730473699,18.7232200109,15.7506106555
19.3471348904,22.5659637865,19.164905727,16.7907714439,17.7657078481,15.1924313407,17.32851754,15.1838492357,19.6078073177,15.7540164101
15.4230686249,17.2199950385,15.5747745717,14.5662995511,14.2895054195,12.9193176202,15.8311428802,13.4850629412,15.6541335719,15.0719262575
11.4979226406,12.2393941294,11.8711028644,12.0791303228,10.6481559014,11.8016024942,12.929104601,11.0217826012,12.1020756005,13.7551506277
13.7011578236,15.3017000151,13.9093202556,12.7365417806,12.1342042294,13.6653604233,12.6890112326,11.1055947887,13.6269251141,13.8415219483
27.189465747,33.6113194195,28.6720982078,22.1504176533,23.5414181956,20.7426753529,21.2392058702,17.2000724672,23.3968686922,18.2724062594
17.9488250499,22.9317557289,19.7679146893,18.388411195,16.0248754741,17.2713018357,19.9114017614,12.3453352565,17.2987365811,18.0803610711
17.5881513903,19.3213674111,17.535074678,17.2569869262,13.8006335471,14.973329053,17.255718924,11.6157130857,16.2017335558,16.5114849062
15.2594634306,14.0444574412,14.1876795167,13.8710802067,10.3110988532,12.8765068636,12.900154336,9.99681891034,13.3758853638,14.6878016118
15.1342877381,15.5806470528,15.1737259356,13.1909881675,11.0981189277,13.5290651142,11.8138296088,9.75582059316,14.3865186752,14.3461794428
21.8228899171,25.0088421151,21.9139618808,18.035667393,18.1182036391,18.5948973332,16.3283290251,12.8982616196,18.4301102012,16.933607187
18.6156377189,20.3831602937,17.4989415282,16.4435433999,13.9799132437,14.8024527399,15.1463089011,10.6174621222,16.5635137481,15.2899078123
14.4528408808,14.2366013642,13.3464806913,13.2213286274,9.37008134816,12.1310055512,11.3215478964,7.95604364752,13.0594281521,13.5688767934
15.384870057,18.0188589509,16.3318359334,14.2962429524,11.9096939511,11.8244782707,13.7717175629,10.0430189111,16.4922348168,13.3304514232
10.0172072268,12.7632935512,12.1962130363,11.3595053449,9.05018718486,10.3144432596,12.9567875253,8.87365759397,13.0458507058,12.8081662658
6.39825732115,8.92664187031,8.89769607073,9.11329199362,6.78604828699,9.41594221574,11.283625182,7.59469674255,10.9012787168,11.6059699428
4.43665472729,6.88612033941,6.99084881361,7.4996677581,5.93397670008,8.59968795147,10.2896616247,7.28424998369,10.3279558349,10.4103319131
2.97653476683,5.13790974177,5.16398611438,6.15342974709,5.19645482504,8.15872279128,9.17052882495,7.01257498706,9.43786122795,9.41252745809
3.21556493921,4.20408629812,4.0019730375,5.07199698471,4.75833071483,7.73188106066,7.56324524607,6.88545229654,8.85945130348,8.24764437206
5.24278836582,5.03729283907,4.28586664008,4.97921473401,5.70174549267,7.25227704202,6.97157777786,7.6416781891,9.20071388214,7.14082354316
6.31249287588,5.44469891453,4.22823832056,4.64058771804,5.80356659772,6.65045273093,5.98087667794,7.4956981082,8.73884759596,6.18039501394
24.7817851976,31.2205469057,24.8785766082,18.3633743902,22.3829556832,18.3934429525,18.6728794121,16.4872555642,21.4776560109,13.3726902131
23.5918917511,31.6002136542,24.7186696873,19.4300990402,20.3240091483,15.8065742048,21.888844022,14.6177484579,22.4049050488,15.3305286008
15.0077833225,20.4156854477,17.108846217,16.4340524048,13.6964666897,13.1926417542,19.506741631,10.9055094877,15.4713516145,15.7730093474
15.6795358483,21.4210881019,18.8462152125,17.0888847562,14.1852288512,14.267908907,19.5593473453,11.476097884,17.0403492032,16.7191606518
16.4212292168,23.2015450496,20.9364065773,17.8390886866,15.260988364,15.459677788,20.8050102439,12.6611493738,19.129285017,18.2305846586
15.6582776386,18.5832434057,17.9096955606,15.6444341962,13.2895822014,13.532509367,18.8125812442,12.7710346105,16.9635109738,17.2022740377
16.0160216975,14.9987528117,15.9477524756,13.2823680635,11.9729212582,12.0313990165,15.1226902138,13.0100462567,14.6477952176,15.5449638851
21.3955028089,23.4893784052,22.2956558276,17.4626733388,18.1451933384,16.8372675018,18.0652741687,16.1117317655,18.2072448648,17.5790357191
14.9457726956,17.9706226238,17.1463962182,14.8376845294,13.6991853221,14.0444613302,16.4176420161,12.4727995334,15.6452833299,16.2900482231
13.5879107682,15.3713959762,15.043355732,13.5040167623,12.1160357204,12.4535480689,14.9725006694,11.7863500468,14.4468758021,14.8169234389
9.65430362984,11.5786869978,11.7294050462,11.6964850414,9.86183271903,11.6418106021,13.5576370013,10.4573506068,12.2868003874,13.8054970807
6.8062293153,9.25098333858,9.49666223601,10.2098232336,8.57225636724,10.8525458571,12.6516053753,9.58025766776,11.6202478976,12.6492900676
6.08356415251,7.78011184811,8.04864487842,8.82253643748,7.92932944702,10.3369457774,11.4394646934,9.45852693155,11.081452097,11.576078477
20.5046818802,25.9679825153,22.1895892619,17.9304100827,19.5564939212,18.439751948,19.0950414051,16.6341558034,20.474726763,15.9467800965
37.8103070172,48.2019097184,41.0264168039,32.1566270332,32.316216711,27.0062947388,31.5352627633,23.8794973727,31.846963718,23.2032055013
33.1596207461,41.3582866611,34.8535567033,31.367576888,27.8173908514,24.256206679,34.610946381,22.6197636071,28.3903954947,25.0284329806
30.5805766225,33.3788079107,30.8386803589,29.9517655299,24.8475605308,21.8375473782,32.2396878361,22.3362934379,24.517591219,24.9709445051
25.6539025854,26.7713408955,27.674034063,26.6155047096,21.5845673217,19.773103082,28.7605068229,20.9922270129,22.2358354854,24.3766711774
21.2123396072,21.3532236149,24.3881523099,22.6619520191,18.9921469762,18.5229727932,25.1487855789,19.9938069267,19.8673035176,23.2519009621
17.428630517,17.541736987,21.420975734,19.0302265283,16.9589724238,17.2772800074,21.8638025341,18.7446588744,18.3176853882,21.6363948204
15.1842382016,15.2288249239,18.5324500289,17.3963982699,16.3160657703,17.4201901381,20.2300251807,18.6695955783,16.6698691089,20.291338804
14.4948702992,14.0229599384,16.9027510873,15.6331453923,15.8091309798,16.6465384987,18.0545958505,17.930599676,16.1781641075,18.5369323038
15.4651247882,14.0298029749,16.1110504723,14.81060947,16.0041095283,15.8541656678,16.5171175485,17.8223289655,15.7939951746,16.8800694146
17.4481338715,16.5164036561,17.3065486149,15.4354734153,17.3930254564,15.632243466,16.6894145936,18.2058963243,16.6117981248,16.0527055506
17.6436998902,17.1573763453,17.2990608838,15.4413484915,17.3094048396,14.3690381483,16.9925315874,17.7966173179,16.3475427606,15.1402049887
15.8133091348,15.9144693323,16.0237504253,14.5639602017,16.0746254068,13.4473028734,16.6026177588,16.9163769527,14.7226601972,14.5401972756
14.0128409331,14.3692368097,14.53417614,13.2369617346,14.4605634736,12.6058056361,15.4452291927,15.4336349841,13.2425176708,13.6692096248
12.5254989782,13.0674526216,13.3111872522,11.5663385626,12.787169449,11.4066549806,13.8870092544,13.7329368838,12.3675267336,12.5786442096
12.2748647418,12.8410331816,12.7497656684,10.8562324375,12.1427963118,10.5208405039,13.3262242021,13.0429922103,11.9825672312,11.5841333451
11.1735358434,12.1198998834,11.8939744026,9.86889692573,11.1820079703,9.61053449328,12.6952064403,12.1723762619,11.3011330093,10.7916047159
10.7766106433,11.6812252545,11.1613040791,9.24316606259,10.4814308512,8.86906664179,12.2274326289,11.519430422,10.6194458436,9.87342552876
10.9537661397,12.4039646465,11.5405589636,9.26693659583,10.6702248631,8.13088256583,12.8192953956,11.4305815027,10.8870626284,9.2456082583
13.453319059,17.6568581178,15.3693260648,11.8202826919,13.4478905762,10.67826721,15.6374068004,12.8580188092,13.3171436055,10.9996208272
16.1140868852,26.3940691248,22.299515245,16.8609557615,17.6434043585,15.2244898029,21.3897960609,14.4461672335,18.6477202442,15.3001411613
15.2431543363,27.2329017736,22.9410901304,18.3654638457,17.5673186146,16.765216592,24.247954318,14.2551025729,19.9722725266,18.4273009039
14.2268685872,24.1821085671,20.9526094012,18.5201674768,16.3773293068,17.3118679223,24.4976166587,14.1924075179,19.2356724018,20.1310123582
18.2609167143,27.2604054741,24.5955811265,20.8005587993,18.7260411399,19.7404829636,25.339591915,16.2000764877,22.2395116098,22.4204973767
22.7382183345,28.9222541888,26.8386188093,22.0551053288,20.519454783,20.7274301812,25.3415016457,18.1097014395,23.6620901303,23.5132864759
31.5421456945,41.599533746,38.5158755011,30.217879333,28.1154316463,26.9291286922,31.2467223283,22.8195881847,30.975474779,28.5471287434
24.4869897645,32.102358215,29.9960932613,26.9311879905,23.0885254077,24.1871802889,31.0843640936,21.145074514,26.7105082353,28.576812683
20.7661721304,24.9539344719,24.9651519361,26.0607176759,21.1459215819,23.0737398524,29.569265719,21.3690147888,24.0170357984,27.9108837441
17.5402253523,19.4830789926,21.547453421,23.9032121214,19.7925159843,22.6742950698,27.3556364392,21.6074672368,22.3462873859,27.0861767548
13.6529081535,14.3190114152,18.1817750794,20.0787527049,17.8316581437,21.5210185954,23.5373335251,20.6243516663,20.8832716295,25.6864402922
11.0717822646,11.0908094602,15.3829177503,17.1910356611,16.646323056,20.4200712184,20.4631030764,19.8747341532,19.8484906617,23.8561188657
15.2800844934,16.0733995546,18.5192471829,18.568405094,20.2448719731,22.7494985587,20.6196246081,22.2291166715,21.9834555289,23.7895634713
14.3395283528,15.5512426371,17.3191297958,17.5405424916,19.5390671793,20.9844257902,19.8954381328,21.06915674,22.24924022,22.6626299713
12.0413669434,14.0991307267,15.4899811285,16.8257174325,18.7027055363,20.1135001576,19.621313816,20.6085874319,21.0694019123,22.2000382949
9.4798169216,11.6633818114,13.0539891712,15.6680105017,17.401406336,19.0320996078,19.0992960453,19.8620258401,19.5326333407,21.3013140721
7.27863011011,9.47545268313,10.961988739,14.5215425971,16.3329021734,18.4391491551,18.3680770734,19.3321264658,18.1314615922,20.47923125
6.22414321442,8.15828126968,9.61753790825,13.7021859104,15.7722767625,18.0484931132,17.6890188981,19.0123256057,17.387717426,19.5814799315
7.44495721618,7.35615379287,8.93217858868,12.4349037895,15.5315187832,17.4880251707,15.6167411314,19.0196797688,16.386461017,18.2096612661
8.72037402715,8.55994912972,9.53766517213,12.4656135554,16.0034997194,16.8059366828,15.0473355802,18.8079585308,16.8286188998,17.1144008027
11.8157054584,12.0270639633,12.0605588768,13.7238088896,17.6583310106,16.5989706106,16.0808313085,19.5025564961,18.2068242258,16.6698313191
12.0071408559,12.4483073602,12.2992368525,13.7761043405,17.4199903237,15.5527475443,16.5769445462,19.3583964507,17.4679347616,16.1934061635
11.7249783262,12.1973529205,12.2662921015,13.1399597493,16.7269554835,14.4091475486,16.3241699557,18.7993724494,16.3684267652,15.5507452884
10.4669811188,11.7798116314,11.8962342688,12.5499383021,15.8094437256,13.5268668848,16.3254904119,17.9679008545,15.3178483859,15.0216420934
10.1266544038,11.4989910398,11.7015037113,11.8316270545,15.0688777088,12.7751499673,16.0056144356,17.3078941946,14.4027103984,14.3438976549
9.52949784332,11.0642840768,11.3672019716,10.9195909974,14.1715314938,11.9500173145,15.4127254994,16.4722022996,13.5673874042,13.6577646057
7.79684446908,10.2214723458,10.4377707904,10.1035030903,13.058688549,11.3080882843,15.0652162373,15.4247302031,12.6078193548,13.1159341881
6.61586568691,9.83091799558,9.76956191344,9.8380214065,12.4130898543,11.0239768187,15.252704947,14.7018949668,12.1075983182,12.6850775294
4.4342503567,8.28800892919,8.34436994786,8.72988323026,11.0746263729,10.4730279246,14.698000269,13.5066012039,11.2401733305,12.2840468377
3.65692477284,7.15562688023,7.26983092697,7.82402296914,10.1735719513,10.0409675645,13.8701577967,12.7599617467,10.6378473992,11.6696120593
3.45363026382,6.52338749796,6.55396447457,7.20727496874,9.60316639499,9.5573351984,13.132319185,12.2215370516,10.2979767884,10.9332128626
4.52065098943,6.61206350295,6.49791117371,6.80507107162,9.48024972172,8.93387234365,12.3902020363,12.0417848035,10.157928308,9.99254847446
4.07812341849,6.38328031963,6.02944538508,6.46488984285,9.0495703415,8.38685284515,11.9115955775,11.4914076641,9.71733105769,9.32806912796
2.90907004917,6.11946072528,5.49826760477,6.21337081023,8.58770730272,7.86137331085,11.9967805086,10.7538482358,9.41251543954,8.83269851024
2.91005389889,6.08603381236,5.32406792333,5.93875831966,8.32910351122,7.3715173933,11.9931564588,10.439395085,9.15665681644,8.30264808653
1.77823871633,5.42707342098,4.67318480899,5.36077483007,7.64825941573,6.80202586319,11.81192724,9.77670337238,8.63294908755,7.92737195424
-1.11339151999,4.23008825622,3.18246667168,5.15995293299,6.62728093256,6.49265867302,12.324253716,8.66467505107,7.80294834661,7.64482896624
-2.52753429099,3.41696607653,2.25031192508,5.37640270706,6.24649455135,6.80822436956,13.0251929892,8.41142445544,7.57042698041,7.72947098801
-1.6207231115,2.85916040243,1.99983644581,5.06265897568,6.09332418833,6.90639162933,12.5270053037,8.67094111238,7.60430056218,7.5147903475
-1.1020529485,2.74048474282,2.04801803857,4.98940311867,6.25238899806,6.91129233105,12.2256436328,8.90880544916,7.91830035072,7.37794885644
-1.55176554599,2.50018678046,1.82657070207,4.97918842354,6.30640305596,7.00297575943,12.167001437,8.93157427928,8.04047106365,7.41409212062
-3.49196434529,1.8421647048,1.07069440632,5.03623158206,6.08959701162,7.20692645167,12.6387081493,8.58210506743,8.00379587851,7.69858784937
-3.75119728281,1.26330603424,0.543327590311,4.88524255409,5.92979177397,7.39348085186,12.5610818544,8.61950886656,7.92706749036,7.67931808154
-1.30530449074,1.82028286119,1.23947928934,5.0241230336,6.63743873373,7.58895798506,12.1052257945,9.54803449315,8.50779115813,7.52560505297
0.710383410849,2.81615557619,2.22292214262,5.38464572275,7.49932288634,7.59464572348,11.8727445302,10.3257254386,9.07877028332,7.39350974815
0.283710372199,3.4571475339,2.62707048532,5.8390991346,7.90063870305,7.70097109282,12.3808250051,10.3995720127,9.32178818053,7.63582972648
1.35221900551,4.04125751447,3.19468778143,6.00656025303,8.28261208806,7.65772902141,12.4606703026,10.6974531646,9.41452276779,7.61453891463
1.04391225289,4.31846919102,3.44760432586,6.1613471699,8.35577232023,7.52721389685,12.8541988066,10.6237240269,9.42209538017,7.76277146321
-0.413767046485,3.90831934629,3.03508340966,6.15066690507,8.0085792785,7.56696660524,13.3093249907,10.2680687883,9.08431658943,8.08003144863
-0.970905407924,3.45741925832,2.72987519422,5.9569468553,7.72196888211,7.61642911865,13.418041231,10.1039785919,8.89001610481,8.24285866995
-1.94623601266,3.0625967194,2.33950095619,5.94388677154,7.46128968633,7.93390663393,13.6263671929,9.93062372487,8.82833742708,8.57631967067
-2.14397925884,2.20764853924,1.76384554731,5.41597131635,7.01401963503,7.97193616802,12.9614467391,9.75153559216,8.59510477226,8.56804629479
-0.596450881089,2.13792252656,1.86127212359,5.08809377118,7.0774877837,7.98535367117,11.8477031805,10.0442565043,8.68568788402,8.2572127877
-0.0755082142936,2.69452549574,2.33594533239,5.19634430322,7.51737375737,7.76638522608,11.7816219889,10.2147095086,9.19584209898,8.07343784315
-1.26522917479,2.8304212701,2.15508647933,5.61339857114,7.66304591391,7.88587089158,12.5292022361,10.2121558159,9.18214274409,8.27405542033
-1.09459225354,3.17274820015,2.36219058812,5.87036571918,7.92207351519,8.21286705069,12.9325261454,10.4665993472,9.3457712399,8.49954198242
-1.36997181901,2.83578200274,2.13852232017,5.66364019603,7.71990545361,8.20497828094,12.8066645681,10.3424973355,9.24064516865,8.60555925171
2.55624312889,6.29435407943,4.9496861656,7.15516698156,9.70211298002,9.50880417378,13.626402982,11.8636559971,11.1529302941,9.29350331608
3.66724793365,8.89264248275,6.90476090818,8.7476516434,10.9796834453,10.8813305727,14.985379758,12.483832321,12.6120146711,10.7063166912
37.1615102821,52.0188408677,47.5908347674,35.0897759127,35.3706188385,33.5512695137,33.8309532911,28.0718356646,34.5170084206,25.1111340023
35.640888285,51.6575073808,42.9176440098,35.4152500317,33.1879836534,34.1608623736,41.6055894771,26.9576489736,35.8442737231,30.259750257
31.7509406411,42.3968272187,36.6859978341,35.5302030137,29.849690086,31.4430663622,40.6401634904,25.6093745685,33.7837670073,32.6467697436
31.1132772865,39.277794259,37.1988566164,35.971102658,29.9443562979,32.315695719,39.1951767099,26.5764508402,34.5967264155,35.7495221922
26.0297830141,30.3834468076,31.2629427681,32.1861250602,26.7909773379,31.0237883062,36.1489770335,26.229911565,31.695009452,35.9756754152
28.3770337087,29.6149060032,31.4922575244,33.2459639193,28.6158168454,31.8163865074,35.0445397393,28.6752085367,32.7684088209,35.7080152972
27.0073532233,26.6724144308,29.274739329,33.0137005155,28.6436717775,32.0939055797,34.7612420572,30.3088647618,32.5123520088,35.653710893
25.9047457422,24.8756869726,27.9734061704,33.2507947338,29.1841628823,32.701344544,34.9608134631,31.8580769267,32.9780922941,35.6305353646
27.6716955853,25.0801361524,28.8267472708,33.2262326328,31.1093521919,33.7523969351,34.4960096485,34.1049785503,33.6794303863,35.5774289216
26.8509760637,25.1462599039,29.5471081104,31.7591543334,31.8672386177,34.5122750039,32.8523950471,34.8849964921,34.0882195744,36.2795729979
30.7723994565,31.0294502846,34.2097819091,33.5650267244,35.3915694538,36.6202989814,33.5555491833,36.4415041364,36.9755262316,37.3999140716
31.8945126063,33.4172509344,34.9926946365,35.1027747454,36.4532806958,37.7807125619,35.4158780856,37.2652301259,37.76223614,38.5033568122
62.0254318243,67.9581674266,68.3145656437,57.4168698056,57.6998589358,55.3952766191,48.5190954414,50.6864879949,51.9195257766,49.0005867953
69.0283180416,78.0409684377,69.0463400696,62.0624180619,59.9579578008,60.1819009392,61.3356547362,52.677498497,56.6145778597,53.1495439715
67.9662167721,72.9076164956,65.8711933997,63.6428819708,57.6990737366,58.267230294,62.5384471052,52.1138946222,57.2117972039,55.6039110758
60.9198668272,62.9951070273,59.9983866125,61.011305941,53.1002257775,55.5451500229,60.1619322594,50.3907260899,55.7366648289,56.6369969981
57.9461869686,58.5252490443,59.219883539,60.2170163886,52.5912789896,56.4279899421,57.8178489909,51.3887171515,55.9279444931,58.604855214
56.7489311045,57.5820287518,60.443011739,58.3787421255,53.0207305213,57.3343593542,55.6057930277,51.7701177559,57.5111503815,59.816889372
49.7754210915,50.0496957287,54.5892441486,52.8839183119,48.9522708799,54.7664549711,51.4164661568,49.5961291099,55.7160178643,58.9833564867
45.9929285255,43.99962673,49.9050706298,49.1522577041,46.7672484097,51.9824139988,46.6084112967,48.6443693181,53.4386410204,56.7754614574
53.5252367117,50.6386607273,54.2390328919,53.992920139,52.47066367,55.5610618238,48.5781303796,53.7471524799,54.8136049532,56.8559105296
54.2973033304,51.181242124,52.9678880301,54.5145717502,52.8616127503,55.8821945761,50.6568934809,55.0353895013,54.9760962645,56.1941882223
56.3133505198,51.6664716809,53.379615425,55.5535100213,53.9182859488,54.5499150982,50.8161522239,55.4186117446,55.4684422319,54.6827019356
60.4069745778,54.2843775174,55.1122762905,58.3946077355,56.1466736613,54.6547812262,52.7763732351,57.4190460877,55.690949131,53.8429366918
60.572811992,54.4968762076,55.7259557142,59.1210693849,56.2670693397,54.6633136915,53.939960016,58.6063448136,55.2133340085,54.0139180785
63.6187401115,59.1984313047,60.6621184605,61.6189022868,59.6275950041,57.6995382228,55.8894074134,61.3050958932,56.4283199079,55.9578606128
66.2400550728,66.7466142909,67.9821714914,64.0903066495,62.1412110045,61.029865258,58.3179403049,61.3861310604,60.5594603089,59.3632964937
61.9697996163,65.2354681394,66.0898288177,61.3024670491,59.3635631349,61.1162792467,58.5862682906,58.8420853435,60.4756652453,60.9219566628
62.0421500219,63.2880223431,63.851879325,60.2773488271,58.6027914498,59.4799063105,57.227251166,57.5750540886,59.4943499671,59.6732788819
80.1701257501,76.378148204,71.0126551847,71.7491924932,68.4811605568,63.347677566,64.3870214166,63.9176052059,62.5191931403,58.5939864166
84.7147815728,78.0368128815,73.1725553785,74.6365618764,70.0649914422,65.290843182,68.4838209672,68.1224984452,62.0190125294,60.3478306873
90.3905270817,85.6192123196,81.8249006245,79.1924581106,74.8003872277,67.7634416223,70.9240172028,69.8854921071,65.9685591612,62.7460033115
111.85659507,109.936095874,105.820998624,94.4380290947,88.4822651662,78.6438571547,78.5359722174,76.08728463,75.2359264755,70.1852954424
102.23015571,108.843722301,100.126903831,86.84266384,80.5117419889,78.878518433,83.3805409682,71.1682256948,76.2322500237,72.9450493281
104.726683163,109.911656729,103.961737872,90.1712330872,82.58400878,79.3392356792,81.1874815955,71.2736474227,77.3651109528,74.975844547
101.839623107,109.76688686,102.945322512,88.4058096383,80.1310356023,79.3543030719,81.3258361568,69.3548989473,77.9344621095,76.1425086935
99.9718817701,107.609957186,101.720356339,87.7789112009,78.7278246074,79.2562932545,79.914764974,68.9276574837,77.4496629631,76.9971797037
89.7480245848,96.807596981,90.9017401536,81.0227583962,71.7974310237,74.9288054821,77.1281842929,65.7910680283,73.9164428689,74.4848753766
83.6324966396,86.1283611407,82.9964767874,77.6974023204,68.063298081,70.6060950513,72.1906970244,64.7652935223,70.2342816372,71.421913266
83.9636892992,84.1782339812,82.5849033667,77.8809784503,68.9341159308,69.8094091443,69.9416312964,65.8674162305,69.7779215915,69.9765907198
94.9960613956,94.83988375,92.0600459936,85.017332363,76.7770184903,75.9690019677,73.5922383998,71.4700934997,73.2332724057,72.357425639
84.5579635206,87.1421506436,83.8139625611,77.4620214937,70.2212139391,74.3420602072,73.8609710729,68.5449900312,71.9138680843,72.3686594091
75.8331656056,76.8219382348,75.4571600795,73.6326899725,65.6997055038,70.9522028076,70.0600482192,65.7292126354,69.9143015928,70.7858952986
64.5204789865,63.9495724989,66.395776061,66.925491932,59.9381699749,67.9481304459,64.4543784086,62.8434968508,66.7430418055,69.8607109297
59.0250689127,55.5626007362,60.2311809007,61.7180896439,57.6125075629,64.6751151695,58.8495378788,60.6388492662,64.6588880129,66.6851785264
65.6444435466,62.1390004389,67.5668170709,65.4343426186,64.0953899689,69.7408099396,57.9331970247,65.6402278771,66.223721906,68.8168732654
94.3744851593,92.8594327995,93.1237686871,82.4039133572,82.5583869849,81.5001232749,67.7168036965,74.746017861,76.4003404883,73.0834969532
86.3063038936,90.2435263024,84.995630201,75.7250131682,74.5575883655,79.2516127818,72.2570442199,69.8677518077,76.6361970082,73.5557108665
107.079280073,106.448151482,101.605327154,91.0611120288,88.1158984415,85.2786949584,75.8558524695,77.1724078596,80.8488264466,76.7426867486
116.695804169,117.956648702,106.771779134,94.5128568439,92.8851833895,90.16363901,84.6385079973,80.4539327355,83.2464470139,78.6023530663
123.025321646,124.826692116,108.877251934,99.4501108956,94.3595612657,89.0267892285,89.8053743509,79.7711106374,87.0689442744,78.3287608458
120.534905372,121.81283029,109.054752278,99.5221359696,90.61820704,86.6797125869,89.2664907471,78.0495483727,87.2682825323,79.9204371759
105.477576134,109.229665992,100.138760783,92.3365756967,81.0083432687,82.1457792483,85.3758982831,73.5199142952,84.1281460486,79.9421520308
88.8140389419,91.9984613228,88.0538645377,84.2874675441,72.1425302069,78.0799271725,79.0167985456,70.2617531556,78.8793366577,79.2695728214
74.5915057264,76.4757068087,77.4698277644,75.4678520745,65.5811837806,74.3585204741,71.5307608625,67.0917651627,74.6428714857,77.4148754835
65.1321909426,64.3748408153,68.4260363908,68.1965717136,61.3820146506,71.0367254667,64.7152056487,64.6516405053,71.1679226781,74.3826524913
58.1404992205,53.6383339754,59.4339226033,62.370576836,58.4077909376,68.998031332,59.235836261,64.248092163,66.9263001629,71.3815764127
53.0417134469,46.0380473146,52.6738137572,58.2096206503,56.8817855416,67.6560419376,54.9110551467,64.2535698096,64.2206254062,68.5755423574
46.2437292132,38.8746672224,46.1801463259,53.8003314341,54.3951525558,66.2447629237,50.9235143929,62.9306468772,62.2543292398,66.5855519867
39.1430469688,31.9332567842,39.8006987179,49.0524878849,51.7224213218,64.4973474573,46.7365610242,60.619138771,60.3859732382,64.5809789196
32.7134587178,25.8668634088,33.5909050809,45.1924938831,49.1863372211,63.4605614356,43.399049713,58.6559920756,58.6813630216,63.0765834508
28.8501694941,21.5735572637,29.0166129039,42.3790931917,47.7581538363,62.4507760859,40.6177004061,57.0504860189,58.0733647565,61.3969391084
27.7329052216,19.3213531558,26.054155231,41.2546673647,47.6369215742,62.3585566214,39.0493453546,57.0564495113,57.6687566883,60.0102139049
26.9640037398,17.7549057273,23.9767205078,40.4391699039,47.7205960954,62.442662991,37.8083838679,57.4683814498,57.524904279,59.1419794682
26.5215276529,17.0663276567,22.6595345978,40.2034168503,48.032619555,62.7091552594,37.1983233561,57.9043438835,57.7155765688,58.5386635608
27.2928678834,17.202946539,22.3468773234,40.2271186488,49.1218251171,62.870622321,36.7031773193,58.538386625,57.9642112606,57.8258590866
31.3256439038,19.0844547667,23.6931545378,41.3115556699,51.5500309483,62.0086948285,36.4695409454,59.3757474552,58.489838662,56.0552865629
33.7946009014,22.2490393902,26.0719864066,43.1355637994,52.7085010057,61.8370151999,37.3623434164,60.2246899179,59.278808259,56.2287494467
32.3561237395,21.9767085165,25.698370853,42.6727493357,51.5741078493,61.0062607255,37.7614787142,59.5617086434,58.4700717631,56.2593095462
28.6132016945,19.821983901,23.8472167194,41.2018364821,49.5944841725,60.3830183561,37.3644140747,58.3993037219,56.8482746157,56.4513139157
27.5242637159,18.4311866,22.8441457084,39.7258798416,49.218277164,59.2556182109,36.2297119759,57.2288881549,55.4416401976,55.148317525
29.8613343339,19.5879496115,23.7586929613,40.1582447495,49.9678466505,57.9730295577,35.8441700764,56.8047587223,55.378499984,53.6170970388
39.2538271001,29.3231045531,31.9061765605,45.3092464825,55.545414295,60.1119365046,38.6295348966,59.9805236389,57.9986442132,54.3691078441
43.8287627107,34.7145669649,36.8303658083,46.6696691654,57.3913207993,59.9290700077,40.1706879091,60.6485138904,58.2598975491,54.9038073601
46.058514747,39.7351586304,41.3688821534,48.8134775822,58.6393825951,60.5736269333,42.1591522193,61.0486289731,58.051795953,56.4282939418
45.3110858762,40.4549984424,41.6117064903,48.1591073438,56.0635030321,57.0665581927,42.6232892023,57.2025107142,57.5618763194,55.0206421361
47.4868481134,42.5549430688,44.0238280666,49.2654856266,55.9518385406,55.6571718974,43.0230809519,56.7582998391,55.6670055615,54.4251756742
47.5608543818,43.6664771963,44.7563474664,49.950666784,54.6996412854,55.1407235027,44.6411415092,56.4421124005,54.1598372764,54.3653566432
43.2868412946,39.473741888,41.0560450534,47.9604892237,50.9589426287,53.2604594237,44.6574149207,54.6213978008,50.7972438918,53.078655018
38.9434403063,35.3636836355,38.3847368353,45.3188837556,48.1963832477,51.6401454422,42.9033410929,52.5560804251,48.2601442586,51.8062711152
39.2430839622,33.961404802,37.5142645595,43.4574659315,47.0846761071,48.6357427529,40.9035897773,50.0707391533,47.1661080692,48.5320228999
38.2719110995,32.8923360154,36.6861117504,42.3706112414,45.7930646572,47.3022442375,39.6608732308,49.3908517552,44.9554250837,47.1515715125
44.0189123931,38.1306849959,40.1938339804,45.0943565058,48.4644915154,47.0101507821,41.3989365952,50.0133191037,45.9507350531,45.2911868182
58.7878847545,49.2744372881,46.2152717694,55.2366233998,57.4089326329,51.641620325,50.3897751077,57.7230761159,46.8878023357,44.8506635467
67.5948948196,60.5265436202,56.2141606265,63.1263972288,61.8575067085,54.5439963691,57.4356648507,59.8419024167,52.8560970509,48.0936236905
60.0996836443,55.9584221561,55.4564122875,58.995026389,56.6974000888,53.0197467184,57.0498183521,56.1514790012,52.0764688654,50.7427699405
55.7774588722,53.3966474036,55.6580933888,55.8701332376,54.1639950797,50.9140438831,53.8127858085,52.5090221579,51.6381080977,51.0553898278
64.0660330716,58.4509110218,57.9307923463,59.8222542819,57.842030908,51.6826295633,56.5151393072,54.8672993608,51.5502616941,49.5170699514
77.2692117866,68.5930368109,64.3578151861,68.5382617407,64.4466239619,54.3076844706,62.8688484984,60.1271304208,53.9505432581,49.6345504223
83.5673058322,74.1395521306,69.6247124867,73.2074005197,67.7271951031,56.6701469789,67.6508338035,63.9804459855,55.4132309221,51.7889703639
82.0723191762,74.6486046351,71.5764134184,73.7891820114,67.2866051314,58.1329944767,69.7838663844,64.4834409241,56.1685745644,54.3661463479
76.8854288632,72.6079592405,71.535051866,71.5767367905,64.4155528425,57.4432428935,68.9004767024,61.4358835781,57.1362994718,55.752865131
67.1695061912,63.8561029504,66.3610787807,65.5155686116,59.1961344458,56.2552997028,64.8362319088,58.5124041987,54.0432862672,56.6085381527
60.0446589688,57.138821396,61.3520445012,60.4041271783,55.49344885,54.4747438278,60.2906498114,55.3798935738,52.1660025458,55.4959447211
55.5995956457,52.2672198885,57.5542117493,57.024222835,54.0808848577,55.2139631049,56.7940540935,54.9983820456,49.988936763,55.4796559442
55.4984738695,53.0634958853,56.8590896506,56.4096113229,53.7762638378,54.2875683448,55.3909832371,52.8751066145,52.4385429321,54.1210915644
51.0633697364,46.1687589672,51.1567259848,52.2292308518,51.0049159418,52.9796095742,51.901838228,52.4028060519,48.7945008117,53.1452741042
49.4014701558,44.3911818437,49.259075171,50.98638919,50.5122155062,51.7034385149,49.2797572587,51.4159339037,48.650585699,51.6367156913
52.8975538861,48.1784191392,51.6320283015,52.7503767999,52.4561720018,51.5496278922,49.3858959441,51.6689280775,50.689649292,50.8263927177
56.8277976176,50.6094475075,52.2745385018,54.7683276372,54.1195063514,51.6896103658,51.2182163811,53.5109163711,50.5455680151,50.0617984898
59.1513849742,52.2060753009,53.2029634476,56.7499547687,55.2111085148,51.6876085769,52.8243880819,55.0795277529,50.5263955145,49.8413233724
58.5837471309,52.3338376382,53.6562331938,57.1938519793,54.8761043169,51.4233885242,53.6273339484,55.2483572105,50.5131023951,50.0760543468
55.8649130116,48.7514257666,51.9658022019,54.1280073236,53.935489706,50.568525972,51.6204907277,55.3183080455,47.4065983333,49.4010920993
55.9083366092,46.9296266972,50.1647331513,52.7488078032,55.5537250615,50.6940067856,50.5606053289,56.7221085663,43.6331342232,47.5330830418
55.6766895321,46.5169705606,49.1306453812,52.0310155032,56.421994172,49.5651731637,49.8564130187,55.5999650947,41.6457816941,45.2853358105
63.4519762989,56.5794960704,56.42576405,58.1388960423,62.1000535837,51.637555971,53.7702616545,56.3682842481,45.4740396835,45.8705889214
61.5249297239,57.885826094,56.042807316,58.8207202,58.4611101632,50.3179846505,57.0664811035,52.9242866105,46.999007906,46.7624100072
55.8216292748,50.7531327124,52.0803363523,54.9272086954,54.2548030265,48.9971230241,54.7205352921,51.0077680267,43.1908764841,47.2831879591
51.6340595342,46.0936667981,49.3065222848,51.1567978302,51.0276649327,46.3816412243,50.7485656954,47.9274009651,41.4624075039,45.6636321752
49.6835649873,44.5116893993,47.970066951,49.7101122392,48.3642821695,43.7567710197,48.2694745384,45.255707306,41.6261165822,43.987575543
52.8657246729,48.1711505819,51.2222362509,51.1202291248,49.9231741849,44.5719030803,48.2280896064,46.4678048339,42.803641312,44.3302530484
50.0078885789,44.9910931077,48.1668696198,48.3871984826,47.6185264407,43.5663558836,47.2179424166,46.1947020047,40.117162115,43.6012036189
45.4243824203,39.6281593174,43.7971269713,45.0715484153,45.5316947576,42.5883037039,44.4339805004,45.3893415856,36.132076182,42.1546859186
42.0369009395,38.1120721183,41.6395353845,43.7128323898,43.5191003879,40.7044135977,42.9271575384,42.3318491892,36.3228376621,40.2615425468
38.4845955881,34.2853118041,38.3675605376,40.6787156674,41.0334674667,39.2096460308,40.4803984992,40.406239206,34.1242396052,38.874057699
38.6786937437,33.3768867639,37.0129932307,39.5287033264,40.5746029933,37.858643698,38.7705357933,39.5980544522,33.3022344409,36.8855540703
40.8550675568,38.0699810898,40.3233834969,41.775823648,42.0933767071,38.5857131714,40.0057746799,39.6500724369,36.1177343108,37.4472915884
44.3710934838,44.222975814,44.7858644854,44.9404926576,43.9360299673,40.2495153063,43.2625871185,40.480665164,39.5897447762,39.2759354585
41.8422700601,41.4873391574,42.2645375451,43.9077987224,41.9511899299,40.4745793832,44.3257765634,40.6273874227,38.1397996602,40.4794839281
34.4837330296,32.9193395096,36.0817703871,39.252998243,38.1617876238,39.7599043839,41.1638032078,39.1455530339,33.850013021,40.4096861907
31.9637032012,29.8645852199,33.8769596939,36.6280489686,35.9370622068,36.8172193471,37.5331607835,35.9267812774,34.5518645564,38.05854819
32.6878988337,27.6828800402,32.1758357534,34.7411863718,36.0981219172,36.4399069436,34.5715450662,36.9270225384,32.0709399513,36.602299217
31.6700072442,26.8356226398,30.8538026972,33.4327374829,34.9571225584,34.153014921,32.4830957557,35.3463788529,31.8809878627,34.45502357
30.358197173,27.4417926986,30.6183740493,33.5273989335,33.8628508297,32.5182138276,32.5584388514,34.0286376268,32.6531566841,33.4683803057
27.7538678571,25.8497028348,29.0357880716,32.2077768278,32.3433319595,31.8962040883,32.4334476171,33.7618658247,31.3516951594,33.3084008545
25.003986678,24.64005633,27.7841837516,30.958419157,31.4240639018,32.3385524514,32.189212388,33.5814556599,30.5365488262,33.6457504467
20.3640190847,20.6874464512,24.0296028035,28.4401424625,29.1885621662,32.0908883863,30.9459572161,32.2451950824,28.6712792092,33.3112224325
19.0416157077,18.5890764624,22.0241331397,26.8139005478,28.5267188489,31.862242826,29.1317134475,31.4585847849,27.9517242941,32.2903672258
23.3125780072,18.5747810148,22.0272091988,25.8170118115,29.58918875,30.4874349474,26.2117745851,31.9263328223,27.317112172,29.7759143785
39.2847834002,41.5926511887,41.2925576963,38.3457718529,42.0374059328,39.2293506346,34.5481417984,38.404055815,38.4831523063,35.3374532643
35.8410938495,38.5399331097,37.0654442662,36.0332169052,38.5245245384,37.6995030359,36.9026054092,36.5518609628,36.0106635463,36.2456143233
31.4250253694,31.7046366115,31.751718431,34.4275129509,35.171968395,35.0841497562,35.050148348,34.6141652067,32.1609544914,35.3128200909
24.7150049339,24.0020855824,26.279560665,30.4283142399,31.1220756628,33.151021918,31.248781849,31.700593884,27.8882205255,34.0375882273
27.1887890315,27.9141488017,29.4290369724,31.8791106769,32.5755816892,33.0306470455,31.3091027454,31.0588818721,31.5212049249,33.3796553233
22.3079789466,22.7747910294,25.1051951842,28.518446421,28.9292172387,31.2903090181,29.5904398396,29.3123190848,28.9808208462,32.8810891545
18.5441866344,17.9815891211,20.739968932,26.2969720653,26.8379821709,30.6272515331,27.6270595589,28.5214662368,25.9638587497,31.5102623228
17.1303634988,15.6043487632,18.672617234,24.4118087522,25.5153557828,28.9381290009,25.2801328821,27.1325483468,25.5341124482,29.4269603744
20.0495715969,17.3049379951,19.6691861165,24.6750006431,27.1000240455,29.038330898,24.4570392511,28.2802313593,25.8952938913,28.2669917233
22.0610464875,21.2935170835,22.4408801396,26.1246468024,28.6572759756,29.2426336185,25.6112203178,28.6223475019,28.22196335,28.4551641843
24.2049203639,24.3380271287,24.5615988287,27.5130478173,30.8122531915,31.0872027495,27.2242316019,30.2061816163,28.2138133494,29.6336942822
22.0497922465,21.8402156614,22.2024320282,26.0956326417,28.4237975406,28.7571943757,26.3906642505,27.9983354033,26.8994565216,28.4585299534
19.3210676083,18.7293251102,19.685238801,24.8105221703,26.318193395,27.2762717297,25.2110878259,26.5796953164,24.8287284419,27.4926202042
23.4121659281,24.4231106577,24.3377946252,27.5585472716,29.3952702604,29.20854051,27.2349884951,28.1373392023,27.8015778003,28.4579463282
20.5075768477,19.3999741474,20.3982599428,24.3589069458,26.2945465781,27.4869396144,25.0227031888,26.5874341579,23.9412784349,27.3226248052
17.6546011505,14.6402981053,16.5984892494,21.3016951521,23.2989585257,25.5632805261,20.5789167005,23.7637999131,19.9741213934,24.8480013028
15.4307713026,12.1206202086,14.0734468093,18.6625865022,20.3671191254,22.7918254534,16.5639825831,20.1859350384,18.3037822213,21.7999592327
14.5711416634,10.7129753289,12.1634531576,16.4790015904,18.0032379743,20.2665959447,13.4243620877,17.7092577505,16.6965536792,18.923049765
17.9300294089,13.4487032853,13.7434867545,16.5442957326,18.605284163,17.5207699321,13.2870740609,17.8181711138,18.177083035,16.3671248424
18.512314641,17.2381319959,16.2153585489,17.2953273994,19.9672190522,18.1281740674,15.2085680014,18.2843691131,18.3740463265,16.9129414635
17.0163131156,16.087166521,14.7588594027,16.4596092215,17.9585567249,16.343462452,15.2537977229,16.6179046043,16.5262064006,15.7662965727
19.9915257027,20.5540868539,18.2191307257,18.2453191208,19.9398691613,17.4042965399,17.1590527116,17.238861384,18.0027928916,16.4358407592
19.162925995,22.6242497324,19.8409101208,19.1270565996,19.6715005897,17.2347965795,19.3466546864,16.42479391,19.2449477555,17.4065527537
12.9723829019,15.7474693203,14.4425917309,16.4851476254,14.7758514082,15.9907542329,17.8279112626,13.3363487925,14.6549550788,16.9686140903
13.9718022102,17.1874950885,15.8153438554,16.749290199,15.0725184323,15.7526417216,17.9980737536,13.5396893821,16.8275586493,16.6883865456
21.6630939711,28.0720579784,24.9115903,22.6014507096,21.659662784,20.8269655777,23.6403307726,18.0936619897,22.9962713204,20.3631066105
19.8441266372,24.6501916411,22.3124295987,21.5124775225,19.9640749,20.2241658155,24.0966902392,17.7676072005,21.1796356767,21.2452743221
14.5014603916,16.6617962387,16.7099677267,17.8775365285,15.4040343377,17.9833554444,20.0354382567,14.9677694051,17.0541150682,20.0947110905
12.9673991797,12.9132258906,13.9800236669,15.6439034688,13.3557593792,16.270145442,16.5688165979,13.7965520106,15.6990791081,18.0352212186
9.98303843095,8.84659590263,10.4409213429,12.8125181901,10.5312921686,15.3086511712,12.5280105744,11.6973488034,13.0353483819,16.0998063822
18.8586768781,19.9403270213,18.1220344464,17.7147861279,18.4619294678,20.2805602783,15.9354973074,15.6984305526,18.4986057408,17.69379188
14.0287912478,16.9204572422,14.8585735184,16.4345008589,15.3368841296,16.5808053154,16.3035527409,13.1025009329,18.5662677149,16.7161339868
7.63487816982,11.6925109323,10.5657804245,14.8247712145,12.3617783651,15.149521063,16.3711105027,11.5215383747,15.7718541324,16.5260009095
3.56417887002,6.97516229445,6.87818762306,12.3361756909,9.53260530744,14.5891369638,14.5252341724,10.1203450253,13.2486542365,15.6888806557
4.91448122497,7.56124484565,7.22902342016,11.9387402263,10.1684578899,15.3205972681,13.700805297,11.0473194399,14.3617294658,15.2976410551
5.45255058415,7.75111852061,7.2061969846,11.8342736158,10.8469208522,15.126864554,13.6577385933,11.8397690817,15.3112324303,14.9405787697
2.10800541355,4.46611014332,4.17780805638,10.4293873005,9.03914214962,14.7636926029,12.1683872433,10.5724940837,13.0389630403,14.2993280406
1.09744443604,2.62917522404,2.33927818945,9.39558162894,7.94222581591,14.2349370532,10.3959344668,9.73104106892,12.2306565543,13.0616191364
3.49148937696,2.43414348258,1.94747402597,8.76318246615,8.03489536215,13.5519871145,8.3843021678,10.1751850645,12.0977365249,11.5640312359
6.59882696071,3.79253030748,2.91103376337,8.62263142754,9.21818372622,12.4365252871,7.33909392122,11.034924491,12.7011975568,10.2145715127
10.0851647493,6.48423173419,5.02932203978,9.14112461588,11.1518996741,11.2507311882,7.75342081546,12.2701213593,13.4364043807,9.18742153891
14.7322758207,13.2767690327,10.0093800445,12.2855012023,15.3028725885,12.8826289897,11.1912564811,14.4595399926,15.3534994983,10.2932184621
11.8351013421,11.0055830471,8.41590782778,10.9274124601,12.3370403015,11.1763333721,10.2498237808,11.6101015506,12.6045696154,9.90723332509
10.6113043249,10.3569821968,8.22378640789,9.72884177687,10.6070343942,9.312529723,9.68990066036,10.0379397302,11.9669810402,9.08990094449
7.21319685586,8.70770962044,6.93960370068,8.5198956893,8.68481467405,8.20016482606,9.85497012018,8.59795900559,10.569738391,8.6975318979
5.88469306649,7.68717446962,6.18635613538,7.36452700917,7.47951197756,7.50655220885,9.66228857147,7.98861804188,9.726918011,8.17626741178
7.40150512764,8.11698737047,6.81443724914,6.74711743459,7.70443606169,6.7279440826,9.60181692063,8.64234847492,9.79368403636,7.44915223794
7.55578633913,8.50156608751,7.16049852794,6.43485477116,7.78207030217,6.36558533499,9.67507859083,8.81576171732,9.45376641792,7.12153736775
6.82907169316,7.90062228394,6.63944462591,5.62369169773,6.97334152098,5.75883226496,9.02423224251,8.12829528523,8.5758200363,6.58840432235
6.1932618663,8.04663863121,6.63923664186,5.05397069464,6.63016101892,5.23239041571,8.93996584922,7.59090858731,8.37914599271,6.15925946023
15.0641386199,22.8662796866,18.114611298,12.6071377354,15.0810885603,12.4107125922,16.3047404395,12.056884186,16.1066485633,10.894227127
14.1386455093,23.4509066685,18.4497910644,13.7614532689,14.4530912975,12.629223426,18.5448494142,10.9956344129,16.8674098177,13.2096383102
8.74097194723,15.241218465,12.3439049782,11.4987019744,9.46650379626,10.3551887843,16.2836965575,8.13112698391,12.6008837239,12.9488906673
13.2708890143,21.6671824851,18.2080624893,14.9756206407,13.3739204976,14.0452805078,18.8427735485,10.8014300098,17.2535761105,15.6345205164
14.6143094705,21.4142613276,18.4937800983,15.2580269163,13.696886799,15.1445245426,18.8634694299,11.4336343713,17.4354893229,17.0359213225
7.83956324299,13.9421067727,12.6912764685,12.4658881542,9.4664242733,12.6288072473,16.4223973772,8.71277763253,14.7358240703,16.2845312046
7.7020811227,13.1209095483,12.1296479051,12.6169366179,9.89736756776,13.5635089686,16.0940965494,9.74970596125,15.0200290148,16.3576509824
8.36322096887,10.8939350714,10.5201632315,11.1887949992,9.02353236363,13.9648923967,13.161186906,9.71413653677,13.6949888323,15.6519312863
10.2694874441,10.7201703809,10.4539947641,10.4342103658,9.54686707611,12.6073711725,11.2073205699,10.297108162,14.5852032302,13.9888132279
7.96651771469,8.61708525249,8.27152981487,9.6323040995,8.71263584405,11.815869001,10.1458124231,9.66959029842,12.8604765062,12.8825755002
8.11219581879,9.66050901571,8.77610800215,9.61264729275,9.62729694895,11.1612564405,10.7214095427,10.1621597244,13.7149487894,11.988279598
11.606412871,14.6656640757,12.336154332,11.9840866833,12.976739766,13.160848207,13.4541973942,12.4117023826,15.728112377,13.0679720823
9.46027193238,12.8513080811,10.7076433035,11.3473951498,11.5349783339,12.9095478672,13.1103763015,11.0049177824,14.0432409691,13.2660755113
17.8980289443,25.6371896765,21.2199601222,17.7471553732,18.8058232457,18.0043642242,19.1182253331,14.9925647607,21.3752417272,17.0012628255
18.7063664335,25.9749075826,21.5887825695,18.9254027341,18.8851817965,18.1681732186,21.4146713337,15.3711311798,21.4122365033,18.8365741224
13.6021914165,16.9684337858,15.2218750547,15.7944703398,13.6572049625,15.7263397562,17.9569708698,12.5637850301,15.9403262638,17.8972938947
10.9945867017,12.0459883116,11.7635955816,13.3276301238,9.88180014692,15.4188777368,12.9295458503,9.26561164475,12.7752908516,16.4473036716
7.97276131037,8.73585072051,8.76801790808,11.2796063542,7.36159695592,13.1796137782,10.0497922547,7.48981536699,12.5632862282,13.9704480512
5.84337937606,5.48964173642,5.7418798492,8.60803682311,4.44140197417,12.1540843542,6.23433475105,5.44091745309,10.5675430342,11.9726628261
6.3488029097,5.11118752382,5.02035816433,6.82535829611,4.57731055817,10.2288001086,4.42695413356,5.94254901879,11.3633393505,9.8024442947
14.6320666081,14.8924661928,12.0242020948,10.6366202559,11.8361440575,12.2122901477,9.06790764728,10.8645545933,16.3383933708,10.5180277904
12.608994248,12.6994316101,10.1499276598,9.88951410299,10.6131992867,10.0571350948,9.41105161484,10.0748887963,13.8013254579,9.86133990435
6.36806827546,8.11655118214,6.37711467009,7.68992862656,6.48448899291,8.61563193528,7.66504595296,6.24882834657,10.1312273908,9.11028308531
2.43109509552,5.21109544205,3.77381458325,5.57058400361,3.70096572265,7.29009228008,6.31948136321,4.10076678117,8.81809319629,7.96875585322
2.34021918656,4.54116890457,2.93911305202,4.36573739955,2.97554539666,6.94103314749,5.39677025304,4.03710991633,8.59738003521,7.14473828606
2.89764966764,5.68263541749,3.59166089493,4.17456947922,4.05100942339,6.71367440426,6.03030672786,4.91689702556,9.61881741763,6.81585855756
1.65755734914,4.12321426463,2.05074554872,3.60679845363,3.29261671109,5.88431424099,5.70480689196,4.48394154932,8.37272937386,6.06587028835
3.34652147519,5.90555630066,3.16654621409,4.31439379066,4.52197201239,6.44554486027,6.4447628084,5.3743547491,9.15826173102,6.09163352333
5.6033867362,5.47217510266,2.95936616334,4.02707836657,4.27128429001,5.69601660417,5.16913756743,5.60198018421,8.38140609716,5.22787697017
7.10485505977,6.61168830725,3.88255780581,3.84479623815,4.45329493784,5.54837480934,4.14612254953,5.24412546142,8.51957544599,4.88270583171
19.9694612084,23.5544308455,16.930712264,12.6058632541,15.6480486334,12.3588918572,12.5888003062,11.243370592,16.7364541451,9.11673868126
17.7682277327,22.486449812,16.4691973595,13.19275547,13.7625487696,10.3263510038,14.348793342,9.54456493963,16.1318959555,10.2734900906
28.8086514553,38.7824178234,31.5142224882,24.1337645302,24.059067341,18.5785942788,24.6876948885,15.4895833469,24.0460847966,17.1689856486
24.6051269215,32.8945944631,27.5929134955,21.0776843098,18.8333053609,15.8714138441,24.1309691824,12.9875866636,21.0155329358,18.3872434968
17.6228447749,22.77681021,21.1964143755,16.7720078148,12.2860931829,13.5575676626,19.0272554942,9.18017570731,15.6864378714,18.0062789308
16.8600044205,21.3179246519,20.5237058317,15.3863702426,11.2877073747,13.783770654,16.4615677762,8.81246491824,15.8570978498,17.5074698422
15.0586053494,19.7687287736,18.9585553651,14.6068851453,10.6211666006,14.9519826982,15.1091125664,7.98390901132,15.3015130539,17.5411440804
17.0780533673,22.252915115,20.2718131326,15.8412865937,12.6379279167,15.0562076413,16.1438374478,9.8906783572,18.1322971379,17.1587938769
11.4278973003,14.5556470583,14.1815960132,12.3360324101,8.25786556865,12.8456595946,12.8986997996,7.48816722203,13.8951201224,15.749286463
5.14162395582,7.80536151304,8.50419802802,8.56957283963,3.44685998008,10.952070003,8.38650841119,3.96481427987,10.7034094842,13.4673521835
2.80507017924,4.40880459107,5.05244964217,6.04155152996,1.23752528286,9.78081771468,5.10621717888,2.9174119933,9.62074567153,11.0282159455
0.441947395521,2.10360209969,2.33105664795,3.82596242282,0.182520427106,8.50088985317,2.96328034316,2.28623634747,9.11168631344,8.9552801701
2.4730282762,6.73252140559,4.63981509911,5.42261818726,4.08055169699,10.3194220643,5.55873454842,4.75998905898,12.0796495362,9.32146686092
11.3382144216,20.2945038288,14.84415033,12.6074216313,13.1284921324,15.6738678408,13.6452952379,10.5696723258,19.8205104101,13.2568873461
9.6274536861,14.6258526379,10.5231071107,11.2072849117,10.3306692541,13.8221463267,12.5072182372,8.97688520313,15.5035671967,13.2772581066
16.1747881255,23.812631048,18.2612124876,17.2661794066,16.8517094057,18.2303516702,17.7163506948,12.6434487344,20.7180450364,16.8278467189
16.2467109358,22.9424428036,18.1021467327,17.7278694407,16.4175702096,17.5095847584,19.0150139949,12.6951224707,20.7450146894,18.0904916578
24.4604670483,31.8837223906,26.6373889429,23.6061418333,22.4423731358,21.2374374133,23.8458115613,17.0054721151,25.5004707125,21.5212214688
20.5160281543,22.5617921098,20.1890839251,20.1278866637,17.4890161212,18.4606436391,21.1514573759,15.3680490642,19.3417272703,20.5891942442
15.9278908505,16.3594360225,16.1618454705,17.6201066513,13.96972842,16.1790277174,17.472292353,13.1233149048,16.4767454451,18.7620273729
16.5775622196,18.4901439884,18.0172206853,18.1158529748,15.6376034567,17.0590210741,17.9201201851,14.2111484455,18.318301978,18.6554915728
24.4865247832,30.193870199,27.6770323316,23.749917028,22.9816897497,22.1292158939,23.5228110911,18.7806528012,24.6375190512,21.9822073093
16.7754137614,20.8796253875,20.0701765036,19.0570457042,17.039364056,19.0077902809,21.156199995,15.4604169551,19.5073045861,21.327448299
9.80968059282,12.0142332509,13.0693684316,15.1913236763,11.4229808793,17.5125373453,16.0686014221,11.2097524653,14.0860786984,19.3681291663
4.82228822343,5.64895978707,7.63095962584,10.6111665871,5.24221411344,15.4987473972,8.91922098032,5.93907197342,11.0462298207,16.0634608181
7.90484308945,6.23951716533,7.47711931681,8.89367389871,6.14209439784,13.3462765905,6.11535560293,7.56054816259,13.2865329413,13.0643044464
6.87658824036,5.05527225645,5.42427266855,6.95945742435,5.27659166928,11.8986753047,3.67070755938,6.64978219283,11.7536517821,11.106017078
6.65676473932,5.19273919844,4.35014864405,6.0193887369,5.0067771338,10.5508524118,2.40554435404,5.88983009388,11.1747652338,9.24172546257
8.2360826708,7.48043519504,5.35478423907,6.04745774879,6.60204720196,9.37262390151,3.32616995349,6.78258709323,12.1134525655,8.09078845344
9.9499859238,12.0908733963,8.35177020144,8.00400483882,9.58470495547,9.75506564745,7.0663624271,8.32672607441,13.8657348346,8.62209446268
5.56506385987,9.58519109895,5.93734541931,7.73339073517,7.31030616853,9.08777316119,8.05743103542,6.06919798849,11.2591323442,8.76628307834
6.30468170188,8.20409542347,5.13671005816,7.06394954836,6.31020935719,7.61788966841,7.7900586676,6.30046613192,10.5269382557,7.79944432572
3.6421677268,4.89000870833,2.71974565284,5.30257954944,3.18326149906,6.82769008378,5.46306873242,3.98022046117,8.08366649312,6.93892540461
5.27342464001,4.99127214083,2.85182416725,4.51591208557,3.04057243553,6.3734137959,4.1027812811,4.29268928888,8.34960322793,5.93295857782
7.29770681403,7.00644996228,4.47720423477,4.75379728181,4.86533777577,5.94703804685,4.82616046995,5.63522574212,9.49779830755,5.37818867024
7.45371596461,7.77969991858,5.02142410373,4.92516660531,5.53471421419,5.36152670563,5.69996435245,5.94156459103,9.25751530289,5.00196468554
8.54023242304,8.54919593479,5.70148026616,5.00846048414,5.92929425519,4.80805735474,6.17926145047,6.26074117596,8.87017754468,4.59346301472
11.6196665531,14.1557614168,10.2382919445,7.27967053457,9.15610825577,6.03321635817,9.55152029729,8.00488117106,11.4518182767,5.76368962596
8.00052272189,11.4636385172,8.2640503133,6.43894591167,6.83935820729,5.05981491096,9.62878111715,6.13567074559,9.23290991418,5.99636416124
5.1052623257,8.46278421057,6.10539253304,4.9735347287,4.40429988071,4.04361288769,8.6364125049,4.51640537536,7.49147710442,5.57534571293
3.52087433421,6.46936611847,4.75081327149,3.39263700423,2.87361669321,3.38376795002,7.38895782551,3.70647160405,6.60127082297,5.03328483254
2.98651267376,5.46849410812,3.98190597905,2.37623829486,2.39712240131,2.88972249034,6.6342588858,3.65711890853,6.20909303026,4.37763078032
2.01322946309,4.90267070915,3.34590919926,1.8267063818,2.3398602391,2.47654334468,6.58417031619,3.64873824346,5.94307969463,3.82593723986
0.546911070627,3.66562300812,1.97618730667,1.21117917992,1.35771628071,2.23767471101,5.88944597929,2.81121090469,5.11321335107,3.26934128402
0.836962576507,3.29144967443,1.4945966814,0.714524181763,1.18193271179,2.00180021588,5.28146622034,2.84463516189,4.96821468347,2.67300200625
1.10873575551,3.14447123536,1.10391379694,0.517055084964,1.00850156597,1.84037978138,4.67737384801,2.65817464887,4.80789159815,2.11635722748
2.65374470727,3.6772528441,1.4266324863,0.40953207097,1.36882706352,1.61584686351,4.12354686538,2.99175289543,4.96633229728,1.575813075
6.52162497912,9.31274513858,5.74065735766,2.85923767559,5.13723038312,2.8716268959,7.23141571416,5.31240435093,7.90048855285,2.40995295076
5.0693340802,7.64232142405,4.42950903901,2.85952632477,3.80480386524,2.14254372235,7.07037800321,4.15199003293,6.27513348068,2.34920653276
6.24042104881,7.32885280468,4.48820393088,2.5702940359,3.2911397275,1.73871800884,6.32556560826,4.0076486455,5.76387171498,2.07222243745
8.23569170311,7.71033548957,5.14262836462,2.2626744859,3.23229930562,1.39549971894,5.25211071228,4.11751554935,5.58995547836,1.64712074767
10.0321810081,8.81603991707,6.24538884024,2.02363738747,3.53743930782,1.02903192901,4.47251675331,4.15315372825,5.70375226675,1.21335642692
15.6919347933,18.4673725934,13.78551377,5.76174960767,8.91026694845,4.05379257414,8.75211052301,6.47790104604,10.5310057528,3.44350975885
12.6037073742,17.7087577735,13.0436122089,6.44876584864,7.50282874883,3.56937351696,10.2748785534,4.74355940331,9.63286678073,4.52716622842
8.36056802259,14.7667854869,10.7264257282,6.19794577259,4.75597017502,3.51728627269,10.4628644587,2.4063850222,8.0934059204,5.41659518445
8.62377530124,13.8361959679,10.5350207158,5.31528491314,4.02123761534,3.07981148593,10.0051163141,2.96119133046,8.2672381552,5.56743582923
7.18622748584,9.99499397274,8.14110428607,3.16363804312,1.82897529189,1.86271734042,7.47603253531,2.16972789599,6.46785433779,4.83089283902
7.65404322246,13.9229069025,10.9772266386,4.8261510627,4.40307512056,4.16460471996,9.64721445775,3.30333482034,9.26155336961,6.26054136773
5.27642031796,10.5923138137,8.12044455081,3.85378627992,2.7366046494,3.20207680489,8.87605398512,2.50912416347,7.69964909901,5.86262250522
2.3323241197,6.37486557315,4.80494117778,2.00321412695,0.157410893529,2.23898015635,6.53290892214,0.965490776558,5.74995606531,4.96939512023
3.57149317513,4.81860193077,3.69520686447,0.514028616853,-0.398207003937,1.65582947898,4.15689097838,1.4389322218,5.25179350494,3.69949501517
20.3823735517,30.8210596668,24.8377721487,13.5267295529,15.2050179573,12.9674054928,16.7219576203,10.4403661962,19.6028476016,10.5552410183
14.6650281299,24.6615440791,19.1660667716,12.2478066302,11.5548115127,9.93194545808,17.7530943948,8.15847045455,16.6752738525,11.6982405785
9.93776080312,16.4325816949,13.5940742965,9.70637644632,7.51107947377,7.01621667694,15.103460439,6.36190415675,12.4497860659,11.2000949179
6.00533431328,10.0597648852,9.38530225625,6.75952790764,4.28954920616,5.44762255795,11.7679443798,4.96765437491,9.32664229911,10.1508822752
4.13231908206,6.35852083718,6.69585777654,4.35635261832,2.4757971307,4.73447167528,8.6674857818,4.3338542431,7.66375663782,8.67707800891
2.44597913577,4.17087781325,4.52477138452,2.74242320866,1.40747366144,4.44363795376,6.33884199927,3.67764591636,6.69980757309,7.21175476213
2.66372297388,4.19245085839,3.97522573673,1.82902264783,1.85256053189,4.26723216742,5.2043033742,3.99018673986,6.9605197846,5.97021281266
0.552621714541,3.58792186679,2.69363116845,1.36644210667,2.06595581101,3.62278195841,5.48020809977,3.76492394938,6.67778624073,5.01357152778
-1.00910661598,2.31547599921,0.923591884781,0.736055395467,1.07679444722,3.29358921734,4.77347827697,2.87406441767,5.64024705659,4.17887311282
1.99117106459,2.96020282044,1.23922264283,0.463670761715,1.74399004067,2.94537259983,3.95088696098,3.86975188294,5.84549690324,3.19328753752
3.22430156575,3.80311926235,1.65477389857,0.622533064331,2.39442859681,2.49636540039,3.7170506443,4.12221544999,5.90712164812,2.4581444043
5.85371257472,6.84258576844,3.84049383184,1.47283073708,4.05742004902,2.79359691405,4.50418118816,4.88128180653,7.03794734402,2.45916281139
20.695746586,29.4464710389,22.2086853187,13.3763372463,17.4975797446,12.674990333,16.133441713,11.8173179437,18.6035140467,9.2257707839
17.9774798641,29.4679719723,21.82880219,15.8563971396,16.174568034,11.9129314568,20.6422063186,10.5682520218,19.0861259262,12.3404587854
10.0436503383,18.7283260141,14.6039744773,12.2764957147,9.76584973083,8.53828302615,18.1839447644,7.22498728474,13.5844125207,12.6887447156
3.48805702208,9.87182735995,8.69023478203,8.61250400249,4.56381315825,7.04786879045,14.2606111517,4.42864855814,9.46776590069,12.068434177
3.09741574813,6.13241575318,6.58046707831,6.03450415771,3.20286285384,6.14766539292,11.1566829488,4.96196966417,8.70857198962,10.4452438121
1.28793249729,3.35861131138,4.24455232097,4.21409159789,2.17240083315,6.00998564293,8.53848107724,4.71945971135,7.61951198552,9.19200751417
1.6642703006,2.76147447235,3.47984052278,3.02471828681,2.65181866437,5.66053580659,6.925466867,5.3730572424,7.77656587145,7.71614342756
6.9670531277,10.8203630283,8.81429260402,6.27659752953,7.7629542087,9.31579644458,9.58438137479,8.27305772483,12.0361505764,9.20070077399
4.94559049309,9.4778369237,7.19554697621,6.21072087299,7.20346216632,8.01856512039,10.067213514,7.45786290997,11.5320199322,8.94288262526
0.97290396744,5.98840757088,4.17905134341,5.16641633798,5.29982341783,6.7264362695,9.71711929387,6.05913283494,9.48499693769,8.45023965145
2.9693711677,9.32746619683,6.50223874825,7.08943599811,7.37592308823,8.95119807908,11.7158258295,7.61391263461,11.4027901874,9.69175712317
2.75553729747,6.5912947924,4.73737388258,5.8583119194,6.11632422309,7.5352985112,10.4856439578,7.29980880691,10.2229577427,8.94906196089
1.14139522476,4.41439219563,3.20703963567,4.98022014542,5.21689597999,6.7095332305,9.5872776909,6.89679270704,9.0990758557,8.3280290969
2.97214838954,5.11846276164,3.91881273054,4.87033658937,5.93729596468,6.81602857226,9.11841992045,7.77288860068,9.39692770667,7.88594664253
3.25696611389,4.41578834684,3.34492430076,4.24251346363,5.51411690542,6.23476916027,7.920632828,7.55487612808,8.56249177072,7.04220939712
13.1503695272,18.5568350399,14.3411520845,10.6842281815,13.7025602163,11.920365941,13.7829267263,12.172473164,15.9907597193,10.490399303
14.3471621027,21.6201624081,16.7442830368,13.3318708197,15.0570580225,12.6456120894,17.1620450648,12.5291204229,17.5533085254,12.7324727913
10.8100485743,15.9114094454,12.8718630299,11.6355162629,11.6206310039,10.1679345107,16.0176817216,10.7446792176,14.2663912138,12.5538995213
6.5252232016,10.5159428532,9.37802066506,9.0415641019,8.32289150652,8.25712412209,13.7000986002,8.82888109882,11.4207259964,11.7181572071
4.00260783069,7.18942140473,7.00506562573,7.21606892753,6.50690296979,7.53710323289,11.9520750619,8.01997111293,9.72991375104,10.7678935083
3.64877681354,5.76048893475,6.0737749319,5.6659536528,5.98380779738,6.88997955774,10.4572592785,8.06477630018,9.24349230745,9.61305170601
3.24026262718,4.7513716311,5.01053849432,4.51585826528,5.49704716691,6.52467655267,8.95392951589,7.92332604936,8.456579566,8.55784424081
2.76178828624,4.67101970636,4.36324440464,4.30098924027,5.58569015193,6.34808424914,8.59480494346,7.79906914673,8.2078697014,7.64271888901
9.62235284017,16.3148049516,13.1550452236,9.24545361185,11.9476630489,11.054127725,13.6205089247,11.2660789724,14.7240858677,10.56181472
6.62916315774,11.8841863606,9.29595428294,8.18252578127,9.29647065318,9.18012858064,13.1090269566,9.532233038,11.9721903201,10.3288388812
21.7567764438,30.8814799228,25.3787412971,18.5831377767,20.8879894482,18.2937849108,21.2444124905,16.3051767751,21.683983178,16.219116059
17.0976086436,27.529827639,22.3357864258,18.3121137772,17.7307696348,16.52639756,23.0675171037,13.9390915343,21.2082490737,18.2306507555
11.2423202575,18.2803100292,15.848002344,15.7049251711,13.0865292107,13.8651118314,20.8431048501,11.9065939417,16.7627846338,17.9883026364
8.1203112647,12.272422187,12.2207351517,13.1702927032,10.4669302887,12.3843514173,17.9696207023,11.2044043434,14.4805429948,17.0049318551
5.75424085582,8.85079740875,9.85953514498,11.7992707458,9.56689303445,12.0602643726,16.5905587403,11.4707821492,13.4288267222,16.1172654126
4.49341412382,6.73808940291,8.19148348097,10.5358499392,9.22594259517,11.9769054544,15.3213185419,11.8674885713,12.6952030027,14.9962589417
10.4867193064,16.0215203238,15.2247305411,14.8984283584,14.9719274395,16.7157597775,18.976622076,15.7474016902,18.2960410187,17.3068889598
10.6131911997,13.5125429122,13.1021425397,14.0855919842,14.360844174,15.6086072736,18.490638764,15.8648672603,17.12414297,16.8116397213
9.96627199833,11.5964874622,11.8215606937,13.5978739282,13.9983371319,14.7007455464,17.5172402048,15.8552844313,16.2238205986,16.2621114515
9.2109373977,10.5619844203,11.1688598549,13.0134400415,13.8107830932,14.022578598,16.967303595,15.8296062973,15.7410761466,15.7323514514
8.12747796612,9.6280917613,10.3522287597,12.3719063095,13.5183818094,13.7848108941,16.5211966364,15.8119576301,14.9352720297,15.3499356585
8.69139173062,9.21184905071,10.0603804053,11.5826564643,13.4194526409,13.2844583732,15.5055639815,15.8260188453,14.3797044006,14.5225974785
7.99538303892,8.80323221789,9.67508576733,10.5279637026,12.8701051257,12.2885275271,14.622487003,15.153355291,13.945874529,13.6886106114
8.88881878963,9.00933547697,9.71696560496,9.78100277227,12.7860410166,11.582251897,13.6836285549,15.1194289405,13.3152967907,12.7908575523
10.3350794874,10.0691993011,10.3132713297,9.72803797149,13.100823541,10.975897077,13.2810171248,15.1965423798,12.9963435821,11.9208031394
8.9478292174,10.1345825542,9.99536461513,9.31884673746,12.432053899,10.1423440475,13.305551152,14.2548916729,12.2745004463,11.316867796
7.23572965684,9.9133082825,9.41219523833,9.13150379958,11.7427960283,9.61144318011,13.904610868,13.4156754415,11.5988458389,10.9589692927
7.75081041202,9.85336445009,9.34558874091,8.68743675739,11.3212705997,9.13981163163,13.6837236608,13.1478667488,11.0151261449,10.4097338497
5.32506501514,8.64436727975,8.30428173853,7.5707568816,9.98751798145,8.31472383823,13.2771138187,11.8536808899,10.2514566848,10.087830071
5.2674098083,8.79464435365,8.07850148975,7.92991674848,9.96597386287,8.42761252477,13.8719658813,11.8804377297,10.0242642191,9.84742607133
12.2505594515,22.5033984886,18.7527873275,15.5138429179,17.0367018318,15.6396210888,20.984420834,15.9299394289,17.832333473,14.7947450673
12.3690608652,26.2653265161,21.6318009927,18.7541074883,18.615168892,19.2591758849,25.5938298781,16.4372956077,21.1228991029,19.5001824383
6.69654539194,17.0837937047,14.5444759438,15.6864656666,14.027047777,16.782138461,23.8492098663,13.8161164125,17.8945910713,19.8698886472
3.43987255132,10.2144162602,10.0100831332,13.794888783,11.5671397393,15.6478036679,21.2317747066,13.0814842307,15.8371486673,19.6034329731
4.44149450347,10.2281530115,10.7060294639,14.0286303844,12.6288123896,17.2846842947,20.3265686584,14.607069001,17.4367909833,20.3688689386
6.61839346954,8.88816157001,10.2402333436,13.1816196287,13.1530382547,17.066225512,18.3417232266,15.8558285446,17.7325325912,19.6161489352
8.98031542836,11.6953131884,12.4748951257,14.6022007212,15.53599744,18.4701488218,18.6440956393,17.7902252266,19.7731528689,20.2331477106
16.8657584387,22.9565685062,21.5415244567,20.4174540205,22.3678874919,23.9905327355,23.0626614646,22.2379985291,25.6012338734,23.7956821915
20.620889446,27.1638784816,24.8925907398,22.7487412187,24.6461246877,25.313351597,25.4842675872,23.3898439707,27.8481434122,25.7728268083
25.6475139435,32.8050176259,29.9593239306,26.9580235277,27.9568953605,27.4982268623,28.7308813054,25.4981090304,30.7331803436,28.4918997315
31.7959890167,40.8104344312,37.5074142698,32.5440488092,32.4181529955,31.5550085653,33.4935139791,28.4647412639,34.4347359611,32.548479631
26.6487457249,35.3445777592,33.1488322836,30.7103623722,28.8885294838,30.3318389597,33.8801636092,26.8435965942,32.5212967179,34.0433763235
25.030028163,30.9391530118,30.5852863329,29.7400107124,27.5149144624,29.6234741205,32.4359366956,26.8303251386,31.0319723716,34.1688796271
23.3988428057,25.1554214107,26.6285709468,27.7921212909,25.6681471468,27.9717549676,30.0933357855,26.9327272428,28.6037658314,32.6550755599
23.2775635879,22.7455612464,25.0645693761,27.7620734169,25.7550609281,27.4298315685,29.1669458514,28.0416879739,27.8719039086,31.2939463118
20.865986637,20.2135745707,23.5151930907,26.2023090667,25.0858836863,26.9295990804,27.8681655763,28.225969917,27.0892487419,30.5286177685
30.3530527125,34.2713809814,35.6782311651,32.3847076317,33.096537826,33.2326250654,32.0508569758,32.8571819602,34.1990422862,33.8687002491
26.1124863522,28.9323453271,30.406361963,28.435692695,29.2376552797,30.3956131946,30.9338386563,30.4523768054,31.690714168,33.0597841735
23.7550541771,25.0757827,26.884312631,28.1683068261,27.8484387988,29.0046998779,30.0700633468,30.1531542262,29.6866195809,32.1441765038
20.1956011864,20.9548855832,23.8636032802,26.0442912117,26.0406118207,27.8791296578,28.3714349787,29.4097604102,27.8388266699,31.3572629125
15.9585971769,17.0247841568,20.5506292762,23.6781249175,24.2365638714,27.2444308261,26.6568137794,28.430792474,26.0844420379,30.5618912567
14.766916966,15.2016492478,18.7031398209,22.4694798409,23.8784661828,27.0692981837,25.4846620914,28.2079861871,25.3966925225,29.3599160521
14.4729207685,13.9979535493,17.4937901931,21.2637079484,23.6560301789,26.4946696298,24.0040167041,27.9612233316,24.9959204669,28.1180268259
14.0155677731,13.2383735158,16.5521683014,20.2155875949,23.3244355079,25.6183664145,22.7034458574,27.4877966994,24.6764739157,26.9760229092
15.2603402507,13.7338528103,16.6856486477,19.7465586305,23.6428695247,24.6396440743,21.7822302583,27.4200357916,24.603505763,25.6892066821
15.1542579064,14.0117859735,16.4128133589,19.5312534917,23.5534336448,23.9267124994,21.5315356457,27.3803904648,23.9164240375,24.8905400413
14.2673303883,13.5969944904,15.8420260373,18.5066641095,22.836719878,22.7788313211,20.7646698613,26.543632697,22.9343865022,23.9284731592
14.9380093984,14.4904284749,16.050272768,18.8904608776,23.041216904,22.3057684705,21.1670407139,26.4763563395,22.4248592008,23.0672342602
13.8777376346,14.2717120854,15.6593617666,18.407693491,22.2985217322,21.5873051577,21.1627417362,25.7019679022,21.6336913655,22.5521194312
13.870464965,14.1312178097,15.5545379805,17.6398305677,21.6685078397,20.5803104706,20.6414052592,24.8507184708,20.9535287679,21.6715765857
12.7379865882,13.2308055178,14.710366876,16.2562938053,20.2720831576,19.2068453567,19.6153161668,23.5006123629,19.5858962042,20.5672992272
10.6422900007,12.2789084906,13.5146491252,15.2086006112,18.8357271202,18.2041804504,19.1198481616,22.018781434,18.3654982884,19.7092766809
10.7983648328,12.3430403847,13.3870105197,14.6269276492,18.3528353843,17.5183941689,18.6813940176,21.2750099869,17.9367983464,18.8803440321
23.5538411625,33.0266306514,30.799413325,25.0346347826,28.8815727114,27.259992619,27.0510007138,27.1949092184,28.5029090448,25.3448346138
28.5682389652,44.2408741591,40.5694323701,30.7286868142,33.2018760274,33.619921328,33.9631393203,28.6260591403,34.8802329247,32.5243091181
19.0733488408,32.1543775114,28.8827763904,26.0281370509,25.5738350993,29.6428649501,32.7179837807,23.9060928868,30.212281058,32.9965110034
13.3405161961,21.3780089845,20.7768380374,23.7223231641,21.2267644787,26.6839594779,29.5004572061,22.0059764999,26.6677347915,32.0856704231
9.95335486085,15.8338608453,17.4322135559,21.6948977767,19.6342702293,26.7037374084,26.714897552,21.9842403277,25.4415298364,32.0414871441
9.32737017374,11.7354351133,14.7894810255,19.5598992663,18.8507440734,25.8280378775,23.7818883735,22.2677821446,24.8828986607,30.3574424739
11.6011948215,13.5952525053,16.2882288969,20.3747899897,20.9789432055,27.253184017,23.1742430959,24.3771153424,26.6015792566,30.1594512992
11.602161631,13.7268090142,16.0246312996,20.0876417656,21.603470953,27.3901851554,22.7195453442,25.0078753874,27.0795764853,29.7078236757
9.89869507442,12.7970413152,14.6946480173,19.8314292817,21.6156986986,27.5624554557,22.6393889136,25.2211077929,26.85888894,29.6154489749
5.02694071166,8.20769950183,10.4986724706,17.7116217752,19.4745604961,26.3057822353,21.4249872143,23.7887314792,24.9442000325,28.7828008422
2.88485757654,5.36563767882,7.88716803309,16.6154379661,18.7744661883,25.9332471968,20.4659107292,23.5848941386,23.8214985723,27.7265963071
6.76029821267,12.9957442304,13.647874604,19.9686405978,23.1939324293,30.9686144406,22.9002264459,26.7090571466,28.2389968975,30.5210864198
12.6705446339,17.7893686404,17.4474976313,21.778560456,26.173402374,32.4567840329,24.0910518479,28.2676667004,31.5623099858,31.5128589068
11.051802095,14.2803359968,14.1707383123,21.1444978307,24.4269944796,30.863119473,23.5811806283,27.5133840822,29.6240297847,31.1047633309
8.45475232698,11.9181770175,12.2598343204,21.1909223838,23.6288090754,30.57735033,23.6000904523,27.1688659658,28.9896920604,31.433338477
7.23132452859,8.56284150128,10.1427576406,19.5319101545,22.5208875881,28.9960091642,22.0209609182,26.4691926833,27.8663934041,30.218905029
7.96129391881,8.39062359466,10.0957783432,19.8426134259,23.1338133689,29.2381585249,21.7925695246,27.5505047547,27.6309303516,29.7747198828
12.0862872188,12.3893449925,13.5918821682,21.4313337598,25.7505517972,30.3838376283,22.5162676446,29.3495234747,29.7107618027,30.0012674857
18.2649421037,18.3272284618,18.6657192933,23.9801012815,29.0926931208,31.478035051,24.0917356132,31.4180944546,32.245426584,30.6169766171
21.0574930078,21.4855934179,21.2581173356,25.9796126792,30.4338197949,31.711194721,25.990028047,32.4677288402,32.9843688712,31.3987169519
25.4619564791,25.314547406,24.2483306102,29.6765987425,32.8451713841,32.6789782133,29.2940374135,34.5590708147,33.7095616582,32.0138356105
29.7537642124,28.1576990389,26.7374598552,33.4242451182,34.9006447869,33.421125128,32.9056602417,36.7058996794,34.2000138519,32.4299052465
29.6913701265,27.9223905198,27.6108024499,34.6337116996,34.9421858912,33.8552055127,34.8186787011,37.6466720438,33.7775576071,33.4656617754
30.4587617788,30.0048640483,30.2503391332,36.4421141006,36.2205073821,35.8300106663,37.0376968708,38.7459993758,35.1454918868,35.3533786287
40.2993429224,43.7523330793,43.475369254,43.3898039494,43.7552290379,42.9476379532,42.0203288944,42.9635389975,42.3565971268,40.8140230638
64.972318993,73.4236182208,74.0921814405,59.4797282228,60.1947768857,57.5181531837,52.0480064947,51.8075148559,55.3295098829,51.5971005713
63.6935140399,73.510674777,66.4194414941,57.1509898908,55.9408083159,56.2801295343,58.8958255806,49.2035119118,55.0991967454,52.2773647748
114.177427412,110.295721046,84.0407405692,94.089124624,86.9930010268,70.5224886512,83.0825421143,69.6576587226,64.3259277506,53.2949018216
132.442424914,123.540659942,103.311158247,103.118484345,92.0585821382,74.1003545775,91.1758721914,75.263900737,74.5107466333,62.528254259
140.749322634,136.333753145,123.301091064,110.299262017,97.4355664605,79.6003731666,93.0928559189,76.731493917,82.2307599797,71.4468764321
123.807964404,130.860456444,116.308610936,101.558938247,86.3242508745,78.6523012546,94.975596204,71.138619494,81.32138923,74.9080696844
120.975741599,127.777909179,112.291197715,101.536915114,84.8464057623,77.1067558937,94.1195057447,70.3229772203,79.8657601804,73.8293026931
111.839459666,116.545797261,106.984823602,95.7369287738,79.1704626566,75.1385493225,89.2601673622,69.8240528479,76.2836803769,74.5206745919
99.9627245559,105.232631055,99.2433063885,88.5587493233,73.557614278,71.759666066,83.5468111215,67.282301113,72.8824618098,72.6392478174
90.6893741926,95.1564169912,92.0591418335,83.5798427057,69.2526961196,69.2983434006,78.438464397,65.4555709835,69.8785490064,71.0212668953
78.7682501596,83.0695691649,83.4122154581,75.9789478478,63.161958459,65.9024060238,72.2320248098,62.1708045733,66.8201208867,69.304503426
74.2611531894,77.6749503411,80.4290593309,72.2079043307,62.3150516774,65.4517430514,67.141391908,61.7098877841,65.2240907462,68.3000684739
90.033338857,94.7529111894,98.5374196473,80.3847314547,74.4703680233,73.2642142661,67.8174272981,67.3929034518,70.7244827435,71.4280203237
85.4834070466,95.8903067108,92.336216109,75.6562829569,70.6262104299,72.7705717186,71.5212873558,64.1837504365,70.8536460553,70.7490014028
129.551384514,130.342469844,109.164761815,105.220586782,97.509060429,85.8380174979,89.7080325646,79.43870021,78.5546708971,70.2465508437
138.077999348,137.844512954,115.817236566,106.831515395,96.6115309482,85.9302512171,97.1690351081,80.1879623493,85.2410985346,73.8952043296
139.252945088,139.037712704,119.561330066,109.604464254,96.5846630002,85.1940548281,97.8385746702,79.9384365038,87.2669620024,75.9878194044
127.599314006,131.513397885,118.507305113,104.572822108,89.5564623493,81.9666025069,93.4671261598,76.3943170934,85.9334415907,78.1450409557
112.228631349,120.307976005,111.922848499,97.50585267,82.1624739556,79.6612974937,88.2535087547,73.1446661284,81.5352195405,78.9477484857
92.7266799529,102.885342349,97.7989879119,86.8839956795,72.1961564432,76.4969710344,82.5151068444,69.1581907206,75.5804481602,78.2305030484
76.6745367804,85.8792369468,83.9599707895,77.7897878422,64.1444637019,72.8689553249,75.8396767397,64.7969775953,71.8769736116,76.3553404255
65.8823622024,70.334781413,71.7299431854,69.8397306528,59.2865028996,70.901664922,69.4569998308,62.9941340642,68.0331023377,74.1267215056
59.6917041389,59.1761630724,63.3275201671,63.8317666277,56.7903177688,68.1815111817,62.8981590902,61.2937895444,66.5157475909,70.9271873795
52.558823376,48.6645208304,54.8656081385,58.7537407399,53.7034812924,66.2580763255,57.244228209,60.2558231055,64.5103671216,69.0171734676
52.7610553011,46.9084953282,53.6998488504,57.5164689594,55.7091192603,66.5587996416,53.6978971206,61.4002917416,65.2432660991,67.5954542534
49.5221731553,42.4684252453,49.2583097981,54.1880313641,54.7522512237,65.3764783226,50.6511827889,61.1741799962,63.9842544719,65.9426307159
45.9274307305,38.057490164,44.5998706977,51.9611971506,53.4309711947,63.606745173,47.9855800532,60.4988355579,62.6638258567,64.0024422396
42.9071476666,34.4413667505,40.7354193231,50.2714175185,52.6557655104,63.0013253243,46.2567508906,60.7799334546,61.0028782265,62.6484706141
43.1740041454,34.7223214986,40.742373835,49.8150501404,54.0164208303,63.0128071171,45.0632984613,61.3003623845,61.2120934443,61.6434573714
43.4327993017,34.5191077904,40.029889073,48.8933912953,54.1696775869,61.4558665313,43.9693855973,60.4814087293,61.0726234424,59.9185561526
42.455198351,33.0006934929,38.2571622156,47.9765739998,53.3491780937,59.7799839606,42.8488382597,60.0738521189,59.3330354375,58.4237065364
42.3527722993,32.9246774499,37.9041912933,47.7012284628,53.2487096984,58.5004449407,42.2395356907,59.861893128,58.2575681138,57.0681557384
39.657822926,31.5103444478,36.4437872084,46.3993892,51.6958986702,57.546431242,41.6293114239,59.1622196606,56.4496578155,56.4417620957
35.1399929844,28.3855581735,33.5884939798,43.7883419871,49.3702965338,56.4001286064,40.2625023991,57.5311458316,54.2183632509,55.6160265759
31.0344877814,25.1621818404,30.4818226143,41.2038659195,47.2592975996,55.2392154856,38.6123993072,55.580444329,52.2205405464,54.4161292928
32.5937394652,26.6308335502,31.6311443852,40.7938525629,48.4261165022,54.8083298353,37.4789633351,54.9278293721,52.3821503494,53.1664118139
35.3027662991,27.6490754981,32.0092241541,40.4768672018,48.7454371004,52.7325426346,36.5114362032,53.9912654394,51.6564731438,50.9010298003
51.3934111365,47.3142922033,49.4450011728,50.787612129,59.5249593367,58.8570288641,42.0681117515,59.8799665328,57.7255762223,54.4178238963
56.8608561295,56.5575937865,56.5709516073,52.7636280264,61.1748691956,59.2733932436,46.2255794801,59.0370361438,59.61642199,56.0594992418
74.2756784922,69.525673282,61.8264588089,65.8123678935,70.6848678427,64.7647345247,58.5918621342,67.1476899592,59.176951386,56.1548768992
100.156412823,94.3181021284,80.3600747128,85.0832574717,83.8187135,71.5219656472,73.2203261305,74.1494610768,69.1015862759,59.9124522432
107.464683312,102.546795118,90.1921666521,89.9430664138,84.6311694153,74.7589678923,80.7974600446,75.3531630743,73.8878223811,65.8900503255
109.532659992,106.287974552,96.871865699,92.5034191598,85.4332705251,78.042463649,83.5790107221,76.0628573995,76.4683674242,71.0155366969
105.846047091,107.132904905,100.819521707,90.4919307564,83.4260947114,77.9260699561,82.458030915,73.0696195467,78.5027520403,73.8485437661
90.0518402405,95.0138414942,91.9460973437,81.6570236446,73.548100921,73.0686912918,77.2981521498,66.8394642927,74.2611948831,73.5338179697
79.2379938611,82.6498500632,80.8421155695,76.3781362007,66.9505290259,69.7638140427,72.9822276455,64.1530139556,69.0872316068,71.4348771983
74.7685123237,75.1010832006,74.9897609408,73.3964228144,64.3924064312,68.588103799,69.6605751609,63.8515391732,66.9322145954,69.8128890961
73.3673428824,72.3572676177,73.8219246627,71.8343602374,64.3419371481,69.3657022653,67.3212469053,64.4182153316,67.3554161079,69.7169872761
62.484936286,61.3441096957,64.9304444534,64.3721287102,58.3512838147,66.496565564,62.7709556602,61.0437972477,65.0594644166,68.4876126323
55.0464885655,51.7738112521,56.7773852653,59.7997824116,55.1294391348,64.552819222,58.2043745877,59.5694230165,62.4487652274,66.518979188
49.5625496087,44.0385056125,50.0704494533,55.8568560509,53.2342517216,63.8985473898,54.4906795639,59.4436887553,60.1834325593,64.8840949642
51.0432413568,43.4245118344,49.2364904638,55.3232178267,55.1112770556,63.3194495205,52.2415800089,59.7628830185,61.4066578492,62.6016334455
47.5160273249,38.8603658082,45.4339730751,52.1205710999,53.2405307309,61.1920678895,48.9266613046,58.7179930539,60.0828276527,61.1039509186
45.4498201874,35.988260415,42.6114992622,50.2167713923,52.5832575297,59.2396921006,46.2300018008,58.1304797168,58.6064603687,59.0029899608
44.4299935232,34.4730092411,41.0282012577,48.6194171995,52.2476794054,57.2565229618,43.9548853746,57.703326841,57.0091747938,56.8730908801
44.7415332705,35.9876700484,41.8302192659,48.5061460052,52.7480948217,56.3621932934,43.1272768684,57.6663972716,56.4970606711,55.7714620501
44.2447869314,36.3435757811,41.279208916,47.8048335013,52.2616423583,55.1820536474,42.9387995565,57.1769207868,55.1172706562,54.4619310177
41.8354818035,34.8753953528,39.6403573917,46.3107924658,50.7248552328,53.7718135224,42.0684292302,56.2648959929,52.9827311643,53.3892243431
43.9530092179,39.6529120925,43.5740445532,47.9606004776,53.0347694982,55.6109622806,43.1239576709,57.306305349,53.6565778626,54.2504283631
40.4175975147,38.4061177833,41.6562054475,45.9308314593,50.7564689489,55.2399061816,43.2959541962,55.3031651695,52.5413561063,54.4668580299
34.9054428192,33.27222913,36.5818427887,43.2827330215,47.3208962774,53.9314717292,42.0336039223,52.8319742592,50.1885805141,53.8266779058
33.2243722156,31.5312068852,35.1164582867,42.2597254375,46.8453139288,54.1560397428,40.8067974019,52.0294153877,49.6625152032,53.6143205958
38.7525944379,38.762603841,41.4868631511,45.4993594374,50.9575891746,57.4499776314,42.2256266772,53.5903723527,53.5014706864,55.5218353567
40.2217483823,39.5277679117,41.4128214092,44.9535566899,50.6932223646,56.8865517976,42.510223045,52.6303294436,54.1644189383,55.4267503404
39.5820370632,36.0613185851,38.5706904553,43.4979831804,48.6835120148,53.4311614196,40.2628799116,50.9300386577,52.4804735328,53.4863063523
37.6343369184,31.7172099585,35.3690160174,41.6691605141,46.3087030097,49.8753650999,37.5277058726,49.8273582853,49.3829682195,51.078942542
35.1026904547,29.13935608,33.1365447346,40.6896460364,44.5926494737,48.0351555172,36.4572351223,49.5109455677,46.8661525482,49.3665655951
34.6824123463,28.5968600512,32.5325963335,40.0396281788,44.2534764479,46.7520199446,36.1402824258,49.3118944373,45.281470322,47.2653689147
34.0763240343,28.3978642886,32.0680106684,39.6105073949,43.8957335213,46.0804019791,36.3205193527,49.2619488118,43.9035156576,45.8755250453
31.8695217714,26.8219172935,30.626358938,37.9296738919,42.7617065488,45.1588628233,35.628726628,48.4005013019,41.7906088651,44.5235804436
29.5699633006,25.7061901941,29.2365943767,36.6120540763,41.2186356268,43.7508119017,35.0710689611,46.2595028502,40.6628399943,42.9683505155
27.0829770337,23.1251625538,26.8652042594,34.2713651165,39.6582340844,42.5957135013,33.529802041,44.7739444583,37.9454571502,41.4132922909
26.9750612018,22.4435143699,25.7763226994,33.1785407279,39.0246409042,40.9697089267,32.2552452869,43.0883813308,36.5029109685,39.122005359
27.3992058839,22.0601565588,25.1400014051,32.0929437978,38.2643631253,38.8686594331,30.752589795,41.4553260643,34.938999729,36.8596582084
29.4601884564,24.1348615643,26.5059106866,32.5813959601,37.9532075684,36.4048334647,30.5394542303,39.6768714229,35.3319601349,34.8527428531
30.5393305595,25.4758581578,27.4700852095,32.8716299488,37.2780084391,34.6866121677,30.965010371,39.0158340719,34.3603752621,33.7347452165
32.2482878996,29.0028219461,30.1777583451,34.5650541304,37.8579022883,34.679871147,32.9502351605,39.2249104307,34.5706714414,33.7922283823
36.2053020496,32.5341825065,32.491416624,37.2021817365,39.7872590571,35.6326448481,36.0952357672,40.9635797466,34.0622967307,33.6532087021
39.0237849967,37.1284577642,35.5762368476,41.9503320595,41.8088416633,38.2277865486,41.3032749389,42.7128598597,35.8145530811,35.4587046162
47.0438889875,48.8925551633,46.2700531539,49.9895091328,48.1152405766,45.7758804726,48.4981704334,46.8427499991,42.3565569359,41.5235804068
42.3112260974,44.408519974,42.8231221854,46.9417898205,44.5443932808,45.8746701527,50.1113130886,44.5463978709,42.3730512154,43.8238993016
36.7934249027,36.928116814,38.0815591804,44.3224102253,41.6375389514,45.5853441744,47.8258886254,42.9635981541,40.9524727015,45.1402564362
32.6242030387,30.9234908626,34.29468485,41.3293760049,39.4211452349,44.817943558,44.5688994491,41.2957746755,40.6012926909,45.1821363401
29.212054544,25.1533383007,30.097997631,38.3739741726,37.9933577546,44.7151759074,41.0550920944,41.034279783,38.9211096895,44.6925803947
28.8858732404,22.3475666838,27.8516790003,36.6471323271,38.3417181224,44.2608383975,37.7937914478,41.3262320598,38.2006010564,43.0113723478
35.2920449131,30.6293969374,34.3167619921,40.9525462816,42.6944496511,45.9107199612,38.9558838718,42.9086005614,44.083403994,43.7312632519
35.807403494,30.4785578539,33.8176276733,40.1304487326,42.3172766431,45.1606491737,38.9309446081,43.3166704433,43.8244998381,43.8061528877
39.4305495248,33.3072323325,36.3220502711,41.5808949419,44.7347939511,45.3292134578,38.8811421162,45.2301386515,44.0088793919,43.7817056919
35.5794253082,31.1423058557,34.0113718927,40.4983566951,42.114475085,43.7401889646,38.8410203175,43.8474378608,42.7629862018,43.6187826265
32.661970846,28.4910747553,31.5476495046,39.6032937257,40.9598923689,43.6874152381,38.8080128056,43.910785458,40.7108018946,43.3629122269
28.9241660198,24.9802713198,28.7013274657,37.4485846325,39.4982634607,43.6400037574,37.6389737795,43.2791396012,38.7881653023,42.9496284739
24.8244833371,21.0226532079,24.9939297309,35.1231401342,38.4090171136,44.4643886328,36.1768809112,42.7191625928,36.1245774702,42.3573357949
23.2524464913,19.4319720025,23.4047166811,33.4847590224,37.3651351855,42.8143364531,34.1156020717,40.0825586071,36.8424674805,40.5344424783
22.3995428971,17.6937199939,21.497094119,32.3845182655,36.5960123274,42.0177434115,32.6115546427,39.3524330292,36.0172751763,39.4490008417
22.2318928221,17.790407809,21.3193856131,32.1651344772,35.9122370985,40.6355810515,31.8163308505,38.1800797564,37.3415157108,38.7050937991
26.741707203,22.688260136,25.4308988434,34.0265582358,38.970029092,42.2996507022,32.5161020746,40.393496498,39.2055125779,39.7056790106
26.4732493202,21.74619919,24.3226877697,33.1218398243,37.6569366164,40.5557246877,32.1320955308,39.6747334699,38.507118299,38.9562058836
26.4823905111,20.8865520047,23.7178276866,32.7834911812,37.1736594896,39.1794594196,31.3215841834,39.6858384827,37.1323675223,37.9927357174
25.3893945615,21.2587807106,23.9464356321,32.7960434572,36.6651752346,38.7931061122,31.5112472634,39.4312201676,36.724320232,37.9205085877
23.1225691094,19.5668754847,22.3879795541,31.5250251163,35.4701419291,38.3737722078,31.1993309554,38.8912745353,34.9760772361,37.4563699118
22.3210823021,18.8032979034,21.6478438137,30.8135085685,34.8484430136,37.6610634169,30.678446632,38.1024212484,34.3459887409,36.5319334149
21.9592183054,18.2443505437,21.1959111634,30.0535788043,34.1642995844,36.6991915861,29.9541174585,37.321978484,33.9101528698,35.6491996189
21.1901637387,17.3288264754,20.5194291356,28.8639246419,33.1678907722,35.4750739463,28.8203969019,36.4437794693,33.0927869724,34.7396282899
20.4176506922,16.7821698454,20.0079829668,27.8845585477,32.2203705781,34.2560086771,27.8895379988,35.5545122877,32.4202640961,33.8321236223
20.3770876446,16.629756115,19.7482755962,27.1291560607,31.7388391651,33.3163317555,27.1309893315,35.1880058052,31.4954643573,32.8631839823
18.9990229543,15.4274910344,18.417569429,25.8425371873,30.9270122993,32.821105042,26.0277941343,34.8984263878,29.2461974258,31.9675145236
16.2626489237,14.016259156,16.6290106419,24.3931778275,29.6130264169,32.2520003422,24.8445472509,33.2491337737,27.3030071583,30.8978173698
24.174646015,24.2303373423,24.6765094629,28.6402576786,34.4176695496,34.1170371314,27.5131153446,34.2451283553,32.7301784908,31.5631838652
25.270007321,25.234962557,25.0756664223,28.760412299,33.600432111,33.28556755,28.6363392233,33.728543863,32.0228202448,31.857913233
31.6306497656,33.2882499434,31.9394035141,33.2708181193,37.390112631,35.3394160891,31.9185359317,35.438985897,34.9550353449,33.6194028596
31.9380537338,31.4893534334,30.2818466364,32.9830266903,35.8379753565,33.8213633745,32.8354263073,34.9861315725,32.52794916,33.114440424
40.4010897303,35.8302704549,32.7694876644,39.7967482244,40.9567059618,35.9495787469,38.0722533706,39.8166415311,32.2644616012,32.6229326342
48.2071748304,41.5509189222,37.8493975281,45.6512816786,45.4757903283,37.2761114009,43.1898231136,43.0219616863,34.4427310059,33.0504665363
48.2947271459,38.4996515092,37.7941438972,44.5829600473,46.6056558497,38.2689558784,43.6440187617,44.6561532407,30.4740215041,33.7990640675
54.267609941,47.8969991089,45.5657291492,50.0907804936,50.4182020627,38.4785805005,46.9764957955,43.6332789389,36.2878904331,34.3104334125
53.463237382,46.2101098763,45.6104143593,48.6989918112,48.3333881951,37.3791877215,47.4317962207,42.7815331165,34.0039193082,34.9073129125
51.5266061016,43.5751709873,44.8393457946,46.8091072025,46.9777327112,36.7282025897,45.7833075328,41.6677693273,31.1851035485,34.7512372731
54.4718163677,52.1928037276,51.7089280751,51.5834908372,48.9407154709,38.3998184891,48.8744890215,40.718078793,36.831659722,36.709891713
47.4791593029,47.8188333403,48.4244924132,48.0368815094,42.9302079352,36.8951541507,48.8161403475,37.5110688007,35.9561488639,38.1575424687
45.1311298679,42.4002255412,45.2702864982,44.6723712012,41.380388687,37.4890911148,46.0013548761,38.1829294373,32.4007365829,38.278297754
43.4034676846,41.7095423273,44.9095976728,42.8621967927,39.5115043063,35.6583403515,43.1355374472,35.8136850835,34.0373278617,37.1208705634
37.5228851627,33.5709709034,38.1892767359,38.216003878,36.1661362705,35.2553912763,39.5666238575,35.1597020381,28.5508514103,36.1131381029
32.5299177912,28.2816922535,33.331484728,34.2871123497,33.3886515174,33.4115083503,34.9092981912,31.9871551648,26.1957364503,33.3555394806
29.6900843865,25.4094080015,30.2456882038,31.0898681527,30.7005118784,30.3561460974,30.5484918233,28.7274566852,25.6172314,30.2890851998
26.8973328097,22.5562334966,27.0549884547,27.9346225214,28.3816417085,28.5139806363,26.8207149448,26.582471358,23.4145325924,28.1537739487
27.4560703909,26.59026957,29.0047885454,28.7975347095,28.1319075717,26.1159127696,27.3810936103,25.0204046981,27.5608747068,26.6974998725
23.2777027879,23.4155767057,25.6699848637,26.9012603946,25.5790717076,25.0219349954,27.6775987783,24.8781828423,25.3068871208,26.8496863233
23.1973773746,22.9614437692,25.3322686225,25.7019757649,25.2693877583,24.5014320536,26.9447356483,25.2832103092,24.9262595575,26.3495904309
24.482243994,24.8588629718,26.6210341637,26.0716265227,26.4656847803,25.4905068922,27.2847237627,26.4966648631,25.398346524,26.7781926616
23.1879838681,24.2964625388,25.7696955386,25.3604052849,25.7765248968,25.086387079,27.064361631,25.9741057527,25.0830756081,26.669331292
25.7092779721,26.3496257403,27.3208123964,26.0999854958,27.1038846225,25.4345954904,27.2213410793,26.7844250454,25.7089466735,26.563613744
25.1640974748,25.5917392568,26.5553142435,25.5833844216,26.5013311651,24.863641222,26.754436411,26.4826282124,24.7790246626,26.2839800961
27.4537489722,29.3835165993,29.6377295688,27.2874186712,28.5373009691,26.205405097,27.8951713656,27.260896037,26.3520775552,27.1428595445
22.5513448537,22.9585897117,24.1992456928,23.9290767255,24.7215426273,24.7152262681,25.4070943121,25.0280166732,21.6841920337,26.0336257667
21.5606843827,21.985623896,23.0261199707,23.3909159502,23.769299545,23.4538395419,23.9225473393,23.2840550901,21.6701294851,24.4209954137
29.6646841793,31.6086071739,30.8774629143,27.5657723876,29.1908448976,26.0862659321,26.7281087941,25.908993693,26.5533227557,25.6872551235
27.3356224477,27.5998056876,27.3414958586,25.4525956972,26.2342402388,24.0484305447,25.7833308411,24.5699115606,23.3180808012,24.9478517884
28.2047432224,29.0427620675,28.3890957994,27.0590342837,27.3144565504,24.548670227,26.5968040011,24.7721458829,23.5124851111,25.0315818701
30.3748752315,34.664544448,33.2166150456,29.6053313945,29.3590781762,25.9453125526,29.2734028413,25.0269766157,27.0843788702,26.704550494
29.0344304421,34.2491170439,32.9125544416,29.5062900205,28.2612275392,26.0397613506,30.6611123457,24.636432079,26.9354806644,27.9535096624
24.5369684603,28.6296962635,28.5743470651,27.3607429572,25.2897449413,25.545941702,29.5473576595,23.4651752173,23.968479974,28.1439714212
21.6815590539,26.0368542652,26.3621782273,26.7893365513,23.8352901,25.2228804344,29.0716797205,22.5403576969,24.172775236,27.8976434158
20.5721239071,20.5283412433,22.585935966,23.4857431709,21.6184861753,23.7337839683,25.3713217939,22.1236103873,21.4202632923,26.0112395141
16.3396357258,14.6448991351,17.6084071667,20.2507941466,18.8234712336,23.5193887973,20.6579321134,19.8594924828,17.2310568704,24.0707317129
15.0002179573,12.7420204796,15.1454690733,18.4780898909,17.3261532709,21.4609834212,17.2410035723,17.5209092805,17.1720524626,20.8567054186
31.4713453331,34.0776731166,32.0237401468,29.544509158,32.0353360639,30.6945819254,26.0273969812,25.6647439215,27.6683723784,25.6300872453
28.6351988945,33.878526874,30.6248274908,28.6509215351,29.3027159697,28.3523103248,28.459277552,23.1613466609,28.7203376965,27.0021263935
44.2708957698,46.8547578013,42.947837102,40.3409512458,43.0477738065,38.4883549786,37.371423657,32.1829109595,31.3887016755,33.0975525339
39.0271140576,42.3935357471,37.3256184342,38.292502219,36.4611423169,33.3797395256,38.9642558823,28.0896584257,31.6224546916,32.2396182587
41.8853882013,39.8562965993,36.2220287339,41.7191594485,37.0497500102,32.7164428105,40.5887019875,30.6469218167,30.3671700642,31.9975910529
45.01087629,45.4685810701,43.5621464345,45.2720601009,39.3905044495,34.3770974628,42.6747503436,32.3232028283,35.6369101193,34.9313380143
37.2131996786,37.004119267,38.2055885707,39.6813190776,34.1613749186,32.7011143644,40.7786547854,30.9473174061,31.9940089444,35.5542543454
34.3339113981,33.8541839974,36.2659742075,38.4346185687,32.8435798405,32.3479640785,39.2764636034,30.9529149314,31.8604516408,35.3071501285
34.4209589337,33.2531934389,36.6111656043,37.2202301804,33.740019164,33.8477667779,37.9661646827,32.6283951109,31.8963063997,35.8616014659
48.5125306136,53.3426490086,55.2450775186,47.8614443019,45.820468939,44.564078585,44.2918084592,39.631387897,42.242132119,42.6816694157
42.0042826615,47.0766608939,47.3094304737,41.6855686446,40.1100433585,41.5144597514,44.274137038,36.349638775,40.1086237844,42.3690843899
50.0422760551,44.6579511801,43.9129283796,45.9154274564,45.3097401274,42.7858165034,45.4499388181,42.7988217661,35.3507450233,40.1043846028
58.4312017828,54.931712827,52.7098189352,53.5178054317,51.0249020018,43.5756803289,48.9629672189,44.4441839764,42.5258012202,40.9254121698
78.4075738197,79.2312931716,79.0173075796,68.6581300973,65.9039738039,55.7884843739,58.016333983,52.9676865009,52.8927051255,50.6019849328
80.197087097,87.6166050989,83.0496726613,67.9564628173,66.1027095023,57.7449268535,64.6659729015,52.3307725833,55.8834713763,54.1610053401
123.417485949,122.679731415,115.159834204,98.1509435423,93.3626097092,75.0954253569,79.085675874,69.3959693852,65.5565837576,62.5883501421
158.746288643,156.941350626,143.24689263,116.878591517,114.561017555,91.7033464173,95.7313134904,82.0347520664,76.7249671225,72.5707450734
206.582834414,204.361515436,163.807874265,143.909097831,148.631457795,111.554779604,121.433188831,98.0659563856,90.132134771,77.6539915881
232.887240264,227.940371253,177.965140087,150.070326653,165.042701799,118.244403386,136.177400526,107.45534068,98.7182270558,81.6917369202
223.566710887,201.320535631,173.457923834,132.610949004,157.250488953,114.993166194,129.666941439,117.254406942,83.8359522345,84.4104638146
193.8049852,203.608957083,171.607348019,127.959666489,137.493575855,98.0527022327,122.329611612,94.2862345164,92.9661170317,81.883479496
163.616386054,185.018060617,160.178240007,118.476413792,116.872449036,85.2311466966,112.386743741,78.5002105039,79.1004732838,78.1298487616
133.540939173,162.121800716,143.69471983,106.052984846,95.913054354,74.3183349445,100.714294236,66.5410773302,64.5968135002,73.1245322421
123.358981191,148.736989959,136.323731764,100.33252131,89.3760432373,70.9178363447,93.1124714373,62.3741636238,55.8795267101,68.8471164711
127.869985216,157.742084725,143.556362392,105.504689109,89.5008340934,72.0443160446,92.5480412064,58.4984644112,62.951938036,68.9482855739
107.384567984,130.900666602,118.496168239,85.9757627836,74.5087645896,69.0316223874,91.2081701187,56.3468863561,48.9783239001,65.8267598145
107.094266075,120.468863351,106.048721266,85.3345834248,74.8869902442,63.649679265,87.8054738683,56.3839119443,46.6001277767,58.0771812994
99.5448778563,104.036554126,99.4938727719,79.1060902887,71.314244648,58.6307371051,79.9292283888,52.1349638402,42.5986875777,55.1580756775
77.3689016171,88.7778164,86.0902608587,69.1714286488,56.3452262465,49.132027581,71.5772418032,39.8620703878,41.7877369657,51.30105029
63.9601434552,71.8570464433,73.1641225965,60.7086297825,46.0290704883,43.0397875209,62.6583212396,34.4291571539,36.7538485402,47.3288860112
53.3790201981,54.499121333,60.5288590127,50.6240481521,38.4972863061,39.2849908794,52.9319162512,31.5392240664,29.8579859951,42.9117350649
47.455099651,46.1113659438,52.7409926939,44.7604964467,34.6312377701,35.1707562251,45.1077378576,29.0678078761,28.5536904226,37.6796163962
49.439634055,43.7003577281,49.2198257232,42.6529257789,35.8145970058,32.8492046211,40.8026038286,30.6005617615,27.6487601466,33.3315739882
41.5656448753,37.0691308886,43.4238373167,36.606871811,30.9924706852,28.4832515108,34.5217802967,26.6409550779,25.354888778,30.2426107454
82.0491762372,78.6545160598,84.0311470849,64.1320603225,65.5415130351,50.068222098,50.2652920432,45.6426625478,40.9579072423,39.9895279319
49.7538429555,61.1199644601,61.982740995,44.3179445545,42.602471772,41.139437598,49.8779903009,30.0000849566,34.8002010218,40.6528748044
65.3815117254,65.0652829186,58.0504444341,56.5942808777,50.7176016884,41.3990705069,55.9575001983,38.1186846107,34.3430608542,36.8252306261
60.9520909452,57.2119217077,55.3023580211,53.9145736577,46.0447368645,37.6731513331,53.2007074507,36.3815683179,33.4253690883,37.143959112
57.6031326304,57.0935799186,57.6448662,53.513407326,44.887286444,36.8952064915,51.0364851335,34.9101637825,36.0786421592,38.3518481261
58.8570853094,63.2260135077,64.1431335805,55.5967031557,46.7784557145,40.1007786291,52.5994097977,36.2066587784,40.7072227734,42.0329148301
46.8632432475,51.2517524375,53.7439453257,46.9567480814,38.6057532574,37.5570336432,49.4761195036,33.3689722118,35.775187443,42.0158749209
45.2400902978,45.0003055084,48.1195387251,44.8818104748,37.3718961709,36.5348059377,46.1363515488,34.3678865345,33.3070321704,39.6965758754
41.066159305,38.4174232725,43.2497250038,40.9725673839,35.1955573702,35.0388034805,41.6606575926,33.9052841844,31.1562504429,37.7892146947
38.9077776998,37.9358180282,42.7493967784,39.3129322663,34.8585392942,34.0016008405,38.8631872808,32.7787807814,32.8668857963,36.5942277975
30.7558388486,28.4847100986,34.3878457355,33.1283551073,30.8328208427,33.2431169455,34.4440932946,31.2806895041,26.6407450357,35.1244602063
27.3954883113,23.1956133292,28.8494692861,29.2867104628,28.9921354603,31.5997253542,29.2049123167,28.6943107104,23.2346270741,31.2227045213
25.3239910541,20.805084887,25.4654345854,26.5929406562,27.0372677814,28.6958291125,24.8058492472,25.410275985,22.2937699428,27.4992340189
28.1581675777,24.1949670305,26.7819055401,27.0974699458,27.4774378078,25.3835210189,24.2455263523,24.6225521744,25.3764953751,24.7111989935
28.1117053349,24.2638634093,26.4566053181,25.643105708,26.6072494127,23.4667772429,23.551179685,24.7866186526,24.0057866653,23.8096859269
26.9980064384,23.5749746498,25.3507300489,24.2331824487,25.4201962145,21.8156952871,22.7273088081,24.2985912677,21.9930456582,22.5617873872
24.1371792211,21.6373255957,23.1664878349,22.5656868814,23.4415650088,20.5290758828,21.6807488638,22.8093054992,19.4916552706,21.2801003549
19.3708718402,17.8731442121,19.659236048,19.4352935,19.7896725322,18.9305693735,18.9845692148,19.4464955117,16.5743642308,19.6310357366
17.764702458,16.7932544853,18.0268922108,17.770764981,17.8551592699,17.183206913,17.3868978557,17.3448775,16.1092526843,17.6657508834
17.3708021042,15.8308517001,16.7646715143,16.1579468199,16.4478916764,15.6934569462,15.8647266356,16.3310370403,15.242797743,16.0759951439
17.0980979668,15.5527943183,16.0073530888,15.1894063479,15.6527521309,14.474721549,14.9880660846,15.6142291037,14.668490273,14.752554965
15.1062073619,15.8956124693,15.7927071094,14.7873464855,15.0482864318,13.0375871161,15.877621058,14.7392735511,15.1408762078,13.9909531282
13.7646927913,14.2377926022,14.1953939754,13.5734368743,13.8234639319,12.5812453466,15.4432278093,14.3992315914,13.2942365851,13.4566783863
12.7616091107,13.3982590177,13.3004335852,12.5991999594,12.8582966881,11.7460503465,14.7582283479,13.4840193466,12.780355149,12.6022759703
12.5235977917,12.5422699714,12.4164689082,11.6618490725,12.0278076029,11.1157478195,13.7240452075,12.8928093123,11.9826117999,11.7540582548
11.8830616994,11.9250750343,11.6896164497,10.7634171492,11.2278103223,10.3503791934,12.7604943455,12.0424361885,11.5038387035,10.9138022511
10.8523004174,10.9464567902,10.5267215303,9.89371924635,10.1522632645,9.78241206143,11.7216712174,10.9963163118,10.6338699814,10.1200109061
11.6643522858,11.0568190707,10.4726459688,9.03113416374,9.77099287977,8.83185127824,10.6135544689,10.5200019338,10.581869342,9.1009505506
11.7675768076,11.113032432,10.2450911431,8.48267197104,9.40318225345,8.0360162308,9.98969181486,10.057759643,10.1588213007,8.2965204986
10.7850845985,10.6027695062,9.57870605615,7.56307822625,8.42101671476,7.15944192527,9.18253266631,8.99262347189,9.43245011279,7.54623948352
10.102994513,10.6482336841,9.29901464175,6.98294176148,7.92635481899,6.21954933121,9.17224148367,8.32721634345,9.13528811092,6.75185520072
9.48008338198,10.0044017322,8.50339307531,6.38267402922,6.97535610125,5.70005485677,8.65963062146,7.55733116204,8.2211712583,6.16421737327
9.27082862394,9.48954487732,7.94710191714,5.45946774102,5.98047721139,4.96982390942,7.61739114803,6.64395808066,7.66626915492,5.39382924434
9.73565883711,9.57718370948,7.8582614116,4.87301760289,5.58523648097,4.30476044505,6.90438302353,6.21872591885,7.42116688447,4.64844066745
12.3262670535,14.4450029347,11.3530324118,6.55987137954,8.11689399363,5.69341433407,8.969687154,7.1429599417,9.84698038542,5.5439333548
9.90407899855,11.6215814185,9.13599984011,4.9819320589,5.44917790776,3.97076634127,7.54514736753,5.1140498186,7.94432791731,4.91290918743
9.09974053664,10.0004441536,7.7469140628,4.24899303216,3.90292925295,3.21063593429,6.40773606106,4.08208123898,6.74683998229,4.1758141993
9.2257600393,9.0103276061,6.97539837112,3.19552958335,2.7210065206,2.56563962547,4.75089042421,3.32779649252,6.09358833633,3.32227778761
19.9344263638,24.6384590386,18.9438527481,10.7162330698,12.7564165501,9.33074801944,12.2719771759,8.29650329268,14.3372008144,7.42621393061
22.9410524659,31.720264178,24.7945222923,15.4774754431,16.206721453,11.3916740325,17.8676392184,9.43247931077,18.3542188509,11.0953278062
17.3614078463,25.1059407473,19.9964813019,14.5377463424,11.7112259594,9.6741400667,17.9053756406,6.95009771391,14.6444442493,12.2232135116
13.3497535069,18.0017565956,15.4959807956,11.6364627242,7.29566542297,7.10403701717,14.8781618778,5.48707226674,11.6817279203,11.2651300569
7.52361411896,10.1239327395,10.0409507541,7.7415498578,1.90374889907,6.12375378725,9.9239464262,2.21715794599,7.91248916178,10.0484109329
4.49152167237,5.38326204254,6.15221071534,4.30397942842,-2.0194144887,5.55617401908,4.57322097382,-0.118794516873,6.42502889185,7.97693369452
3.96738450944,3.79876346302,4.26973873434,1.82539238833,-2.60171314769,4.92703953707,1.15731236751,-0.111878984549,6.75109447147,6.01103250337
12.5475163987,15.5917014371,12.3368110987,6.42319737335,6.6425382233,8.77692215421,6.68309366952,5.73029842902,13.6027701287,7.54298746582
8.51730366811,11.1135894574,8.16534003587,5.51680257541,4.38020927763,6.43113805287,6.09763957586,3.7064261532,10.5095014847,6.72964988775
43.2134932891,51.7493700942,45.3635399528,31.1233680604,33.6817491767,27.6597138485,27.8799106594,20.8688061342,29.2911499706,18.9993947126
30.8519669406,39.2090854588,32.2766721474,25.4576232966,22.7592759667,21.6038456798,28.7782619108,14.1348709898,23.1359814972,20.002263754
29.7938898038,32.5924555436,28.1547045537,25.7777789066,19.219395172,16.914079853,25.7045785319,13.4042852597,21.0044780675,18.7411920093
39.0702064337,48.3138200659,44.8975619166,34.4547638695,28.6510991955,24.0794458596,32.304872728,18.9919279583,30.4955472121,25.2720011184
25.6570166198,32.9563576841,32.5102063156,25.1934701245,18.9467470227,20.4730316748,28.7043879413,14.656067413,22.0249109136,25.4016090858
18.58056279,22.611099039,24.30105662,20.9859928119,13.6905522277,17.6217646031,23.2920466652,12.1907643789,17.9161793302,22.9016324077
13.3822314986,15.4642671759,18.6994165611,16.5312001596,10.2959252694,15.6615745997,18.3227563415,10.7520223006,15.7078148168,20.415177924
9.20181586045,10.4073473691,14.1708519623,12.3461576413,8.03708723092,14.0716982432,13.9729106677,9.66183285113,14.162529214,17.9793250796
5.2233632188,6.4969485996,9.75697053636,9.23150954441,6.27816531996,12.9903842483,10.7017782156,8.49398160079,12.4587199444,15.6771943492
3.11621261856,4.1422306735,6.46963763014,7.06578050389,5.25918864531,12.0184224322,8.08855231067,7.71775006454,11.400670641,13.362839329
2.94406683965,3.09372855405,4.14540504693,6.09615035123,4.83335743453,11.4752098042,6.00865162443,7.33697811196,10.4663668128,11.2532231249
5.02241203146,3.65958091982,3.59877899458,5.61394548867,5.60846189392,10.3862949847,4.62811568449,7.81734364151,10.6931307296,9.27630420152
7.84007347554,5.51398093786,4.33950470014,5.8520452444,7.21699461562,9.29595882025,4.5181738523,8.76655723412,11.078864429,7.80922504897
28.1545453437,35.9350466096,29.6443020539,21.2322694952,25.0529459044,20.6724913598,19.7777608289,18.6260671159,26.5398129155,15.4280631909
19.3579671235,26.6299564737,21.4565404352,17.4781256903,18.0415855799,15.965109136,20.3599002684,14.4970260803,20.7928949284,16.2416955418
14.695609369,18.7142088006,16.0446496472,15.6166735913,13.7510797118,13.3544615209,17.9992065896,12.2206615642,15.8345307363,15.6263962931
10.2025474058,12.4392405701,11.9897571985,12.217747933,9.58474803759,11.4352869098,14.1951387079,9.66869763371,12.7202769219,14.3248265411
7.78218359259,9.09902886526,9.59926641763,9.61350653006,7.55398600737,10.0382321597,11.5131573524,8.61665271287,11.5680875164,12.6753453587
5.30092615404,5.94222364117,6.77390904908,6.96528400795,5.26275806007,9.24752533105,8.32868117568,7.11745739826,9.71937713962,11.0742075563
16.110757988,23.12494305,19.9920570427,14.5121334183,15.619036565,16.1077045688,15.8990330911,13.1370002981,19.6492004316,14.8363725299
15.9768460266,21.5689936228,18.0642998129,14.7735073272,15.0223328094,14.4292088435,17.5509628295,13.1957030615,18.6846476436,15.2003500742
13.2205865856,16.298985125,14.473993123,13.2719700829,12.5178741054,12.1477731545,16.032742716,12.1857586968,15.4589192964,14.5194938145
13.0697755583,14.4064296826,13.6057036282,12.3140514504,11.8394847715,10.9583547779,14.8023392956,12.2309531052,14.2830305035,13.5604700153
9.12080521783,10.2605359646,10.3969755363,10.0523139601,9.17112130579,10.1499901848,12.4149624122,10.4821117043,11.3936604758,12.602010945
7.18365637238,8.09193823371,8.42603495463,8.16251732798,7.49993784971,9.33095862147,10.191568538,9.0389411675,10.3013538289,11.0808547291
7.77257019367,9.31707310441,8.78338917407,7.89214254694,8.04589400119,9.7703698769,9.69448986625,9.02293708206,10.9839367332,10.4905941948
5.40899773347,7.85190499202,6.87917558596,7.39198564752,7.14437710871,8.96359990581,9.61508035848,8.05037447376,10.2690995412,9.60910923772
5.53629079549,8.66137043569,7.24151358039,7.26631573075,7.67636611328,8.78905178701,10.1551382496,8.35512907101,11.0046707626,9.36480850603
8.9941700769,10.2473484408,8.58325497782,7.41899524404,8.86696424968,8.43862949673,10.1665828946,9.6256731676,11.5607555198,8.89918798443
10.2156256911,10.1065742611,8.56712691605,7.3421532403,8.95227331469,7.45521601956,9.71861654999,9.91303031151,10.7358094562,8.13564707157
8.68576940149,9.02901891976,7.51354310871,6.88213493471,7.83111969257,6.7292421923,9.09032826764,8.76381095599,9.27418508746,7.36684056521
7.61188985373,8.52316612009,6.83722304018,6.66715114447,7.03370088689,6.40939831774,8.89312077133,7.81069000544,8.55943678501,6.76214726426
6.80566663649,7.74787861466,6.1805018262,5.68796448336,5.93343424281,5.79068341491,8.01606794212,6.81097978013,7.99658055044,6.12162369734
30.1090670017,40.8289626993,34.6212591784,23.5328934477,25.5578323717,21.0691390129,24.0169670888,18.0451477474,25.3020697345,15.7040900567
20.1502492393,31.7554879039,26.0998350705,19.1992718035,18.0937155143,16.9132819676,24.57338938,13.0459818974,21.5449149085,17.6709312167
18.3395502568,27.2849056586,23.3100158373,19.4697910225,16.1637190141,15.361941821,23.9549140409,12.5523979843,20.0830091752,18.5981204253
18.3979554613,26.3838265251,23.7435752716,20.5027498398,16.6528059815,16.6237884437,24.68812757,13.9474399573,20.4488761582,20.4761562681
17.5901233857,24.1932271978,23.1251101458,19.3552698451,16.0566746961,16.7278423298,23.6268184989,14.4332086447,20.3914396677,21.2712158704
15.1418117563,18.6737970224,19.3635380411,16.6606669007,13.8816910479,15.6128972814,20.5446052358,14.0914049513,17.8260900833,20.4524868162
14.9512593791,16.3699234587,17.6184472237,15.7209938938,13.7121855035,15.0859873945,18.5443998774,14.6781065742,16.9409321211,19.0717803204
20.1704654622,23.155541737,23.0722733559,18.6020845811,18.2535646784,17.4106386536,20.5107817973,17.5235584223,20.8681316821,19.8278458813
25.2839812267,32.5488847925,30.7165430734,23.616106519,23.8148209854,21.9600372427,25.50788815,20.7911312579,25.5230582901,23.4149550385
20.4244634455,28.4439051817,26.7807092878,22.3357150055,21.2398212922,21.2436296557,26.1852235225,19.3103389636,23.569349988,24.5282399159
30.1339160563,41.2325581161,38.4506395073,30.1530311161,28.8943246986,27.896338451,31.6923293216,23.8490492379,30.4798421083,29.1739551661
26.4500946477,34.4532370956,32.256580571,27.5602151566,25.2179667929,26.2055794709,31.4846234135,22.7024991776,27.2932502886,29.4840018106
31.6417432075,36.9263160603,34.843994336,31.5543637125,28.3154700798,27.5624001573,32.8130727199,25.4094068634,29.2176185678,30.1735109328
28.2732037436,30.6644652626,30.87099695,28.8511866157,25.3123346596,24.9672097067,30.640070112,24.5381287577,26.9869430754,29.2649906617
25.55115724,25.7266363918,27.6169422236,27.1640128399,23.9389333138,23.8578022758,28.5602938069,24.8592622417,24.53651478,28.1040629547
25.8127193094,23.8343053212,26.6045486167,25.6513882011,24.0484397371,23.0864795721,26.4131256566,25.5104851868,23.3674591194,26.3244069996
23.7251105902,21.6347200465,24.8445790627,23.3975594733,23.0123314491,21.8205172581,24.094712537,24.764126807,21.8618215925,24.6224049242
22.3591387474,21.4599575317,24.1809938826,22.3101585009,22.5470831104,20.5869093783,23.3014367083,23.8059213168,21.7286417228,23.0986026724
21.4140125887,21.3565337545,23.4874817279,21.6054843215,22.2773068162,20.0784603783,23.2584635435,23.6583639783,21.0183492282,22.2815511149
17.3094805754,18.6365750026,20.6690106978,19.7551594202,20.3530324878,19.3761339523,22.517258533,22.3395628093,19.1496717839,21.6822235527
14.2442794925,16.0796356167,17.8953741914,18.249641406,18.8502002878,19.1520170047,21.5510212315,21.0666011282,17.5655988963,20.8401737949
12.1442561362,13.7420032727,15.4288277328,16.725736211,17.4456965174,18.7938299177,19.9863612155,19.6420546174,16.455891734,19.7728367501
11.1199053002,12.3544273658,13.7393373983,15.6793343412,16.5410528434,18.273328159,18.5698807545,18.47124877,16.1123653145,18.6702550703
10.6759861075,11.9720735584,12.8174290088,15.5923646299,16.3254876243,17.7314734284,18.3914305219,17.9746701547,16.4844692221,17.8493185791
8.70902920788,10.4017469396,11.2023393005,14.6464502282,15.373195378,17.2133165231,17.7905450655,17.2190710662,15.92535639,17.4256628821
6.66460895894,8.49364342962,9.28954619037,13.4743177704,14.2287818785,16.8530767711,16.7283509941,16.2723821661,15.0291917227,16.8847866869
6.71375832977,8.02798605975,8.57717603776,13.1844765024,14.0952092201,16.4746823541,16.2267012341,16.0692746732,15.1966804379,16.1566141428
8.92827050307,9.56509209214,9.70634287727,13.7021176733,15.1931432648,16.3990731172,16.4178766945,16.8834141234,16.3151219189,15.8255938255
14.2063524443,12.1543516647,11.8801149312,15.1143886742,17.3183177764,16.1181124875,16.8698409493,18.8228435441,17.1229247703,15.1422614858
16.2807717926,14.2940454864,13.9262794254,16.1293243248,18.4183462192,15.3803063703,17.7373825127,19.5553640216,17.6702170845,14.9607842015
16.0807487972,15.3384344732,14.8389965333,16.6973851815,18.5380629337,14.8293955841,19.0003695306,19.6305586071,17.1025896805,14.8705315739
16.6017147226,17.1930414287,16.5633326138,17.548878914,19.0934270611,15.0281377317,20.5648855645,19.8811540001,17.3661823903,15.376476722
32.0859915822,41.0510670291,37.685056216,30.3678425579,31.7799595333,26.419300693,31.2091922024,27.1098112839,29.3937947223,23.5316663667
37.3079628282,50.6421623363,45.6779172825,35.7377502383,35.454904799,31.7669174136,38.7600693478,28.8189568254,34.4206540416,30.3130848679
32.6123580752,42.4341748506,37.9193237325,34.0968716459,30.4673558602,29.2978858859,39.4492076479,26.7442434124,31.0349197511,31.3535668647
29.597492942,33.709034825,32.762809906,32.3458739414,27.2665339129,27.0928515901,36.2536488953,26.144659126,27.9510052341,31.0569778097
25.6089476926,26.8874990639,29.220064021,29.0096619692,24.5343203367,25.3403322871,32.0617767839,25.2472977561,26.1023812413,30.2879752962
28.1091405536,30.7899288383,33.2437961226,30.3311620449,27.4347397376,27.7947446802,31.9397048088,27.2637297077,29.1587270918,31.4346737639
26.8697155129,29.4626526402,31.8208795225,28.9413992868,27.0604806604,27.8772040061,31.3525276122,27.534394044,28.8228953692,31.4619810796
28.4592234735,31.4188672437,33.2749903055,29.9251297894,28.9418922584,29.3378447252,31.5637750941,28.9654220805,29.913975347,32.1264785184
26.2104300766,27.5413382816,29.5729978284,28.0563163534,26.9766961462,27.3287249646,30.1790963225,27.9320765025,28.1553049858,30.6205634909
24.9531674412,25.0238788246,27.4842528312,27.2939964974,26.4642958237,26.6541038839,28.90790225,28.2235448792,26.6682802175,29.6603497479
29.1463339609,28.6876770185,30.4182296479,28.9427407404,29.0681781909,27.1620032313,29.4508418691,29.6796140774,28.3379270162,28.9955677726
29.2923127036,27.3312320783,29.5064968789,27.5437981135,28.2818704189,25.4180349,28.1281713558,29.4856880087,26.8487653576,27.7066747235
27.9095569875,25.866165142,28.3170810084,26.333829656,27.3037476694,23.9323136523,26.7921986331,28.9658609811,25.0172273509,26.4250068204
25.3778681844,25.00232061,27.5162222755,24.7445231829,25.812478601,22.3679778302,25.7921327438,27.3310992329,24.0900689789,25.3026187212
23.3212840559,23.4082931763,25.8556807957,22.9743798113,24.3112470256,21.2067217567,24.8330571685,26.3194815569,22.2523581577,24.1428882029
20.2964055677,21.6363603143,23.909215179,21.346784097,22.5541679049,20.1529313245,24.0683023743,24.821554789,20.8922476738,23.1779385526
20.3709760125,20.4652805625,22.6998438284,19.7547243606,21.7578931832,19.3221467462,22.4899374131,24.2587020046,19.3929588255,21.7223671703
19.8757903682,20.9805633411,22.4953061102,19.3518548663,21.7244917615,19.6585961935,21.8295796167,23.6825897772,18.9554077802,21.2777226237
17.2584875007,18.1028499576,19.3942855802,17.5306284557,19.5808290549,18.8718825038,19.7960422297,21.4343069141,16.6287516583,19.9402282069
15.5233054338,18.3607132907,18.8304493194,17.3196539253,18.5612180713,17.3840630784,19.8310277945,19.0880765429,17.7861207351,18.7697842024
12.4421966051,16.0139912481,16.4189173028,16.3136244584,16.8353713379,16.449897118,20.0157960836,18.0225578139,16.6983260146,18.3740877628
10.3945545997,13.9216425343,14.5470884175,15.3006740045,15.6337802046,15.8374385869,19.7890790378,17.3941471442,15.9683528183,17.9034451728
9.19389352311,12.4724216567,13.2673040208,14.6094529988,15.0148544404,15.6414261965,19.5237994718,17.2154821625,15.6453079816,17.5623172415
17.0509964675,21.3983851046,20.3820612207,18.9863750205,20.4228752537,19.6765289541,22.5899363742,20.8262268428,20.5315426374,19.6016169423
21.6556384139,26.9329448518,24.8669613242,22.1800947825,23.4697543047,21.8834182899,25.4500657033,22.5749964637,23.6466543238,21.8581787902
21.5314134318,28.1179156458,25.981399846,23.9702819382,24.1368421393,23.29994773,27.5084621103,22.901287685,24.5824992651,24.2546683948
23.0894174993,29.8157844009,27.5686117778,26.235806009,25.1738878042,24.4313872064,29.6237806461,23.600610577,26.276089665,25.996230506
28.734809425,36.5767236663,34.0411038867,31.3514623263,29.6431051003,29.0665279899,33.6623897099,27.0242770316,30.2607757327,29.9913669491
29.7707575767,32.5312472688,31.1683489304,30.1325485844,28.2011824676,27.3022045942,33.0325356395,27.1682968327,28.4757892868,29.3000652184
35.7464184445,37.0940982977,36.1238286237,34.2662463562,31.8270941475,28.6202610714,34.3608104886,29.8628625267,31.2161868999,30.3579293626
30.0352345855,32.0851641953,32.8920577649,31.8115335964,28.6066562363,27.0982745885,33.5791077477,28.570475335,29.1681750336,30.8134758067
30.0104480223,34.4035111158,35.2734907582,33.4681249585,30.2137136406,29.5212126393,35.1187315183,29.8518104734,30.8711254713,32.6500664466
27.0577663058,30.077440921,31.6130024415,31.3184065331,28.2807812897,28.9285409985,34.6422996381,29.3654626903,29.3300858798,32.393879265
25.4372861683,27.020281004,29.3968275294,30.5611863818,27.5633488304,28.7489413148,33.6412175971,29.554942314,28.8163921217,32.0886670778
24.3297902446,24.3488435569,27.5078397901,29.4417704568,27.2739226187,28.8239792903,32.4262859444,30.1514458506,28.1757077575,31.6457736544
21.405214392,21.9568243521,25.5778924885,28.0407373088,26.519839201,28.9840798955,31.2211111069,29.9051612935,27.9681049601,31.628304311
20.9355914223,20.3013476544,24.1725953218,26.7090662174,26.4820175039,28.7103933275,29.7439776347,29.940766128,27.7559464059,30.717189116
22.0754498604,20.0062036389,23.8070119157,26.1604498177,26.9732276461,28.1043625504,28.4193649998,30.2835300888,27.8420202246,29.5845997302
20.8431103004,19.2857274561,22.7678524671,25.6777904285,26.7661219191,27.8217229962,27.8394733878,30.4047029279,27.3984555926,29.2156613676
20.480428071,18.9372546586,22.2470156171,24.9556774694,26.7575016369,27.2847935854,27.094153606,30.23755614,27.048931976,28.4675589409
24.9028489436,26.4303077343,28.0346121521,28.3268875046,30.7445157028,30.4831793028,29.5634440737,32.4389195189,30.5345248074,30.4123477634
24.8167067344,26.6809692242,27.4684109915,28.6016917134,30.3542046984,30.3491226095,30.8472070241,32.0342735568,30.5719632931,30.860309667
23.0814376138,24.1778850733,25.407270543,28.1655602026,29.1205520686,29.6308660995,30.6225073924,31.5242099277,29.3038348419,30.8738954737
22.7779695258,22.1850334631,24.3540502665,27.0486872949,28.3607154413,28.5098581453,29.1904462482,31.0272658621,28.3945354361,30.0721572241
22.142876156,20.9600763482,23.5341000579,26.353411564,27.8162419542,27.8721849281,28.2180773362,30.8724910456,27.5865923496,29.4726639783
19.577450896,19.2026464031,22.0458521049,25.0185748927,26.6941827637,27.4617331369,27.2436474023,30.1650760402,26.5206102927,29.1578058454
16.0494883502,17.9119190988,20.4928211332,24.0622828533,25.5584949197,27.7058308704,27.0735279196,29.0421630123,26.2311698874,29.397209069
13.2699501843,15.6213326364,18.1244559478,22.7824791792,24.2810530396,27.6038721114,26.6156808231,27.9812710509,25.5946522858,29.1223284015
10.7667027879,13.1834519741,15.7900812327,21.5954720709,23.1589380318,27.630378833,25.8357929276,27.2437455737,25.112884687,28.9737189326
12.8775162936,13.3676404186,15.9770760776,21.3888857142,24.0378055672,27.8543790257,24.8032158999,27.8622782814,25.7501290876,28.2983551437
18.5947180853,19.5294045176,20.6774274732,24.6709031806,27.8409130614,30.3189509285,26.4761337622,30.4293521951,29.0876729378,29.4542625992
20.2199637687,21.1410180697,21.8134187837,25.6699615023,28.5730906537,30.4189958125,27.4189379363,30.8199473695,30.1460926584,30.0631220878
20.0990987024,20.0910560289,21.1521218007,25.5502133354,28.0915464738,29.4074173455,27.2108348428,30.581419567,29.5391974129,29.883380789
19.6776922336,18.8389360114,20.4910152986,25.1007319497,27.2540795335,27.8912555411,26.6935684449,29.9814313321,28.8224846555,29.1102086386
17.7568422798,17.2205301457,19.2791327667,24.5002701304,26.2981767993,27.380684189,26.5652060187,29.9016101904,27.4484224221,28.892488002
16.4563486024,17.4818281412,19.4141956769,24.4920372883,26.4001471331,28.3177048704,27.0807470792,30.1268316484,27.310354234,29.3924467142
20.0602520353,22.393028538,23.4873043497,26.3178035033,29.2520588977,30.8586335453,28.4789321607,31.5768178717,29.6852259967,30.7024162926
19.968945704,23.3053377587,23.8784722081,26.5729661666,29.368326456,31.8457615826,29.1742647526,31.2931380351,30.0354597489,31.7911593386
19.8994794163,23.927346467,24.1834183096,27.3053655295,29.3583414825,32.2563284313,29.8299398944,30.6650263449,31.2071444685,32.7184060368
23.3100505626,27.2510029036,27.3655472314,28.9040467366,31.10618975,33.368457737,30.5860161583,31.413656876,33.3703204839,33.9284075211
36.0399191007,40.121090021,37.8496170831,37.7128840248,38.9722085068,38.9621587874,36.6853088536,36.9666733125,39.0906150828,37.2862313773
42.2957393015,42.5174588915,38.5987376175,42.0477837738,40.6593692914,38.8764744525,41.5962779413,39.1507642232,39.858839934,37.3294493126
43.0529164974,40.9170608062,39.2153478273,44.0522626569,40.4930152093,38.1403678058,42.8744855481,40.4414484938,39.6668522972,38.3562293667
41.8922391242,39.4266300739,39.8738741823,44.1827697763,39.926151786,37.7345078693,43.2822516572,40.7964459768,39.6934638548,39.1364534847
37.7910031255,35.7269909741,38.3805819322,42.0324135866,38.0880870262,37.5485616441,42.3404787006,40.6042598677,38.4556636571,39.9655035062
33.9286480228,32.4522186586,36.5243025189,39.4747129632,36.6838615724,37.7319085794,40.765417063,40.1412591721,37.4714001631,40.3139528487
32.7605203,30.370316899,34.9841232424,37.5672895139,36.2533529272,37.5548412509,39.0656188683,39.8787590702,36.8865347648,39.5502933525
31.9641477634,29.104779898,33.7750732675,36.535467593,35.890751606,37.2183545869,37.696910536,39.6629438551,36.7337283698,38.8988843497
30.8715973393,27.9019983681,32.6339358831,35.3479736282,35.4100611243,36.7269435413,36.3414698289,39.3681027837,36.401318332,38.3175124395
27.4485434901,25.4843798765,30.020577758,33.960722507,34.2504035971,36.9353274286,35.4967129932,39.1784243698,35.1798168329,38.3775327133
25.6168333731,23.9303232112,28.2203660928,32.7804533322,33.7538856344,36.8603186775,34.6134771556,38.5316800868,34.713343289,37.6969343264
25.9646292597,23.4114605574,27.7683916425,31.642565773,33.8089929123,36.118328215,33.0077009449,37.9122179746,34.8267436217,36.6842448144
24.7313111658,22.1217859273,26.2856208579,30.589030344,32.9215876559,35.1658097817,31.7688190308,37.196989378,34.1766299279,35.963259898
26.0901856918,23.2356112603,27.032567016,30.4036385272,33.8176339449,35.0504764564,30.8885179599,37.5833848195,34.1079952878,35.390773471
28.5716785972,25.1527092181,28.02732675,31.2513812562,34.6757762348,34.2564063138,31.0826433033,37.6803529568,34.36011025,34.3093535422
28.2177049378,25.4602273511,27.7338083594,31.9922340151,34.4390390925,33.949197591,31.9777195936,37.9374385659,33.5138972292,34.1175161026
27.29678305,25.1526466803,27.5747945286,31.5728562909,33.8230408798,33.2141013883,32.0215619243,37.2474079058,32.904094608,33.6840394196
27.8137957182,25.7521697045,28.2060434561,31.4639297323,33.7772003456,32.6696269324,32.0182083472,36.8541900301,32.7050370007,33.2023252566
26.4521148395,24.8459739517,27.4866305274,30.6416620389,32.6647221845,31.9354328553,31.7069802972,36.1151883012,31.7520584151,32.9034242154
25.3935319815,24.3956827114,27.0541378703,30.0994857253,32.0582610703,31.7298174998,31.5278819929,35.6299838072,31.1090598744,32.720238926
24.6226784176,23.759187077,26.4955508632,29.183216975,31.4043493199,31.2891353632,30.9095956301,34.9148031526,30.3912739108,32.2249989123
22.5797031007,22.4539562156,25.1294353427,28.3663974764,30.0373185431,30.541215761,30.5377590496,33.6226040844,29.8914587184,31.8194127818
20.30630563,20.6760847052,23.4099382796,27.5113166045,28.9095541555,30.4382923486,30.2567566656,32.981391194,29.0808585613,31.7434794807
18.4955555922,18.7835278687,21.7351122243,26.392568047,28.0611232426,30.4326024886,29.5187724781,32.4475797929,28.3860951028,31.4988668557
18.8390264116,18.2164364575,21.1823937006,25.9205705285,28.1252294255,30.3314023862,28.7208548979,32.2827931509,28.4106489479,30.8562065846
19.5609122285,17.6860144212,20.9136534391,24.9324247765,27.9017050224,29.2862896375,27.1526787173,31.7482769447,28.2859960486,29.8223444243
20.7075395151,18.7558573621,21.542589058,25.0318544474,28.3495168738,28.8760762765,26.6129387197,31.8549445006,28.2980178556,29.202601025
21.2366717584,19.9800379819,22.213981006,25.2937658655,28.4909113879,28.330313014,26.760162051,31.5494958711,28.4386395433,28.7669670681
20.0374006858,19.527906205,21.5224577209,24.9543609992,27.7316217696,27.6997980289,26.8732471288,30.9825625518,27.5428110202,28.4526744332
21.774613156,20.8998316732,22.8069878411,24.9164903555,28.14637595,27.0444526233,26.5963997619,30.7200271651,27.670230151,27.7657952696
21.9375902776,20.772303898,22.6373502323,24.3125590192,27.3268308311,25.6809897863,26.090311073,29.9720209164,26.5776721839,26.7810670572
23.6196499587,23.7045113962,24.7463410159,25.7363323858,28.7868668391,26.8794342807,27.2553126399,30.9962838149,26.6553037092,27.2778278276
21.3590235033,22.1092662998,23.1100773759,24.8292078995,26.9956527275,25.6400636994,27.1995672252,29.1920608967,25.4082343478,26.6234580639
17.9194337923,19.9805056041,21.2948708041,23.7914255709,25.0066045166,24.7442077479,26.9084699959,27.3565363627,24.4475026314,26.4121711657
15.467515368,17.6717129711,19.3678487807,22.5297077397,23.4386500772,24.1990933988,26.4209660889,26.2102569015,23.4607995632,26.0336681359
14.8122761009,18.4626288671,19.9043046001,22.7308090461,23.6813483453,25.5292406864,26.8519038889,26.2967748928,24.3900406734,26.9326719948
23.5008155361,30.0835177486,29.5390684724,28.6795163181,30.0953156533,31.5032531311,31.1625032817,30.1723070486,30.860352588,30.6908760294
21.3978870248,25.8942419106,25.5296121632,27.0340079326,27.4778451979,29.9305350845,31.1970171198,28.6948033241,29.6346385835,30.8602838954
20.3383247345,22.2202410147,23.1484830971,26.5145564261,26.3870549043,28.7168853398,29.7241175588,28.4032545573,28.5086916578,30.5258467296
20.5709354347,20.1915844734,22.0162816934,26.259471056,26.176549745,27.9178845615,28.7452842713,28.7916334989,27.8982708963,29.7331378806
20.5644454135,19.2019660819,21.6476612633,25.9816826427,26.2299577544,27.4540312216,28.0556413037,29.2846700779,27.5994462644,29.1522409181
21.6399577047,19.537767865,22.1001972335,26.1695388919,27.0244861747,27.4224426244,27.9075256179,30.1940749956,27.5300638029,28.5779775146
22.6786685229,20.8734703324,23.2128592618,26.7538635381,27.9227565673,27.575369998,28.3313052448,30.8741393391,27.9819794746,28.3934897245
20.5939092375,20.649366641,22.8028926552,26.6242259537,27.5285806128,27.9977334427,28.9742347748,30.7931818048,27.7088038862,28.9794411025
19.2107357439,19.7661196102,22.022084211,25.8823596595,27.0535916301,28.0374648655,28.8928630369,30.3053344353,27.3590817156,29.0018478477
18.5202745025,20.316604416,22.4162213402,25.7760623585,27.2003813494,28.9121461425,28.9853970237,30.1745447824,27.9853629907,29.7857895488
17.3788694558,18.6969215936,20.8268120878,24.9574843346,26.4077203384,28.7377058674,28.5470740167,29.6270325693,27.4874412706,29.6770418076
15.4540484694,18.6236504465,20.4858761571,25.1144721361,26.2973337669,30.1085108647,28.8206014731,29.5497754007,28.1671853352,31.0231864934
14.8085086731,19.9337696237,21.2592204577,25.7338961006,27.1096419239,32.5105132026,29.6855538777,29.8914975719,29.9187917632,33.0123862531
15.419176924,18.3876009307,19.9735551338,24.9121104388,26.850751415,32.2146325427,28.7108330768,29.5369615798,30.2959184923,32.8212798306
15.7449934239,15.7397098861,17.8470587021,24.5436195284,26.2878631424,31.1646854575,27.3824764315,29.6897967378,29.5884953781,31.9341048272
14.1095432735,13.2940869552,16.0097597981,23.7823692282,25.532167688,30.4712022237,26.1404596851,29.6842738491,28.792176872,31.4430917676
12.9670705095,11.9148334681,14.8643773941,23.128115597,25.3530038857,30.2575300071,25.3332747644,29.8237838124,28.2744919187,30.845782565
14.8797975472,12.4587303739,15.3400919352,23.2816890646,26.3311413786,29.9065622153,24.8565058923,30.4984373742,28.6034731341,29.7529491674
15.781813146,13.0278905359,15.8258223662,23.1305849149,26.7371840977,29.3340024761,24.3635912648,30.8565649325,28.5655478622,29.0992787231
16.9137345689,15.1288152026,17.2697044289,24.0107697927,27.7712756629,29.661342448,25.1030091688,31.5452743053,29.0813319488,29.1543417853
15.4793285062,14.4349010462,16.5130480705,23.3722852016,27.0145897752,29.0630371147,25.1238629502,30.9862195831,28.181247713,28.9317048866
13.3565304611,13.0699838169,15.2376618449,22.4581547488,25.950260762,28.4969194593,24.7885804925,30.0931591977,27.1007991073,28.6260689461
12.8406238938,12.3352131251,14.5781223848,21.7613264505,25.4673345149,28.0008318392,24.2631556695,29.5317583507,26.4518495727,27.9921786998
14.202489212,12.3141847879,14.7380163692,21.0702443685,25.4388004797,27.0503804104,23.1368700768,29.2686393926,26.035585506,26.9031398729
14.5550816619,12.1045167959,14.449384388,20.3658448304,25.1588376172,26.3084178848,21.974854423,29.1651062977,24.7959941856,26.0045134013
15.0688152306,13.2229532449,14.8981509608,20.7616904588,25.2227790134,25.6017014917,22.1445934932,28.6421883496,24.5517544407,25.035507258
16.3009561252,15.0092299951,15.9849214164,21.7409406423,25.8558137362,25.6005674795,23.1361504308,28.8274326104,24.5188044682,24.6681457225
15.4335861495,15.4262708942,16.1005674429,22.1449472408,25.3340806435,25.2999851045,24.1891531229,28.1548090683,24.3120998897,24.6708890663
15.2017619206,14.8836268273,15.8662586823,21.5703494258,24.7971434711,24.896455641,23.9998384232,27.6634908955,23.4301724889,24.3639090464
13.701754273,14.2482270057,15.325532366,21.1311549802,23.7031309563,24.2866388353,24.0124422491,26.4743947293,23.0990552825,24.1670587949
14.4223536805,15.6048731243,16.390842773,21.3472545614,24.0231000717,24.7801543906,24.3367723924,26.3731049397,23.3965140402,24.3144128193
14.0596909419,14.2721779798,15.3665621135,20.4417256958,23.0390893424,23.9900000254,23.5360809838,25.591419203,22.5249621155,23.7855798145
15.0948773741,15.225435838,16.2127214989,20.7774264762,23.2928051633,23.7419525905,23.3933572075,25.4084588922,23.076893338,23.5764645231
15.3604680951,14.9839838129,16.0844555676,20.4446920785,22.9513769406,23.165847638,22.9795715859,25.1986551193,22.5772512295,23.1949361172
14.4876748369,14.2010768296,15.4852105737,19.87492301,22.1246744916,22.2436214208,22.5067450738,24.4795999444,21.9692803109,22.6573864198
13.1170942869,13.4899292211,14.7857442256,19.4999662394,21.3915138768,21.7646986631,22.5233816301,23.9432357426,21.3701050962,22.3448125778
13.7797990224,14.1167381542,15.3002120161,19.5530498914,21.631554041,21.7753841542,22.6627118406,24.081004102,21.4497045405,22.0900921873
14.088575471,13.9544716284,15.2533655322,19.0065469254,21.349097742,21.3130642754,22.1193694556,23.887329593,20.9895391196,21.6384395287
15.6452910617,17.2277308844,17.6668848127,20.601570224,22.7873060847,22.4793819057,23.5290258184,24.5314124472,22.5770437105,22.4433644707
13.8130555608,15.0777550809,15.8743945825,19.378343565,21.2728878459,21.5930605648,22.9773589837,23.5138113081,21.1142143005,22.135706679
12.8044345286,13.5730856699,14.718394227,18.5917519054,20.324338705,20.8071645655,22.1042454545,22.7030421504,20.2537098127,21.517068296
11.2734889087,11.8066258575,13.1515430236,17.5591971592,19.2651163128,20.4160251152,21.0258684008,21.9842096572,18.8830764152,20.8803928773
10.5212247613,10.879186022,12.3634208702,16.4281119926,18.3280413283,19.3366594174,19.795879732,20.7618497581,18.5793851002,19.8024547039
9.61180608828,10.5283914001,11.7635501831,16.1364875504,17.8427907834,18.8110791167,19.7226747848,20.2787512532,18.4458543476,19.289429224
9.7359699788,10.8550399236,11.9287996926,15.824341657,17.8833838702,18.7171691114,19.5628471962,20.3022686209,18.5206324549,19.0861272147
9.33057786279,10.649876956,11.5011098298,15.7410957098,17.6667377293,18.5034205183,19.6753602682,20.1998136133,18.2719544813,18.8447668059
8.13079662094,9.6850869163,10.6206945446,15.129427009,16.9998824607,18.0750489053,19.357156173,19.7030115781,17.7151077853,18.5587537761
8.56296258911,9.34097081622,10.3315852946,14.7137587829,16.8830106941,17.7634089483,18.7613691197,19.676000285,17.331109521,18.006267382
8.57335314245,9.06552724322,9.95737502074,14.2067947969,16.6624505415,17.7196447795,17.8399481698,19.4918778791,16.6983717185,17.613356192
8.29596100224,9.37999945884,10.0815434506,13.9036099826,16.3449127534,16.8748405576,17.5910206199,18.598218819,17.1422039746,17.0365353633
8.20047765386,8.87729985276,9.46196263702,13.4782451453,15.9727576568,16.5489341146,17.0904625077,18.5109637612,16.1809719832,16.5636082255
7.15011324197,8.53464561472,9.02027353023,13.0652908924,15.355345238,15.8362002479,16.926470693,17.682265494,15.9858676584,16.0966136221
6.25241447803,7.74817160732,8.19316490823,12.4459276101,14.6855216163,15.5142094403,16.4744406604,17.2114114198,15.1153482578,15.6897441973
6.67316892799,7.37468368572,7.87280618416,11.687576048,14.2247021495,14.9251299917,15.4114973271,16.7370172744,14.6347754817,14.9360472768
6.73694405916,7.22148182358,7.45316985719,11.4013061289,13.8584996209,14.5941439391,14.6850580245,16.3122174058,14.0237619831,14.2827321851
5.86591552001,6.87714640583,6.88993191656,10.8876762196,13.1522210608,13.9916618005,14.1005142062,15.311012271,13.5845894856,13.6439478644
5.69104420984,6.67660316043,6.47143104649,10.434131899,12.5937089775,13.4094547551,13.5553071121,14.6054921087,13.1375017973,12.9405336219
5.50109472721,6.71204101067,6.38221498132,9.98810420274,12.1445681988,12.5624166753,13.3183593651,13.9660480008,13.0738174339,12.3046434438
6.36282375632,7.06328369419,6.65728857209,9.66842798549,12.0538060767,11.8486042205,13.059954417,13.9196186865,12.8565218618,11.6836377585
6.43685923681,7.34447782489,6.83020578595,9.42065080454,11.8336879232,11.1770598795,13.0157437087,13.6684735086,12.52101753,11.2057502108
7.1298373012,11.9488741303,9.99368547934,11.6053873181,13.8355597851,13.512569173,15.6819265814,14.3773067448,14.6885233305,13.0058563511
8.34068948737,12.9706226172,10.7462211121,12.4043946752,14.0754205426,13.5885191571,16.9061232723,14.3993732678,15.3024076893,13.5649218677
8.16506224867,10.5582100612,9.26967474049,11.5867327181,12.6832409888,12.5221749869,15.8203144971,13.8626175387,13.7051324621,13.1586229339
13.6296586937,19.5266087824,16.6469177327,16.2868938957,17.6345277895,16.7867784904,19.7833817884,16.6592758489,18.7749930414,16.2507203125
12.3439820998,17.0759238928,14.7926463594,15.8869761984,16.135529337,15.8975103874,20.182540597,15.8879777617,17.6289200655,16.7115927572
9.40926936945,11.399681206,10.8990588851,13.5912222221,12.9442413318,14.9160736938,16.9437287622,14.0289636929,13.98499813,16.0269284443
6.20745739612,7.53944657591,7.81197266483,11.4140543383,9.9657644098,14.130274034,13.3632560887,11.2080522916,12.1043903773,14.6779567356
10.9507032439,13.6951950171,12.6004959873,13.4688283404,13.5577507684,15.2424200362,15.0253359926,13.237270711,16.9629945775,14.9924931851
9.64032213395,15.5667898984,13.7113583054,14.6386579856,14.5475553886,15.985880282,17.6995677911,13.8934963524,18.5050624701,16.634686509
7.02194661419,12.6460589676,11.2961274312,13.9257553603,13.3689490544,15.3475943927,18.2432240303,13.6816785698,17.1258329755,16.9894070925
5.05233110831,9.3033100412,8.87355896846,12.8574188518,12.1437901718,14.8972299872,17.4477282239,13.5322444856,15.5201028503,16.7564083087
2.36351441829,5.71689507224,6.17605699009,11.1007250161,10.4795980932,14.4197096046,15.5969161227,12.7105738235,13.8756117861,16.1020794237
2.62474830433,3.85464415277,4.5887379653,10.037777271,9.82710242428,14.4040705537,13.306110757,12.6755551209,12.8039045957,14.8518941403
3.15493662869,4.03391121904,4.61560319869,9.72505875076,10.3249028769,13.7439905604,12.6107433036,12.8185557402,13.7133610498,13.771744456
3.86028189478,3.92825121213,4.09006581112,9.49298749562,10.5857112821,13.7477757775,11.7178245661,13.2725111988,12.9342925372,12.940530695
5.09568965082,4.35006363017,4.1256454899,9.19229363701,10.8044661423,13.1915346894,10.6175106126,13.1235785345,12.7370106485,11.8802790781
7.06811612802,6.30293604449,5.62229439627,9.62989862807,11.9338524305,12.1541208168,11.1736825521,13.5154085571,13.7820870382,11.0463635521
7.29934029518,6.98116702301,5.97733570796,9.72488764484,12.1023725783,11.6585047382,11.6140591022,13.6834542167,12.9955343852,10.7150132613
8.20820344528,7.67138209961,6.52031853466,9.59002293375,12.0467492126,11.0174752052,11.5105517877,13.4379210472,12.418984619,10.1701539746
8.89324321524,8.77525311219,7.4546895894,9.46798421927,11.9968139426,10.4256915036,11.5625052649,13.0094471166,12.2828043843,9.84422067127
9.31164787295,9.46901896016,8.09145340109,9.23507415602,11.6913985335,9.62619888336,11.659749635,12.540454329,11.9219780836,9.44853405982
10.1262321164,11.3807177094,9.73263431965,9.63215628816,12.1246493128,9.2386772524,12.7291624741,12.5586758561,12.4033284532,9.48392340841
8.71086238228,10.233208168,8.89566658979,8.86783525091,10.7776586017,8.45521079871,12.521709201,11.6857382643,10.8898536369,9.23617889657
7.20203286323,9.02223059053,8.01290837536,7.75500454685,9.30325628936,7.7136662226,11.71228867,10.4281422253,9.80815573018,8.76743727228
5.67575449441,8.47040903406,7.38002614694,7.07427541578,8.29248693658,7.52282691405,11.3518915903,9.36735288429,9.33074044774,8.54723275863
5.3804011845,13.7138500317,10.9226504887,9.66362119854,10.613974743,10.8991737834,14.8384456548,9.86349292714,12.7425009696,11.2337982348
4.08702589306,10.3913385515,8.13940044713,8.59512609992,8.54484083784,9.89856166121,14.1508366052,8.7948130447,11.3438675468,11.0723056531
2.85120815712,7.4356147846,6.03650082379,7.76116094707,7.13392873393,9.13535324973,12.88820003,8.23243614306,10.3585003714,10.6588044903
4.70858148542,8.22829180601,6.86197199367,8.13376209442,8.01021075795,9.770714334,12.5525176071,9.22912043275,11.3088358027,10.7452111975
3.49845275967,5.86397798597,5.02243454505,7.19468155251,6.80971894878,9.20434728809,10.9445789338,8.53733588861,10.1119061252,10.0968937548
7.28709304018,15.4552747433,12.1792960051,12.1665283967,12.4139237001,14.49791444,15.9570675379,11.4624104115,16.1055840085,13.6733479907
4.33131585572,12.161895265,9.29530658212,11.5607927483,10.7717727125,13.5427966495,16.6320344398,10.4292421288,15.257874544,14.3290441778
1.97236775902,6.94804601506,5.68068217209,9.72390801192,8.36482155552,12.298382677,14.4356268126,9.43180768728,12.8161752478,13.7965098636
-0.959643815971,3.73956520392,3.02675829972,8.48672151999,6.45443096936,12.5471848715,12.2965974703,8.03423138643,11.2952857514,13.4033253856
5.46625144459,12.225922351,9.65942789058,12.7057053847,11.9608488046,16.4204095516,15.8888911403,12.0905876262,17.5793628425,15.5926002643
3.74645692903,7.10054373078,5.74499057204,10.872001022,9.69054359976,15.5010585843,13.5984274643,11.1429590392,14.2332976161,15.0651522801
5.8285132336,6.7126131878,5.65235494615,10.6221117791,10.0963117594,14.7825148098,11.6349260754,11.4450114335,14.5481435058,14.0414214511
6.22887136037,7.19650400852,6.15365817878,10.5925163722,10.8212883448,13.6894646421,11.6167231581,11.8131752702,15.3998078805,13.3914495212
7.76252645687,7.59806481066,6.5749099524,10.3035283219,11.418048818,13.0481142163,11.2175016707,12.5944360395,14.7906760847,12.7327427872
5.95187930931,5.94745887532,5.06101679493,9.29464153489,10.0667717861,12.1814346366,10.0030660438,11.4210027828,12.7127397027,11.851221747
5.77342521549,5.65358656204,4.64433504274,8.62610779131,9.46860669862,11.2643205936,9.2005764588,10.6901835688,12.0840884698,10.7323706025
5.62487733217,5.86276478465,4.60590466599,8.0308049909,9.0741160151,10.5973668375,8.76258073606,10.1479185008,11.6733419243,9.98091840678
8.51521748034,10.4955578944,7.98018086279,9.62568024515,11.4919391668,11.7212260077,10.7632926624,11.359810574,13.8269330012,10.6662169774
10.3950441238,12.6003470527,9.6468017387,10.8762756541,12.5481869407,11.409864793,12.6141988588,12.0992947679,14.5494373771,10.9406504634
17.0586697377,21.1657514811,16.8017162063,15.6846505316,17.561454913,14.403532105,17.4311628503,15.3417644774,18.4228540627,13.4663654948
13.0956228268,16.2287140856,13.5081796378,13.9144664647,14.0994422706,12.619887561,16.6809512106,13.2847572577,15.045216775,13.6487469646
8.30866001177,10.8355718888,9.77160569658,11.3899926936,10.1320814794,11.2847252928,13.920027901,10.3162355119,11.8978477126,12.9426738795
10.7581232899,15.1516345722,13.3182146488,12.6728758958,12.3455766482,13.1637412085,15.1097236415,11.431079347,15.0346541504,13.9412839651
12.5915386065,19.4317861056,16.5764603483,15.1464874582,14.7981938692,15.2136679175,18.2510005193,13.0129225803,17.9820293988,15.9830525454
6.76523851457,13.0610868287,11.5311879083,12.8421654954,11.3216889802,13.2107937035,17.4790585712,11.112949614,15.2252751098,15.8898580812
2.19791311465,7.00033926841,6.91467628039,10.3739934061,8.12104624374,12.5900651327,14.8260989375,9.40850907718,12.0391928198,15.1703002236
0.459420273183,3.35563948136,4.0252612863,8.24714480508,6.0802992216,12.0685009089,11.6431436198,8.35932980987,10.7993712197,13.6488652999
1.03036394252,2.29462455519,2.74741851609,7.15165891602,5.57732276438,12.1675729447,8.92686067174,8.23193937846,10.6256428155,12.251273324
5.34750254186,6.67379315801,5.81733569763,8.42849727042,8.96985501881,12.8330969185,9.68808431398,10.4676905954,13.9665986945,11.955040541
7.60988607759,10.8312087282,8.43083134434,10.6941201318,11.9570301344,14.461582015,12.0231447091,12.1281594428,15.7195785903,13.095589188
11.2063224585,14.1085579424,10.9304114518,12.4224678726,14.0952623985,14.9626959276,13.5045750527,13.3020934006,17.0281526571,13.7723980397
11.1677967404,16.205445311,12.5972664818,14.2604189075,15.2506585709,16.2715898639,15.6687014404,13.3775319039,17.6760322726,15.5846827595
9.26465736377,13.5494440598,10.7149827828,13.5485115047,13.2992740199,14.9978562575,15.3658655165,12.090758555,16.3424876829,15.5139069792
6.93291803196,10.7617520762,8.90737747419,12.4089375946,11.4446077698,14.2316630628,14.3485927996,11.0162499114,14.9873827484,15.3296892957
7.70404715374,11.8320771635,10.0342190656,12.6920413613,12.1255311776,14.7514372637,14.7414493556,11.7577860629,16.1525189717,15.6949499879
5.84299855358,9.7545850982,8.44619968447,11.6602038885,10.9555396541,14.3703447048,14.0573266752,11.2280374829,15.0836557115,15.527901996
3.98522300542,7.01869686481,6.37007341601,10.3058047103,9.57164328145,13.2429707295,12.8287820539,10.6073427966,14.0039309206,14.5808881497
2.4144674366,4.32775651548,4.19390691721,8.5647617961,7.95814548645,12.5759262546,10.58264801,9.78338700296,12.2702142015,13.4444604349
4.90867940133,6.48257375718,5.6274251928,9.12861195216,9.60328251759,12.9534080515,10.6769399103,11.0267355665,13.7275426911,12.8553378573
18.5274256665,26.4847642283,21.7764813006,19.7071881314,21.4821119364,21.7640787958,20.3060079108,18.3819531029,24.3057094937,18.5689343885
17.0123975146,21.1077868403,17.4576196885,18.1645556772,18.8820661053,20.5735404203,20.0182112752,17.0247858463,19.828091467,19.1677169859
12.5676794729,14.0161044984,12.623618517,15.1004574344,13.867650663,17.1889269618,15.1728146829,12.7317725706,16.0915994019,17.4953122042
7.31144294518,7.89332289269,7.90150776579,11.5716410912,8.52878752479,14.8088216394,10.117119742,8.25175589792,12.5793595898,15.2727305537
5.09661091347,4.59246756595,4.97038858448,8.51740751871,5.18814470585,12.5815308005,5.91512191609,6.02611839154,11.2955779192,12.6115962859
7.82464545776,6.96361953801,6.40540442253,8.22540234096,7.41656059438,11.3831352375,6.25103021022,8.21388944133,13.4691482423,10.9771513309
21.9509489386,28.7113626816,23.6395386535,19.5653988115,21.643856732,21.0807532449,18.1192980482,16.7553540862,23.9202355156,17.1449078374
13.7970236547,18.4673374279,14.9078654057,16.450273438,14.9919638002,18.4997343939,17.3067385047,11.8059371563,16.6457224729,17.1125018435
24.3592949686,31.4427732649,26.3466266684,25.0731734918,25.3092345517,26.5751507985,23.5163955789,16.558883752,23.0809249727,22.4470678685
43.220041372,52.4101135474,43.0636721419,38.4556217282,36.5730149739,31.650322521,34.7910071955,24.3510270373,35.2874012899,27.5126844353
44.4720108638,51.8915537247,43.9069079873,40.9769279267,35.7757858778,31.0292798535,40.0987752069,26.0967872202,35.436086152,31.1527169311
40.4633293743,46.293839405,41.9045807373,40.8797972771,33.2485004539,30.1736787254,40.9670550368,26.6021645909,33.6357829378,33.5927820844
31.2611656837,33.5678012861,34.404813214,34.2418728162,27.3130482081,27.9927088131,36.2114853079,24.8890569185,27.5513378649,33.2865653325
23.1853076241,22.2285166783,26.5664017477,27.6160614609,22.1889859429,26.6173950433,29.1430906218,22.1177419534,21.4489948809,30.6577171989
17.0447033466,16.2379621158,21.3092174165,23.0135640052,18.5583327389,24.3053018571,23.4870681465,18.7745836246,20.1828858691,27.0876474062
13.6667280164,12.3259307003,17.2431007061,19.2096279747,16.3573881594,22.4164809385,19.1700447624,17.1932534742,19.0845572382,24.0827069573
12.3574564792,10.1696125641,14.2518918895,16.6051099718,15.3748269921,20.7869696768,15.9982404396,16.6395921627,18.1056207736,21.3558086764
14.1847819752,12.4305197999,14.6348426224,16.4920339168,17.1317111459,20.6544574787,15.2997478764,17.553619452,18.9479623091,19.9484901389
11.9269110823,10.7089700517,12.1514528612,14.6957871468,15.6295378847,18.4940901738,13.8279908701,16.1003454761,17.600044919,18.160624567
9.27840242427,8.10913093832,9.11074707501,12.6029689246,13.2913523131,17.0029143017,11.4111799496,14.0179345084,14.7825654226,16.3256463494
10.533064194,7.89331293689,8.14552308255,11.5704004204,12.4976221265,15.2923861609,9.39927913131,13.1933219586,13.9868168678,14.0219936052
11.8721029276,8.20697468056,7.89895528377,10.3655719801,11.8164196927,13.3395642028,7.51950000301,12.398161054,13.2890622219,12.0269921472
12.6528070646,9.01926256034,8.01733477687,9.60381309555,11.3639008198,11.5799960056,6.63631380093,11.6114405291,12.5687409545,10.3491448756
13.2616683517,10.2063399363,8.64784161935,8.92903623885,11.0598759045,9.78824913526,6.53208511697,10.9710707024,12.1223795281,8.95075150426
14.9078629933,14.4145224807,11.5772417489,10.0987474885,12.7211542619,9.84225887932,8.95265884606,11.394801595,13.181944769,9.05215129946
11.1353137708,12.4025772711,9.80039137836,9.05473492837,10.1345987369,8.1391993625,9.43241509201,9.25289235183,11.103903755,8.5090263212
6.69291186652,9.72023280472,7.57508362221,7.49496986218,7.29666572056,7.01043290493,9.26741114166,6.95458309804,9.29539625746,8.04130862104
5.23710473784,8.28017678482,6.52687862582,6.1500733358,6.01082533709,6.01650639638,9.14205065083,6.44063744694,8.68563293695,7.34115182608
4.77407581998,7.34195059669,5.88968824774,5.24079264138,5.51599542186,5.35832966168,9.02062521713,6.55528176894,8.16784214521,6.72212020876
4.08999680748,6.44821292054,5.1452630809,4.49829015744,5.00443162615,4.91381427979,8.63728404101,6.38765564449,7.55338543779,6.14860133078
6.02846060196,8.37536476083,6.52622488824,4.96445955425,6.12914562368,5.43874995633,9.076665032,7.16268807817,8.46486018983,6.09537070676
4.75095106448,6.88117997827,5.16919389384,4.33533587115,4.90694040259,4.87066399816,8.15366490995,6.08988454501,7.37371148556,5.59054666485
3.70532266236,6.56242623651,4.59373385369,3.96907216137,4.09100992936,5.05100726223,7.46091389073,4.9709713026,7.22619512931,5.47116634512
3.82299166203,7.92764696121,5.41853257329,4.39664830991,4.87786866064,5.32643432317,8.43697688595,5.26539299675,8.41020957794,5.73357280486
3.13782461286,6.45185682864,4.21708941301,4.00994016415,4.20657369826,4.5726775847,8.27542809074,5.06611785481,7.57971671566,5.33245935936
2.97180276603,5.50187972075,3.64078469972,3.38427839971,3.81885603724,3.94696730341,7.7649728792,5.05674795082,7.08196245554,4.86064498736
1.83734655965,4.30117115382,2.46681441468,3.03551064374,2.85166577142,3.80928695989,7.02797679143,4.27044163233,6.19274828822,4.3902891781
4.00243740027,7.86405321284,4.99316468646,4.31816480693,4.80004723767,5.5094047107,8.25811915233,5.25164913825,8.41709226091,5.31367090328
6.79563567145,11.5754578482,7.74849088859,6.60620955555,7.22997597625,6.79112723022,10.6589545419,6.76596871993,10.6190840556,6.45940985896
4.91523346501,10.33265829,6.92615472822,6.53989137124,6.27774523852,6.67409179586,10.874802528,5.74453245558,10.0267659674,7.22539739055
3.08335263424,6.48713788181,4.18126997487,4.87793389902,3.23778758053,5.79628828117,8.21316433625,3.74543625011,7.904433824,6.70834803354
6.5912484699,9.53165222812,6.63366780566,5.81557633841,5.16870056061,7.05096129503,8.36514671716,5.23668923124,10.0991147547,7.20256707774
11.0427087026,16.3404282424,12.2125527525,8.97108743307,9.58310987288,9.02303177636,11.8797982273,7.95347534095,14.3587616593,9.06867666061
10.6813007422,16.7849351253,12.7274967489,10.1859585175,10.1373325646,9.63251047395,13.6311374517,8.1928295176,14.1983628676,10.5991465213
5.58431980931,10.3106280696,7.91248500489,7.99584104666,5.8508968569,7.95870762004,11.2884009863,5.30556156531,10.4781161204,10.0770372188
1.842651357,5.25774604492,4.15240882912,5.40735471011,2.0895397432,6.79734818319,7.84347319288,2.89472223047,8.1906236833,8.83943468652
-1.44067279489,1.33406227435,0.713793139157,3.07576663879,-1.45872726073,6.30975316498,4.09050518145,0.348538086843,6.52837097908,7.35263559932
-0.165686044912,2.89491081865,1.04436609485,2.61066423056,-1.08518350953,7.72178670342,2.39943171602,0.445212959149,8.17953309141,7.06211143284
5.18913625221,5.09122699355,2.57655014336,3.30019356362,2.26691748873,6.90306396765,2.65502079299,3.93475636458,10.2816841199,5.88338746026
5.14653639676,4.35947138799,1.86244338081,2.78632746631,2.37998799007,5.59306074915,1.76731207657,3.6975687915,9.05896058936,4.80748268381
12.9507652117,15.8806081576,10.6006392231,7.79686656527,10.1219986571,9.09932671875,7.83502585572,8.09796559511,14.7564008752,7.14123386591
46.5014793474,57.1901777817,49.5633510773,34.1992100704,36.601366685,28.1483510561,30.3539810945,23.4339548202,33.7875717102,19.9113145069
31.4222382508,46.5802468531,38.8576990272,27.8914595605,25.9459412209,23.0716359668,32.7324228266,16.7928789889,29.3077919443,23.6137154779
31.7029034305,44.7007588353,39.0266092542,30.804097711,25.7920861578,23.5532081443,33.5936458964,17.3839124781,28.6806166556,26.8590078101
30.3032885168,39.656339547,37.3117405776,28.7349668026,24.0079382315,24.3734574505,31.4418673711,17.3779752802,25.8523556354,28.857462031
17.4161582101,22.8790157604,24.4064455019,20.9150751855,13.6077316275,20.4579644443,23.557769603,10.9912989079,17.7432692109,26.2604537407
17.2109007496,23.4452889082,24.7382694816,20.6196714478,14.5906984514,20.9297457065,21.1889065391,11.9572354108,20.8859916725,24.9734356527
14.9325791961,17.2707328186,19.3779042019,16.5295849325,11.9040422103,18.5782941031,16.8868230637,11.5766134855,18.3811802751,22.3591166433
9.58406075244,10.0192152715,12.9212260237,12.3127647457,7.8296413768,16.2040434291,11.2824328603,8.94873755188,14.4025919788,19.1712121961
6.73382297516,6.46904481222,8.99146979884,9.18506152824,5.75829121325,13.9862210998,7.14977225732,7.46059999182,13.0412941723,15.6965112134
7.51263999046,6.75654926431,7.82161087946,8.03879598665,6.56823250673,12.940265536,5.68174189293,8.10441532849,13.1330105711,13.22421172
3.7555128716,3.83571549923,4.01357967705,6.0007198573,3.64254604806,11.5400937202,2.89399368539,4.99366744991,10.313770562,10.9389438961
1.49576740509,1.78638215876,1.11948505022,4.01897907227,0.788195356581,9.88116909374,0.00996548183065,2.29301994642,8.9348141119,8.50754832118
2.46865848519,1.56215604322,-0.035844943788,2.86629359419,0.400794733299,8.32398971115,-1.43274127964,2.34293144114,8.86554080087,6.39824224573
29.7929081801,36.7004774777,28.4540908964,22.0216914496,24.7262606924,22.9230194095,17.9830321352,17.5250417483,26.3703481029,14.9104410983
19.4950588056,24.470891135,18.7786988226,17.0479917469,15.9188283681,17.5987556818,16.7791786829,11.020639568,18.7144705054,15.3871906689
10.6712562644,14.6056413135,11.9212415716,13.1297385047,8.04307064481,13.450724896,11.5641582634,4.49322599816,13.6768950531,14.0973597449
6.72130946142,10.441349814,8.82608915161,10.2831046984,4.7334136898,11.3228264277,8.9389910131,3.20044061245,12.8453356564,12.7786898897
7.53718519557,11.1074530222,9.17017220692,9.72233190869,5.6920672651,11.9132034265,8.804085821,4.75054831412,13.7403808234,12.6438739726
4.38554290827,5.91242210195,4.96649528945,6.76905011179,2.17479969995,9.90253038956,5.20578801295,2.78445920032,10.8394037601,10.7448943728
11.2926344759,13.1816185983,10.2533080532,9.35684631777,8.10054217778,11.8467868151,7.87756352314,7.38113216481,15.2945558312,11.1429647564
13.340004727,15.2832927812,11.6683693138,10.9266559441,10.5189689088,11.7636474491,9.98144957467,9.0061839247,15.7976013651,11.4177231868
23.1408582523,28.9016581508,23.1122229781,18.3976778989,19.7347290537,17.257643705,17.593716663,14.1614130008,22.018209453,15.6003389216
23.6245560944,27.9169405827,22.4330696944,19.3769240547,18.7742192067,15.3642156597,19.7657823672,14.2265545373,20.8502323646,16.171001191
18.2458676917,20.4323017325,17.8362946324,17.0430095837,14.2805768279,12.7363134449,17.8757665848,12.1728334173,16.1889873635,15.6205896791
12.25621047,13.8622240063,13.4972566255,13.6247573017,9.80623015277,11.3499747063,14.5523552867,9.35776426705,12.5470719019,14.4697743307
18.077665404,20.8941263488,18.9510787162,16.5117429847,14.7776605604,15.7450145278,16.5323918476,12.2695539222,16.2244104807,15.9720527962
20.1419130233,24.0186003751,21.4718861107,16.9482490201,16.0185531151,15.546975244,17.2277572293,12.6522484376,18.9037704741,16.4693393716
23.5808417917,28.9014904605,25.5905155136,19.8822543645,19.2248062251,17.3502069219,20.2919901895,14.6422843922,21.1803090771,18.4296955078
18.9350243648,23.6653739775,21.5894798265,17.7546415923,15.6857172523,15.4494819398,19.213240903,12.7276751016,18.2615119909,18.3473593894
14.4145209216,16.8582230043,16.4945241729,14.7890895212,11.5535152699,13.1554038824,16.0676297316,10.7294806146,14.6777280542,16.6422835767
13.3742980439,14.0453279361,14.4292441329,12.9932381176,10.2884459239,11.7807786634,13.9208603924,10.6064545477,13.6294857928,14.7223240116
9.33985649197,9.51274521909,10.5899120366,9.97216108948,7.1757654695,10.9451096395,10.4056825109,8.43070001419,10.8344509617,13.0872714238
8.73573413946,8.28983214755,8.96898999638,8.3575651087,6.48615789253,9.92941200772,8.29768675232,7.89468001625,10.6141882443,10.9846606747
7.80030803416,8.9164928007,8.37860420675,7.78043174884,6.49390612093,10.4896649956,7.48130214111,6.98128652515,10.7341031499,10.377378761
7.30934279843,8.67868220742,7.53153872392,6.85346883297,6.37861795514,8.96166578737,7.11590513602,6.76648948548,11.1923046402,9.09899904427
5.69020788071,7.35747891007,5.93121645397,6.04485149885,5.72736537015,7.78154538002,7.04352473584,6.35135843747,10.1694343576,8.13725965359
8.95031531056,13.4016303486,10.256709432,8.66532033662,9.56765971447,9.67015948093,10.7417423397,8.73328878524,13.4828970954,9.416021851
8.46924473328,12.1467429997,9.2241898575,8.45677942888,8.84991120997,9.01796977152,11.0556788341,8.43243910515,12.215219893,9.54214207974
13.9479897201,22.129963644,17.4525368122,13.6366121094,14.5958446639,13.561835967,16.489302366,11.513025985,17.8146371057,13.2457997405
16.0654548385,24.8942139266,20.1062475996,15.5277734734,15.9862893554,15.1703778678,18.9719590906,12.2156307312,19.2079014476,15.9397323075
11.5069669087,16.5882831963,14.0796785866,12.4078838748,10.8223342847,11.853416118,15.8311926358,9.55196004517,14.8965181392,14.9377895284
8.3368592814,11.6365742628,10.7803180661,10.294125525,8.08724378481,10.4055740778,12.9804365675,8.21147400436,12.6044502773,13.8354516313
4.19721897394,6.78428070997,6.97341671012,7.5656435514,5.01624127368,9.29831091581,9.80272021348,6.28846337549,10.2343459222,12.2995778836
0.2960911063,3.18114640725,3.65058506572,5.00839748914,2.62458175373,8.26198890695,7.15322524031,4.51900669635,8.84496477046,10.4997096814
0.176561251177,2.22392630715,2.33074543687,3.57251550719,2.44553931694,7.72988824254,5.59619050298,4.80147009362,8.82060661133,8.91364172631
0.0720360404213,1.76411769287,1.3190355811,2.74013097032,2.74947140629,6.99384669595,4.82035387807,5.12241934682,8.66957311504,7.52856238239
2.82741248713,6.11064102512,3.947888371,4.38603159693,5.82433105469,8.22606576132,6.85436822978,7.006592729,10.9282081347,7.79480101344
2.52529588975,6.02037809978,3.43678791822,4.83366405227,6.09055191278,7.60183650552,7.71504494441,7.03739221859,10.4525942163,7.49410377489
4.77781418203,11.1694776323,7.07427392705,7.65010080361,8.99779052547,10.4269048771,10.7343722823,8.30258607143,12.8888830908,9.60408049366
22.1339272335,34.3597045919,27.0786930159,20.5465317142,22.3413594224,20.6847920549,22.1531825402,16.3963202299,25.295820718,17.1112752319
14.8211079972,22.5483021443,17.8376493246,15.8765709808,14.836618543,16.4046634752,19.8716510525,12.1248660119,18.6787823896,17.3173218839
9.51045087407,13.6670893796,11.7951220487,13.1649056267,9.78662852981,13.4941858538,15.4225395709,8.87583244574,14.3352034215,15.9572466546
10.0574264282,10.7262084816,10.4450214321,11.1152261294,8.68237483506,11.2705363219,12.4061258737,9.23020807744,13.9645667127,13.9212946981
12.9579277429,15.4423819378,14.170323926,12.7153741698,12.1946175417,13.8345819309,13.6874790464,11.5411467423,16.1574009621,15.0449123842
22.6815862999,31.2655489771,27.3157182317,20.5021775153,21.2571663091,19.9554013612,21.2843423163,16.5332919073,24.9365983539,19.5387666168
19.3354092423,25.0864230224,21.7028825177,18.9711736933,17.7933343493,16.9580067022,21.8649679971,15.4849456981,21.2001089337,19.2602543759
16.5146757517,19.3932062303,18.4252649728,16.8077992755,15.1090737334,14.6022749646,19.3107788289,14.5661599871,18.143530129,18.4005413145
13.9332115253,14.8347805965,15.5629869165,14.0761597055,12.8264697685,12.7948443846,16.4526948793,13.7435036627,15.5189424701,16.8610994085
11.2263941428,11.0378974931,12.7367287526,10.9150884779,10.492023318,11.4949103954,12.9024817622,12.4231529958,12.9654735969,15.0476256793
10.0818036645,9.35853606893,10.8799107088,8.76632424802,9.20651806892,10.5205726724,10.1002974284,11.2918328233,11.5839823169,12.9683254537
16.4947658923,19.0453855876,17.4106538871,12.959667456,15.2516977695,14.1903928039,13.897359213,14.2484863078,16.2260448935,14.1149863564
21.4498817552,27.3475754681,23.5225661938,17.4598226288,19.8066341877,16.9496552135,18.7099571161,16.0623725219,20.1950448953,16.5581707196
24.2884688703,29.6140688235,25.0674911855,20.2097914526,20.8078408827,16.8713195623,21.7014154427,16.828890319,20.7546456285,17.6076967709
17.7708304125,21.761849527,19.7997938554,16.9518178974,15.4117413741,13.6553512857,19.3242255859,13.7833022214,16.6356676142,17.0326688958
13.2881665613,16.7209151255,16.5157150228,14.1932146276,12.2569136777,11.4940048618,17.1972972406,12.1081959967,14.5661532391,15.8284674533
25.6297090591,36.3126182214,33.6784201565,24.3158942662,23.9554531179,22.3704125493,26.0041721072,19.150390728,24.9259043103,22.4769482256
47.290224587,60.6748573937,54.3557257093,40.0209532014,38.6482066165,33.5420507421,39.2006130776,28.098211605,36.2681454245,30.3425265542
44.4690102251,53.9804406238,47.3253548923,38.1536226283,33.9840190821,30.3584361549,41.3169562815,26.8812496372,32.8318964268,31.3396806716
36.611394293,43.2561443171,41.3048081633,34.9905366465,28.0088148538,25.7035538602,36.5724143617,23.7641666144,29.5662354768,31.1336459609
29.6947088439,32.0595475332,34.3682401776,28.6838276939,22.5923562189,22.3746028831,30.2656945775,21.9756572635,24.1490262595,29.1775305349
23.8522926472,24.5782755666,28.8248797052,23.7301258296,19.2302276746,20.626747744,24.9488370441,20.4724013431,20.5907016205,26.7719767394
19.3583854954,19.8063655075,24.2446693748,19.9113764729,17.0318776517,19.0950803433,21.1329628277,18.8768446859,18.5745019429,23.9366044134
16.9107772343,17.491000571,21.3487852248,17.295083336,16.0308239185,17.4861561707,18.7830482083,17.8353411836,17.9456358243,21.3427834657
21.7701440742,22.0799195916,23.5820019963,19.3244360543,19.9106372213,19.2048259068,20.1267655208,20.5470061598,19.4489948077,20.6196015351
31.2920618581,34.8719574279,33.1288043457,26.0482713624,27.6431106013,23.2862952283,25.8616317574,24.4223527056,25.5875758449,22.8222987196
37.6574414055,45.9281684871,42.2638818812,32.8126326608,33.0496625468,27.3563331244,32.8708890352,26.961607,30.932221418,27.2192073928
35.4429751769,46.1728278819,42.6738358038,34.2548196437,32.2808891438,28.9149815166,36.4392930519,26.6587795403,31.1012826163,30.9755082553
28.4141919025,36.0440172216,34.4639560187,30.3719404371,26.3465869693,25.84286919,34.3317080754,23.9315675304,26.6968508459,30.3754536225
23.1523278724,27.0454140013,28.3080569386,27.0268667915,22.4257910736,23.9096383825,30.4124838449,22.5104302425,23.2375503378,29.0654891181
21.2522853472,22.4456041734,25.4765222738,24.0182917753,20.659995394,22.2770754271,26.5801280978,21.7958259613,22.288057074,27.0002692735
21.4443683542,21.2481259006,24.5551592262,22.6953195001,20.9275299216,21.7836369922,24.5469418406,22.4832720885,22.2569995406,25.5493890067
20.901391412,19.2353358746,22.6331808098,20.7997012817,20.5873905573,20.795876964,22.2438976893,22.7655141274,20.8295543497,23.7919825053
18.4306561692,17.3117605449,20.3035881148,19.2267968629,19.778878817,19.9137891981,20.557557555,22.0421430985,19.3192337766,22.2231906675
18.6947999881,17.0156725174,19.3398834567,18.1989756952,19.7256109505,18.8936913279,19.131350129,21.5369074388,18.5042601172,20.2665530205
22.322118066,21.9888566562,22.6772098653,19.8419242822,22.0514558923,18.7744088854,20.4774385207,22.0662059098,20.7912654378,19.5311693275
24.7332270624,25.9971277897,25.5395043466,21.4607522795,23.6582345637,19.1075821998,22.5835804467,22.9159052285,21.8426264794,20.0661473007
21.5798441979,23.1181090618,23.1273739547,19.867391041,21.1021012103,17.2505517196,22.1220208123,21.3726555656,19.4300617879,19.5296551278
18.2613928771,20.1817509933,20.8076236148,18.1787494632,18.8179905922,15.9007469649,21.0898933081,19.7926131695,17.4147433444,18.7601960309
15.1704287115,17.759175513,18.724994134,16.5576302179,16.9396067999,14.9886226031,20.2645928679,18.3714647661,16.0947951269,17.9993545532
13.9761189563,16.1343876837,17.28895769,15.2121631082,15.8507369854,14.3576054527,19.3111167305,17.674200594,15.209476755,17.0836331954
13.3531180014,15.223508136,16.2942807485,14.4251393477,15.2785661995,13.8522896628,18.676446054,17.2718577705,14.735929909,16.2186783769
15.5082769006,18.5553330739,18.5987576336,15.7612164366,17.1310870331,15.3238575863,19.7536906644,18.2396449609,16.4468595707,16.7309067869
16.1983856021,17.578091762,17.8228285671,14.7404212208,16.3416269498,14.0408297358,18.5935372234,17.586832071,15.770424988,15.8003570428
15.9664112047,16.181243785,16.699678916,13.816636514,15.4442372601,13.0584731146,17.024855078,17.0402306475,14.4387726132,14.8941173702
15.4679028701,16.7443826181,16.9191266817,13.7764165805,15.3363279346,12.231360602,17.1198442399,16.3545480323,14.6533716064,14.185253419
15.8469734907,17.1553057049,17.1439706276,13.4253037581,15.1686934814,11.5922705667,17.1011617448,16.1752156301,14.208086664,13.5608438293
13.8864696615,15.5486712767,15.6736586415,12.1691731061,13.6475344615,10.5463357945,16.3012469847,14.9852854203,12.721558754,12.7672695451
26.5077476673,34.0306533403,30.68094839,21.7153185483,23.8706558046,18.4081699305,24.3934600727,20.3857512891,22.1257800997,17.5376010613
24.9297653663,33.4326170385,29.8750754302,21.7129486483,22.1537419563,17.9467907146,26.2846910854,18.9287402264,21.8105338027,19.5067971239
35.0604809179,45.9312050245,40.986170779,31.1197595633,29.6610249224,24.2558732452,33.3063393734,23.3926317289,28.12111002,24.7012171533
35.0675211907,45.3634509348,40.9515889332,31.9447747697,28.7088058767,24.6716143014,35.5961648022,23.3390475316,28.2988992944,27.3124568011
34.6530065644,43.5081747231,40.724057305,32.6604246504,27.8355231374,24.6351434811,35.6568961209,23.4438100712,28.3645396857,28.9465128108
29.3351743086,34.5999226523,34.5417077001,29.0168289592,23.4023586097,22.01707089,32.6163552436,22.1156008019,24.7409957742,28.1231112207
26.5701107817,29.2575677884,31.3914896191,26.5018487213,21.6896924849,21.086708178,29.3283279944,22.1123601119,22.7727336076,27.0854954362
23.4142398947,24.5778256897,27.9669026971,23.2932086536,19.8715048656,19.6849000306,26.0531055513,21.4424223799,21.0204099388,25.2573554307
27.3708974738,33.848110592,35.3101738488,27.6083678961,25.6959101776,25.2772020852,29.4298981199,24.6398322612,26.3394224827,28.1489111791
46.3543773931,59.3962393677,57.7334147272,43.5336238989,40.9233889213,39.5250511806,41.7674042472,33.7681063973,38.9023686096,37.0830199419
52.534304179,62.4895500678,54.1386468429,47.7015041231,42.6056485043,40.4869807681,50.5336848978,36.1364765175,40.2243054601,38.0771944176
52.8238349236,56.3334943362,51.2925365202,49.614851861,41.1958602594,37.9554040803,50.2393885387,36.8403607912,39.3937357951,38.9081009101
48.7855946397,50.1387121982,49.221366663,48.466731531,39.1600894459,36.6733498704,48.3738246507,36.9506079817,38.5279415427,39.995566155
44.7963347695,44.3008218399,46.7389740457,44.9307575232,37.1000849675,35.0917504746,45.0804212721,36.62102946,37.0281603607,39.5162977747
39.1138799464,38.3284177731,42.8718225101,41.1647822617,34.6417800931,34.0836023406,41.8469351463,36.1197092944,35.0316200245,39.029020294
32.8986590898,32.4464697222,38.3606390629,36.6139819991,32.0501932496,33.1088528571,38.237204698,34.9543567194,32.9706169606,38.0749096319
27.38880921,27.2575233095,33.759029257,32.2354663655,29.6594294049,31.9650042009,34.5520280169,33.3534993668,31.2271964432,36.6422910267
26.3850073742,24.8374675579,31.0944289667,29.4753499988,29.1360923999,30.8760743207,31.4059026816,32.8297156845,30.2056428187,34.4528218941
28.3919544254,24.9054500649,30.3681456307,28.2654707447,29.8113083848,29.4983618626,28.9891643107,33.0394733828,29.6988380878,32.0565808444
28.3530798903,24.9431835801,29.5415268611,27.2288685483,29.6666953842,27.9066538009,27.3553169936,32.7653588588,28.6773077897,30.287923067
25.8595291984,24.2163466629,28.0418061698,25.85348478,28.4611277803,26.3254077173,26.3887090147,31.5574549857,27.2327347543,28.9389353368
24.0920216666,23.8780442652,26.6712760172,25.3323716024,27.7363352087,25.5899200716,26.5715442666,30.8234533478,25.8650845698,27.8470244405
21.0941944216,21.9142024122,24.5955248791,23.4405387008,25.9098512298,24.399292425,25.6189302685,29.1731031659,24.2131885414,26.8269622488
22.1652436757,24.3830084679,26.1480942442,23.8070279015,26.719022105,24.9431987348,26.0163165795,28.9133794836,25.0460088243,26.6987919761
20.5051231829,22.7236212287,24.2531206789,22.4823225539,25.0051344746,23.6689589304,25.3869444224,27.368451475,23.845484627,25.8760096584
18.0372971783,20.4641651907,21.9227390342,21.6855079396,23.4438531488,22.834486652,24.9710864361,26.2501206296,22.5001144613,25.2375512119
17.1498270861,18.555941053,20.4834435435,20.1567712344,22.2612435386,21.684526023,23.4981774541,25.203793786,21.5129567558,24.0868285773
15.5547994026,17.1920601664,18.9997277623,19.4826804096,21.3574944939,21.1576858326,22.965207462,24.5264023899,20.7376366598,23.3855033352
16.068430994,16.909178074,18.6525547325,18.9884389593,21.2496148466,20.5985512732,22.3228146335,24.2533798144,20.4899308851,22.3934920426
15.9986352576,16.2657608625,18.0697326858,18.1254854691,20.7563365703,19.7629126887,21.3021928022,23.7929237268,19.860043718,21.4684138983
17.6681028703,17.2052144674,18.5806083685,18.2546570007,21.1092492891,18.9570097577,21.0121794303,23.697986302,19.718793427,20.2518188826
17.372136294,17.5991595791,18.7138975706,18.1246442494,20.8078901945,18.1989311272,21.0532626344,23.2272918464,19.3420292237,19.6662856288
16.3674049137,16.8727346568,18.0165840588,17.0671173851,19.7898452248,17.1608972865,20.384244071,22.252242395,18.1162919213,18.7891643248
14.6965070123,15.8508460592,16.9963119548,15.8376412106,18.4767552415,16.1306962267,19.5543648138,20.877135164,17.0001344396,17.9562649475
13.6025677598,15.6468028405,16.4056662027,15.4413244773,17.7410361484,15.5642577253,19.5870161312,19.9034729139,16.4900900081,17.3281459925
10.1372846369,14.0227253734,14.7112907032,14.347904925,16.1473884615,15.1232414164,19.4787647677,18.4109423672,15.6565008647,17.2860157907
27.4841575771,37.4638342323,34.0866373547,27.6900548133,29.1975835614,26.5268629958,29.7287247317,26.4202002595,27.6818693032,23.9884864136
24.3082884798,32.6647780134,28.9526029217,26.4021541752,25.601357391,24.7876449477,31.8404062607,24.4617453958,26.0687748191,25.2413621747
21.1876460146,25.9635961303,24.8574349637,24.9513385042,22.7142402277,22.4161798174,29.6562634979,22.9791899839,23.7890658805,25.1174797455
16.6761699079,19.7715711131,21.0030965999,22.1399221174,19.7454847067,20.5659133988,26.9237168527,21.3890789226,21.5411252593,24.4565618546
13.6935017722,15.7582702641,18.2692916255,19.9378674595,18.1882636226,19.8080138579,24.8204204029,20.7689433474,20.2342927386,23.6535831067
12.9646841651,13.9695059268,16.8226030552,18.90582661,18.028210938,19.7716535996,23.5590512548,21.130003277,19.7616486856,22.7468812532
13.0552290159,13.4280169363,16.3626921249,17.9834195077,18.2593092394,19.6008945671,22.3091707151,21.4169919366,19.8798832402,21.9143434498
11.8610150455,12.6681636671,15.2876434793,17.4154996397,18.1398387655,19.3460677309,21.8234814939,21.4054233257,19.6836718593,21.3446989229
9.31162077744,10.7487615712,13.2682342524,16.0675645878,17.3158559675,19.1669229305,20.8098220054,20.9329100183,18.5410650604,20.9016603395
8.06909429442,9.7988593864,11.9856044566,15.3527543244,16.9606485334,18.9360688442,20.1647173588,20.4005487436,18.2604263886,20.2162869749
7.12492035732,8.95387414294,10.8827589367,14.7232511937,16.622820746,18.679860942,19.6034898965,20.0472707061,18.0181819097,19.694062657
7.27079564306,8.7660066278,10.350430859,14.6664715167,16.7917122196,18.6490927894,19.3801590947,20.2221034279,17.9685951299,19.2268795033
6.9552720963,8.25151714923,9.80689235057,14.0467539766,16.5620559397,18.2187328564,18.6861184005,19.9726483653,17.813411588,18.7858595883
13.1172362455,18.8999821138,17.8833069622,19.6098178786,22.2659994229,23.6299414122,23.2281919119,23.5448112807,23.5556537996,22.3236781606
12.7462600685,18.8885871457,17.5893016767,19.880422451,21.8771579107,23.8603145926,24.5854856342,23.0061302943,24.2453717982,23.8184201092
11.5353539636,15.4017014569,15.0938998064,19.1407345242,20.4182373625,22.5983388893,23.7981498317,22.2894162464,22.9072457222,23.7583818048
12.5766412977,13.6365523816,14.3826541561,18.8205067931,20.2032894311,21.7297825111,22.6066693106,22.6512967882,22.2271528346,23.1514901544
15.2018088569,14.5528744039,15.4004273485,20.1806030999,21.4621363551,21.8055311587,23.0202817903,24.1296129241,22.4861525871,22.6750365561
15.1607450605,14.4581809949,15.7929182747,20.1644820171,21.6050760585,21.4999957374,23.0109515535,24.5468725178,22.3094313219,22.5455790839
14.8907479753,15.6688055847,16.8608926247,20.6809597161,22.2416600622,22.218478434,23.828314101,25.0388104138,22.7308190199,23.1038676494
12.7312217858,14.2585958166,15.7489813128,19.7232351583,21.2836416837,21.9393257093,23.7194039419,24.330126136,22.0274805602,23.194556899
9.32040418748,11.7728997853,13.700534951,18.1872141019,19.6780988681,21.4254574053,23.0184277413,23.0787076352,21.0761704243,23.1836112545
8.12878085003,10.4969447611,12.5198067372,17.2566548913,19.2167363041,21.8132383575,22.2487651549,22.9049177779,20.471473579,23.1075326953
17.8966687414,23.9400908317,23.483689415,23.6099801606,26.5835019907,28.30203758,26.5021649612,27.3190566817,27.8776963211,26.9817959165
18.1066285262,21.0814380652,20.5679993383,22.6667861409,25.141596017,27.1429706317,26.379499221,26.7214292722,26.2752496824,26.8990661589
24.3110465192,24.6537839123,23.6447251554,26.4003063558,28.2924756808,27.6770851283,27.6302420767,28.80177439,27.9669408395,26.9971856803
27.9352210816,28.3949635725,27.2483846033,29.5077142708,30.202484084,28.0149569849,29.9737871057,30.0321819213,30.0924957121,28.0331585081
29.1692673314,28.5451631679,28.0017989225,30.8197053393,30.5424827035,27.759714188,31.608772513,31.1091322217,29.6028027115,28.513966404
26.2140632784,26.4863716025,27.5017527245,29.81252558,29.0727959757,27.2032170982,31.412753044,30.5869018171,28.6837553191,29.2840443056
26.3383367026,28.9411817152,29.9909538586,31.0112467881,30.4571923728,29.6526343657,32.9772271437,31.7068302156,29.9562248405,31.2849396517
30.2176080812,32.6245400116,33.1090493758,32.3356365905,32.3527104578,30.8893603331,34.3034320964,32.4722132097,31.5989767551,31.7732046341
40.2587767839,41.9261545013,40.6096381087,38.6340223436,38.3661094753,34.6485434659,38.5704815477,36.5678148575,35.4084704867,33.8798225115
42.3253844698,43.9561273562,41.7821832428,42.1921801708,39.8261239787,36.8150685424,42.7935513572,38.6699000308,36.198808714,36.2118695318
39.7066950822,40.7024540886,39.9237111693,42.0241433537,38.3457209448,36.5809943651,43.526870961,38.1680006056,35.7561535457,37.25186691
38.7690631814,37.8279390783,39.002598586,41.0153356235,37.5588573122,35.8734387063,42.2482886152,37.802542154,35.4238990107,37.19546825
37.0767342344,34.5178607243,37.5497386047,38.9156873817,36.2965190828,34.8475230104,39.841298873,37.3774957589,34.3823769268,36.7276816207
38.9825694211,38.8458833379,41.5967349995,40.9299158145,39.0487903577,37.8151752556,40.6669247965,39.1706956279,36.8698403469,38.765236516
36.6104710998,38.1398380186,40.5353765865,39.5679010009,37.8181536433,37.8805845796,40.7782970851,38.032756539,37.487560139,39.4912773697
30.7318452763,33.0404361249,35.8279783868,37.4687587532,34.7075976161,37.3539971782,39.8460092413,36.4913813493,36.3134773144,40.1359820038
24.5498782431,26.7536425885,30.4646994217,34.636489265,32.1468319849,37.7909423065,38.1670508609,35.7120344732,34.5599981515,40.7033409093
21.2161941975,23.223484651,27.3924830538,32.8343711486,31.5360499703,39.2568045793,36.5650383406,35.6550526055,34.6454276198,41.1828736571
23.1147891134,25.6787347879,29.3907331667,33.6325291814,33.7836499132,41.8201704431,36.1201537388,36.7300534682,38.2879124559,42.4945172595
23.1323544319,24.5684484616,27.8886052539,33.064830426,34.0236931491,42.6445463797,35.3979020192,37.2397378713,39.5044344805,43.1623302242
25.4924982606,22.688856832,26.3201031548,32.5666358298,34.524939311,40.9569097887,33.3596707137,37.6508376144,39.6065403996,41.3437064547
26.6429341517,21.0952538845,25.3656870113,32.0577934533,34.5344372819,38.8206568967,31.1518602002,38.1308257867,39.0626833545,39.7616322809
29.6478007884,25.4090113938,28.6433083422,34.6726115135,37.4982702653,40.4420740092,32.4709427163,40.9617114426,40.1429514863,40.4594661469
32.7835405481,31.3049113688,33.467273977,37.0632518153,40.4190162595,42.4256940317,34.8014900409,42.639706088,42.4832357525,42.0021972246
36.0409712967,37.0247071935,38.0861171916,39.7269077614,43.0486582735,44.7717609307,37.6694515182,44.0872817537,44.5295644016,44.1592298785
31.5718918872,31.8928119009,33.5046652821,36.7939615971,39.236023925,42.073015679,36.7076726739,41.5278899538,42.0904446684,43.4571207769
28.5004207293,27.3802958301,30.0817307735,35.2700691401,36.8117837013,39.8883097338,34.9708711423,40.1417830376,39.9811529877,42.2774148856
26.307641019,24.5180226224,28.0905547584,33.7978564461,35.6256456667,39.3347002067,33.6337218041,40.0871205868,38.2771793402,41.6500071256
33.4978719634,33.38591628,35.7138284872,38.0171345587,41.0985654197,43.2684108278,36.0129993438,43.4346316464,42.1350796311,43.2336350948
59.1423020739,59.6779844113,57.0199593369,55.1130531511,58.1433609169,55.3522264883,48.1228923895,54.7705630238,51.4304863247,48.7728717988
110.336417481,104.180810381,79.9979450392,89.5112936862,89.3325805072,71.0956478178,77.8581806092,73.5971080533,63.8968557263,51.3070214436
124.000053828,113.315773684,92.775894081,97.067746162,91.0060832154,74.0243756403,88.8019354635,78.0729164275,71.2959429936,60.2635675875
115.228335826,109.718237284,97.0462824352,94.3187747349,84.5718929493,70.9652084292,87.3978300099,72.4817083176,74.507565115,65.2372699961
103.305195869,100.220672014,94.6689976269,88.3938652399,79.260404851,68.7697802345,82.4961052593,69.5815615142,69.6959662404,66.9043123098
92.7165037672,94.5807625722,91.4773486502,84.2044260461,73.194230506,66.0171046435,78.4287349826,64.8328900003,68.3983583904,66.9970943951
76.9238133718,80.9751879228,81.4544597529,75.3119146509,63.1381283539,62.1678857353,72.4874946402,59.4830426697,64.0511045167,66.5423815185
69.3547429511,71.6424638026,74.4495387271,69.3719259504,58.8685100668,60.1127361654,66.7479874988,57.5844120193,60.6706571608,64.4945774178
63.9870683929,64.6247758476,68.7208697569,64.7623412061,55.772637944,58.8554550416,62.2839578311,56.6368682299,58.7627070316,62.889172716
56.3199066196,55.6709203187,61.1146275618,59.131204255,51.67362572,56.9798712995,57.6281028797,55.0704020826,56.2850005062,61.1763515811
50.1480813959,47.7664823027,54.4983352192,54.0584997875,49.0196557239,55.1982748354,52.7052876112,53.9495572872,53.8609885491,58.9658358452
49.5738409228,47.3914536845,53.625233462,53.25762959,50.2237502657,56.1445187949,50.5628682365,54.6899841318,54.5527230031,58.2628491499
44.280407584,41.945182781,47.6646157554,49.4981189335,47.6711836907,55.0383981821,48.4365970092,53.3123045212,53.126882699,56.9762792505
42.5636579085,38.172740507,44.3614253614,46.8967447382,47.1522372553,53.0043720725,44.9438979624,52.3332367879,52.1171654595,54.596985869
39.9676473241,34.7119774152,40.7374932844,44.8901742711,45.9958017167,51.5927651333,42.5622535084,51.9196537979,50.2496924396,52.9078993666
38.3553515542,33.608421008,38.9817329165,44.1255509506,45.8085486808,51.2345104005,41.5852720918,51.8203646696,49.6361005326,51.8907548643
38.857959889,34.4034622465,39.2701397057,43.6726039045,46.7301348415,51.1024211717,40.8800499005,51.8701074288,49.7203036909,51.0504792385
43.7122765857,41.9991826769,45.4543785289,47.0007244317,50.7571515418,54.0607775761,42.8143677214,53.7945406208,52.6145419632,52.8320632461
43.6323130815,42.6498775746,44.7851334428,46.4393292932,50.2281162995,53.7868072334,43.870609642,52.9152931059,52.3569138145,52.8670998003
42.0828864677,40.8108197442,43.1805238279,45.6463835518,48.9565508472,52.4367846375,42.9571815296,51.7617490811,51.133807157,52.5227902136
44.9838171047,45.3959019172,47.4864618994,48.1036249302,51.429571288,54.4927691348,44.1024535681,52.9242158754,52.6587364739,54.140744929
39.7315114644,40.3862490819,42.4612743337,44.7580984341,47.294297249,52.2689331874,43.2163873084,50.0425396895,50.6949005086,53.4638858589
37.0091450042,36.6016269632,39.3342460491,43.6792867285,45.6436810832,51.2892004011,41.7681305377,49.2570195,49.1284001147,52.8519767605
35.1383743098,33.1434462834,36.6448280267,41.761695298,44.1942649409,49.8346324237,39.9378814377,48.3160298515,47.8386208497,51.4112841733
35.0295348716,32.1048461464,35.8701420141,41.2099167981,44.1891708804,49.3917354759,38.7895983051,48.5124264471,47.2147460907,50.434888478
30.8104710385,27.5345016179,31.9266158625,38.3520449585,41.4332600991,47.3519637499,36.7083749046,46.8205915268,45.1847792821,48.9244628805
27.5869442477,24.169498765,28.8099485239,36.5714456772,39.8581889515,46.2326475788,35.1230446183,45.9049665647,43.5905216498,47.5319524143
23.6956415292,20.574441148,25.4378030937,34.2904555558,38.1569589361,45.6105385522,33.5318568408,45.0254488257,41.7958150152,46.4629328781
22.3278776474,18.3171392569,23.3815217317,32.2500364004,37.5461860858,44.3970089053,31.4390753276,43.9868673337,40.778883635,44.5026116641
21.7401337922,18.3506121207,22.6948593009,31.8660363373,37.4986189988,44.2263191653,30.7808217162,43.6706086631,40.5852628618,43.6281860711
24.2290061892,20.0107911258,23.4390838836,32.1643222335,39.3455057971,44.6846028314,30.5645442327,44.7297377123,39.8724565508,42.4423751753
26.441103882,23.4566423698,25.6198263574,33.5821167154,39.921105472,43.594395487,31.4263319815,43.4742731395,41.607853393,41.5106753046
28.3511791743,23.5083776736,25.5937803717,33.2501595184,39.3885233581,41.0707167218,31.0896866032,42.4903715899,40.3300409736,39.5567301564
28.4204435704,23.2983455837,25.4268517751,33.3709803673,38.4328836538,39.2000499032,31.1072966033,42.0406097822,38.5946465386,38.3471952878
26.061434233,22.3993310213,24.6683935571,32.7772471899,36.8030267905,38.0199996064,31.4311564955,41.021335541,36.8782048589,37.704658319
24.1307367945,21.2095824711,23.8546114684,31.4196180128,35.3504056691,36.7750170066,31.063528955,39.5724655204,35.3811147655,36.6761422387
22.1947494707,19.8016024709,22.6983196797,30.0506517789,33.8723872806,35.8024303974,30.461644501,38.274607322,33.960790109,35.8255716121
21.1913601716,18.5950717403,21.7413600714,28.5807095254,32.7297699441,34.6393911144,29.3389514948,37.035001335,32.6856458503,34.6083522573
21.3091555476,18.0813711837,21.2245886232,27.543430315,32.0664693693,33.4205314137,28.1629589321,36.1609752532,31.5224763178,33.1618847289
20.0389350104,17.6448931306,20.4916352364,26.890440291,30.9262453959,32.3440440749,27.6951006008,34.9568096424,30.7090495899,32.2428575796
18.9256955288,16.9322341685,19.7058615453,25.8965973636,29.932943107,31.3620293541,27.0565694058,33.8960047388,29.6891659695,31.3164368781
17.2473563047,15.8217806112,18.4632707635,24.7769856611,28.664546431,30.4337061559,26.368917715,32.7066223326,28.3856722979,30.3949062143
17.4817547682,15.5654237355,17.9571039743,24.2556400566,28.4017365733,29.8491614435,25.7652703933,32.2385612168,27.4129804827,29.2806480874
17.2294784676,15.3352215293,17.5457885672,23.6685189207,27.7956411069,28.9480556327,25.0700826787,31.3208578199,26.7509894666,28.3075228283
16.8733752471,15.3643334271,17.3279767836,23.3115482223,27.1317421843,27.9462442988,24.7696932922,30.2815796598,26.4007290592,27.448888596
15.2420894843,15.1467647592,16.8698789526,22.8351150731,26.1671425041,27.4596355382,24.8400559597,29.2747637234,25.9444511416,27.2790138807
16.0471879828,15.0049665348,16.6781669595,22.3944552589,25.9241246885,26.7371360918,24.4499291898,28.9158206728,25.2708147971,26.3354639869
15.2452498246,14.4595230835,16.0887370358,21.8339274213,24.9403625472,25.7533821861,24.0340876057,27.9863108879,24.5124331957,25.5814878142
14.2364965074,13.7923344658,15.3127872191,21.4096410957,24.2480664127,25.3571702844,23.8855703369,27.4324874448,23.5692196736,25.0591523047
13.5727554935,13.1519605248,14.7073238048,20.7176168224,23.5921209971,24.8085042106,23.3185712731,26.643377043,22.8900521975,24.390455667
13.3750046138,12.9139259397,14.3835666021,20.188190483,22.923003288,23.8827467942,22.8258361212,25.6803484661,22.5484360391,23.4753255313
17.4656649987,20.1430148214,19.9929829087,23.7814500562,26.3879684579,26.9709134578,25.8850389205,27.5655050563,26.3232378879,25.6477780401
19.2807839228,20.9450591879,20.4195413194,24.4900628718,26.8687330115,27.4212461316,27.1294943967,28.0897815929,26.1868253317,26.2243165569
18.7086761251,19.9013064497,19.7184476436,24.7472470291,26.5702342131,27.7037523645,27.1944154364,27.9194356546,25.3058921491,26.78892861
19.0550151383,20.0935587695,20.0040410088,25.4744770961,26.5056115359,27.3760763565,27.6364688663,27.3180124328,26.0607074278,26.7981331164
18.7934733486,19.1537122831,19.6392939737,25.4683592353,26.0397116608,27.0604357718,27.7072478882,27.2131265312,25.96237924,26.9687380678
17.6514470405,17.2243675862,18.6628109343,24.4177600345,24.9094206553,26.0282122037,26.8321372597,26.6184225538,25.4865518276,26.6401758563
16.9724199036,15.092864696,17.3936464682,22.8411327272,24.1728608984,25.4773617672,25.0417533793,26.6856424743,23.8583965376,25.9596600375
16.106434573,13.6570140437,16.2188837439,21.4186371738,23.4959339276,24.8105323157,23.1045241887,26.134119276,22.5539772368,24.8688790135
16.0552371796,13.6221593405,15.8019156645,20.8661745191,23.2735016525,23.9828819066,22.0759400041,25.4375491654,22.1444135063,23.5810454536
16.9432601977,15.5787598011,16.8066950041,21.6149115129,24.070747559,24.1554929569,22.6656462847,25.5409532279,22.6344582216,23.2203925517
16.9331392525,16.9976748395,17.4843223554,22.4424346918,24.2161229391,24.0602024303,24.0114806176,25.2638490764,23.3092967796,23.2822372316
16.6630783852,16.8395772846,17.3692995525,22.5500220744,23.7668864203,23.5291254634,24.7654871997,25.0492960143,23.2547758634,23.2689988539
15.3212313745,15.6691098591,16.6685691865,21.9524097727,22.9304387998,23.2275371145,24.7814292276,24.8115973095,22.5985560288,23.4510905086
17.2604369437,18.9559936545,19.4543103664,23.4924390609,24.6531009638,24.9504226598,26.2250750813,25.9401458612,24.505388987,24.7289219474
17.1990107373,17.9715090019,18.7341622613,23.1300378662,24.1142702645,24.6377981233,26.3459725782,25.8681297135,24.1175366634,24.8060826331
17.1756216485,15.4982670315,17.1461216292,21.7165187487,23.518554263,24.3587726034,24.2348017682,26.0680206087,21.8564900432,24.1595106936
18.0855320469,15.3869194696,16.7525149084,21.9546989265,23.9486479696,24.2103890051,23.2666300396,25.9498881028,21.2196779955,23.0809356974
18.8924030574,16.599870108,17.2529196887,23.1460665334,24.6746715686,24.1559710491,23.9685860292,25.815220828,21.7258214511,22.485848169
19.727249247,17.7619961734,18.0659512175,24.0858335085,25.1951028006,24.0544368416,25.0013903035,25.8669143547,22.2683605087,22.3420723774
18.502960786,17.0935015515,17.7400130187,23.5841159382,24.4656494282,23.7410415205,25.0640595609,25.2603129044,21.8051499737,22.4960431984
17.0293468673,16.3087288759,17.2794779179,22.850654835,23.4801349052,23.1826619843,24.8359454875,24.2852158486,21.7033666132,22.4844403508
16.2830972044,16.0926896283,17.2080338561,22.6009846181,22.8692958672,22.7347036846,25.0730093773,23.8255366677,22.1327784143,22.5431814932
15.4921536087,14.7606937531,16.3585875812,21.5362065758,22.2065977874,22.6714789752,24.3569535358,23.9265867999,21.2275038874,22.5771688368
16.2928864907,14.9220441141,16.6192248979,21.2380335551,22.2677425671,22.2358695578,23.762820582,23.9388523765,21.5435838396,22.1077328858
17.0219591383,14.9162825885,16.5143052938,20.8420415101,22.6563280614,22.7343703933,22.8308554634,24.5991694093,20.5425050332,21.9618425233
22.1906477963,21.6264144406,21.6767648595,24.1805781099,25.8521842723,23.592412378,25.1683629395,25.6088965565,24.635595681,22.438463059
20.764413223,20.9779941207,21.1033974734,24.1809006684,25.1908018468,23.735807491,26.2305690242,25.8256808045,23.5361587079,23.4537923172
19.9720698202,20.45925376,20.7794852585,24.1684684516,25.067810883,24.262151496,26.4526065446,25.7411965863,22.7985129654,23.9856663593
36.4358748628,42.1393021945,39.4219666555,36.6558651581,37.3068851252,33.8541748041,35.4004976744,32.6214904828,34.0356595973,30.2614783325
47.4690860916,52.5825323278,47.0839892575,45.148030795,45.0131342627,41.5225757199,45.3009342917,39.0542031773,37.6793890036,36.3440341818
63.2092531836,65.8864496256,58.056908517,56.9735412033,55.3469366317,48.7068383294,54.9787174088,46.028243267,43.8153968538,41.9149597443
73.1287615594,75.2436528903,66.9320024943,65.3478111531,61.1049704853,53.887795166,62.8589224672,50.0334994267,49.8535717133,48.03127697
77.7109883602,81.0928968799,73.9807550105,70.2664380662,63.0863989334,57.004927406,67.2942090777,51.2264699121,55.545081138,53.7144539547
67.5033923524,69.316235772,66.1205845924,63.6523059851,55.932817454,54.3059260695,65.0632226593,48.6278610785,52.2271218281,55.031965906
58.5611120817,57.0566643624,58.2941324407,58.9318535868,51.1230735775,51.8357097498,59.710322127,47.237546519,48.4652077138,54.3527407263
50.3766353023,47.2451842433,51.8654795471,53.4655011517,46.9613847513,49.4672169737,53.9609756411,45.3481333747,46.144065106,52.7635672526
45.0072647144,41.4674303482,47.7952024291,49.4791864606,44.6861611565,48.1806546619,49.2248283335,44.2068048055,45.347872485,51.3604251963
40.0056078057,33.9293133984,41.2830093856,44.2422035896,42.9312881212,47.5835600739,44.5727517186,44.6553775056,40.9081685985,49.0798731788
39.9972521296,33.7305452075,40.1266625956,43.2612979884,42.6557633305,44.4738508339,41.5424544896,42.7513315206,43.1033808334,45.5370640479
41.5806495498,32.7039560712,38.6040435254,42.1491939831,43.5843757235,43.4773592699,39.5577030636,44.693280479,40.5873753488,43.3838041154
40.5717902374,31.320850552,36.6580528929,40.503178878,43.8935794716,42.3974734499,37.6646742459,45.519699443,37.4211887864,41.2483533707
40.8721322318,33.067266276,36.9182793667,40.5763185965,44.6660423215,40.9225334597,37.3057349503,44.6050194205,36.8588876807,39.0089658333
39.366532371,33.3953176722,36.4933279342,39.6479098432,42.9978180243,38.4371425898,36.8144907065,42.1424288308,36.1114539956,37.2869821714
36.0238346302,31.7356848535,34.6409881728,38.0885257462,40.4212874791,36.8342000689,36.3428880077,40.1691226371,34.0327455952,36.3980548125
32.7374311359,29.0728916023,32.1865713768,35.73514978,38.0897440835,35.7225244095,35.0819047983,38.4761106074,31.499476783,35.3374612445
32.7567866079,26.832156809,30.457155348,32.7624925345,36.9294110491,33.8870210977,31.6577807907,37.1357617866,28.4885378424,32.8103404066
32.0709718446,28.0300233819,30.7109259143,32.2321996768,35.7323501211,31.8895085238,30.399237225,34.4853958296,28.7997086243,31.1136433388
28.2859244387,27.2947413191,29.1909705264,31.362791564,32.5857765355,29.7787102719,30.6971320678,31.5115844103,28.7101997396,30.3371344068
23.7980563822,24.0942281847,26.3871683131,29.0794590786,29.3836291791,28.4948184828,30.0740487196,29.7059772422,27.0251177854,30.0419579829
21.0043727949,20.2565090432,23.2668094265,26.1610857633,27.2067785606,27.8977559641,27.9101081861,28.8837646054,24.4013230463,29.0783809657
19.46148004,17.9332093918,21.1213541244,23.937598413,25.6033849776,26.6781807478,25.3191447785,27.3883095924,23.2785581832,27.3836765017
21.2827540571,18.124721984,20.4292342677,24.0615571074,26.2462465683,26.4273581797,24.4202584299,27.8118527996,22.6033636516,25.6789839538
18.0713627259,19.404568976,21.5047753063,22.5227177364,24.9244086647,25.4357832081,23.3183906606,24.9706871212,24.5677609969,26.0210117923
16.3936591728,16.2419142255,18.0838117061,20.3615911043,22.8462116997,24.1079136106,21.684778985,23.9199450788,21.6393709111,24.5779852961
15.1934839258,14.0805688429,15.8692768778,18.7820412627,21.141984944,22.395782536,19.4615639189,22.4341985406,20.0271174017,22.7342699292
15.1660017785,14.2803593662,15.6096459438,17.9730164736,20.5430654326,21.0525895117,18.3151246483,21.4016839085,19.9688299349,21.3167968887
17.7314972939,15.8604579502,16.6798745301,17.6921157827,20.8558477584,19.5388800613,17.6936261504,21.3763134299,20.2038579503,19.8361283828
34.8344027272,39.2181797191,36.3914412536,30.6994252494,35.75751529,30.7448017459,28.4477351267,30.0887854568,29.9474043389,26.6239802888
30.6752850941,40.5368249175,35.7579806211,31.8691707096,32.8290130493,30.4156864604,33.684325099,27.0453288305,31.828885514,29.9221395143
21.9580196692,27.18329952,25.6209122703,27.3070010505,26.0073352258,28.1856606351,30.8675245252,23.6065685709,23.7226147759,29.5787707448
22.0669504729,26.9983581052,26.524616801,27.2561930988,25.7610248059,28.13734163,28.6557778925,22.3979588062,25.5983472597,29.5010895279
20.0622207989,22.3832233669,22.9618116274,24.731357514,22.5463268858,25.0446867876,26.2648551422,20.9219636128,24.9618541762,27.6734236428
15.7107683531,15.083100829,17.5608694252,20.9089834998,19.0644019591,23.3723431102,21.9595020901,19.8611684505,20.4344124955,25.8622697938
20.9084084074,23.4697390994,24.1573583349,24.4348171186,23.9668499252,25.9578385173,24.0773442963,22.3838955271,26.2298987439,26.6195861389
21.1715434896,18.8391355252,20.1762042195,21.4750355562,22.2016034248,24.1491454726,21.3001590611,22.5902359923,21.789253309,24.5698406224
24.3474255934,22.3143567913,22.5970603865,23.0636096545,24.7318071263,23.9674188141,21.0834040068,23.2316807725,23.071769534,23.5732022733
21.5835590674,20.7434683081,20.5810871072,22.6487373279,23.2465697752,22.4757269706,21.4638360113,21.8378980648,21.4854759762,22.5320656752
14.9284650548,15.5879636539,16.2079796782,19.8174411854,19.2206190011,20.8018514971,19.7713924688,18.4819387143,18.228118329,21.4071769909
11.2425537938,11.9065780682,13.0242007092,16.8580288824,15.9910382447,19.2527530147,17.006249381,15.7531665369,16.3727135654,19.6391805843
14.2372487145,13.9500025153,14.3405194536,16.7536093152,16.8886734956,18.5341424601,16.4526416008,16.4653401384,18.1115125908,18.3336669835
10.8134865116,10.5550835944,11.15740505,14.5714296536,14.3640121219,17.2454144739,14.6259055684,14.8526173337,15.5143395332,17.2382397126
8.27088485408,8.39013912899,8.78965193503,13.1084494265,12.5291790597,16.1130494569,13.0368228415,13.1409002037,14.189554555,15.6996191129
14.0852023842,15.7743748487,13.8065067214,16.2950703307,17.3919319054,19.6432640559,15.4634217629,15.6890892202,17.5702694806,17.0772402719
9.97028956248,11.5774495105,10.0170325224,14.3250935673,13.5947894128,17.3766809143,13.7899046264,12.3020227401,15.3390092674,16.0507462327
7.86720195085,8.97435732958,7.91948905613,12.9050279427,11.4444744703,15.0524757779,12.4081560715,10.9093109818,14.7438940287,14.6083049538
6.318915553,6.97149107359,6.37589377217,11.4303097024,10.1404281419,13.6467945892,11.4700595085,10.5546193772,13.8145433533,13.529267381
5.55885111981,5.86990359577,5.42539115292,10.1626825055,9.42723608995,12.8130059394,10.5220293703,10.4415460416,13.0392124189,12.5570978048
5.58187610363,5.4772044543,5.04665137845,9.19316597927,9.25563106481,11.7391262398,9.89874355374,10.5665506097,12.7794089508,11.4604703837
5.66649916021,5.56328939645,4.84936464721,8.80226291182,9.37421772595,11.1610958286,9.79261614318,10.8098859305,12.2414329632,10.6486498003
7.65191883355,7.09891407054,6.02401018422,9.04458928474,10.4447898148,10.5491927241,10.329141146,11.6775104872,12.6463679533,9.92423740638
8.63416063966,9.56719184912,7.94527589182,10.0439937067,11.8274629379,10.4331902276,12.262845723,12.5318005673,13.4752283166,10.0670710145
8.66437880434,10.6832240293,8.87701380471,10.5638016907,12.2614278533,10.4573907214,13.7461901091,12.8989835031,13.2679690549,10.4789258542
5.76485210547,8.17495923662,6.83261480891,9.56595146814,10.2315481576,10.2006080108,13.1053293024,11.3759492825,10.9814926844,10.4457565333
6.31662590175,7.81748386367,6.74221326413,9.03381054754,9.70578384126,9.66530979555,12.4496474576,10.9063444347,10.9241792123,9.85165761352
9.26760632791,9.09902653858,8.26660417634,8.73827532129,10.4078112502,8.96524949368,11.925511099,11.6269271487,11.5621298438,9.2545324425
11.1215335468,12.4245512121,10.9032783768,9.97924751641,12.1075004774,9.639967253,13.2925713264,12.6157144983,12.8142517476,9.86939164176
8.12555128758,10.7591650891,9.3851416986,9.39614488808,10.5987996873,9.08487563289,13.3505735371,11.2822335145,11.2999081365,9.95558195463
5.48567900655,8.90178681293,7.87373851876,8.26274918374,8.97949319259,8.09292296635,13.0181454375,9.85231986717,10.3101350646,9.49224363166
4.85828832898,7.26894520981,6.45496170307,7.33092340555,7.59386050182,8.10856774042,11.6559870716,9.09956848255,9.02560329782,9.03667938378
6.54932807886,8.89507894856,7.64606914241,7.48793952467,8.27272675478,8.60638261779,11.3226710691,9.30199671157,10.2378056549,8.98724179323
5.96231222268,8.91088993829,7.42307334126,7.39478570112,8.07579673642,8.41406302305,11.2590077771,8.85226663187,10.3927700773,8.92406100873
2.9674918057,6.1379487973,4.93917042462,6.2042976369,5.95644741901,7.73347940851,9.93189720132,7.06350051917,8.80141397124,8.43247763844
8.67186173924,11.056774808,8.78353558622,7.8772155845,8.98241778451,9.11098846814,10.9482094061,9.30224044011,11.7542790066,8.8764333489
6.74689750348,8.19977764412,6.32409495522,7.27950115815,6.94065570446,8.31592538253,9.50532106399,7.69860661421,9.57722171245,8.3319784933
5.66015408796,6.09491818996,4.74651620988,5.62046188975,4.82239042837,7.19085700222,6.82071837503,5.88388992188,8.52635141988,7.27240896103
4.3294299343,5.23494255845,3.96052567077,4.31619749016,4.11460262622,5.94526598386,5.8691153631,5.18356002573,8.40870491454,6.25598044947
4.91507337038,5.06379054747,3.57610180217,3.54347750294,3.91094664458,5.21060746975,5.08298024639,5.23778666433,7.90352671836,5.28699123017
10.2074814832,11.9782764791,8.26726034913,6.65764175143,8.09092413046,8.02870108914,7.74635881469,7.35794923605,10.9974127099,6.62837362865
10.7833901141,12.0374302913,8.48494806898,6.80363503705,7.93446453691,6.27528906326,8.25033459984,7.21624730019,10.9607189651,6.19637341913
25.4381748526,36.9751978304,30.2632391496,21.3026982337,22.8078723486,18.6050160372,22.4812501232,15.4262614832,23.8691932488,15.1471460781
15.3123005964,26.0550650743,20.685943693,16.5220172629,14.7317505004,13.8887615958,22.0404102752,10.6445362804,18.7822563629,15.938011108
10.4908692848,15.7628584135,13.9458348823,12.9537790848,9.09266069548,11.246794328,17.1249012755,7.97653843232,13.3474649912,15.0141112391
7.67749488261,9.92978703337,10.3158452136,9.36546998059,5.84365691148,9.14896756113,12.4423416021,6.64270094061,11.4301493362,13.1519123618
4.04078855655,4.59668965666,5.86726984779,6.04310093257,1.61889886589,8.63554969021,6.85293704817,3.72471863227,8.29933570935,11.1879499107
16.5049748233,20.1008076808,17.0506658313,13.1509621144,12.7976083285,15.3288306469,12.8145931483,10.8373810024,17.1940797266,13.6193428623
17.3117714181,21.8184636184,17.5903302629,16.2036486355,15.2054339263,17.3534031462,15.9719965877,11.118959189,17.3403307025,15.5874202396
13.8211291842,17.6228522379,14.3678104511,14.6726554673,12.0204671427,13.0773792326,14.9973938693,9.46176292199,17.0479062266,14.3009106023
7.35448922362,10.6664658545,9.60120598001,11.4110241729,8.01207018818,10.9661777463,12.7961844519,7.39050615059,13.2220993385,13.6257928382
2.00328244727,6.19349253257,5.95956603686,8.4151814238,4.57967093448,10.743272836,10.0150166447,4.86735993458,10.8400780211,12.8971036247
10.4428023578,16.186977855,13.7555174639,12.1653358393,11.1227438286,14.3868100977,13.7143077131,10.0690505978,17.6275330295,14.4724971278
9.49131926513,14.627638045,12.2901856609,11.9132960135,11.0833413127,14.0356684477,14.2302782921,10.3912640025,16.6845842145,15.0426654597
7.05925895719,11.1751717367,9.62854346433,10.6460250129,9.5523945963,12.7041830061,12.9818316446,9.53456337668,14.9207345665,14.4832810033
6.03335408328,9.50307608712,8.37111912729,9.89063395147,9.07700715863,11.9481345146,12.2944533687,9.56486690224,14.2632960475,13.8317690568
20.4284825567,28.8383096186,24.4466371977,20.120984905,21.3918103572,21.6878476102,20.9973628797,17.3464273148,23.9305296774,19.6469475896
18.1195283698,26.5803075873,22.2404703985,19.9897744581,19.8660426734,21.3138406765,22.7063211913,16.0751033687,22.9660972439,21.6199745319
13.8864029706,18.3360471999,16.3186634409,17.1597462865,15.1761768004,17.7070757778,19.3664607267,13.5540477752,19.0834916776,20.2280191476
8.64948550629,10.4193775048,10.7461512449,13.5425180924,10.4262996263,15.7067504406,14.4759635894,10.7226266401,14.5169218812,18.3680605867
8.30291926239,7.76617927581,8.73465421011,11.4028731546,9.01476895167,14.1119662574,11.0078119207,10.2942340034,13.7704224122,15.7632567414
12.887558558,13.1370448889,12.714232609,12.7505022216,12.8978800989,14.8656708149,12.2086333689,12.9562377261,17.142564824,15.291043932
6.75339890533,7.87229580627,7.82828407537,9.94162909143,8.82968507926,13.7108163743,9.49901455414,9.46838654386,12.5124309446,14.1867353356
6.48954904212,6.36386389704,6.08083080748,8.34680055383,7.35433386592,11.9345076134,7.11572310287,8.31589159251,11.9220464461,11.878905929
3.82264603457,3.874434702,3.36274961504,6.30673041501,4.59010220278,10.6287474496,4.38991912735,5.79195815077,9.92471126283,10.0700634464
1.28599332921,1.84652625248,0.86682586321,4.38342030161,1.77832003576,9.32225705438,1.77109993628,3.13319769268,8.62124409747,8.17999682479
1.61705725041,1.20461225044,-0.359959976952,2.99664505457,0.743656557965,7.98865893248,-0.0662341104255,2.60023155605,8.36516062252,6.35683072994
3.71535482775,2.03168023227,-0.228050572109,2.39820946911,1.53178662457,6.7576337555,-0.70252727318,3.41565687678,8.61728525282,4.83180062814
6.21582132394,3.58521016002,0.697955378616,2.11414179454,2.77668942992,5.50985651523,-0.7902472164,4.23018299612,8.7058709155,3.59704642974
14.3327767188,15.4619634991,9.25087383439,7.51407042338,10.7133814145,9.45821373247,5.5812182535,8.01172269787,13.7426690353,6.12809308182
8.62464423817,10.9373411134,5.83572226025,6.64352082325,6.24192545299,6.67636121096,5.41473935971,3.98517782444,10.4194863565,5.80596057644
21.5147740967,29.0543367617,21.0114146361,17.7283164439,19.2680436478,17.444488183,16.7462059497,10.5512716916,18.8285641121,13.1011928558
14.4180787989,20.8287969761,14.6521928032,14.3985813055,11.0510834087,12.8949813051,14.7308069518,5.34284125458,15.5620092585,13.1069527657
8.86790843383,15.378059614,11.4361125565,12.5992261286,7.23830060425,10.8860749143,13.2576444195,3.65704403177,14.1997569944,13.302047091
-0.110996997728,5.62765232599,4.51259503213,7.5115484349,-0.0289447741052,8.75836719791,8.4081537514,-0.914331112332,9.50732343922,12.0123153363
-2.83909558669,0.25156428643,0.394167706085,3.84682317569,-3.82221870337,7.55798578337,3.63135047574,-1.69884213616,7.86259723834,9.65230428946
-2.36969994479,-1.38250505721,-1.29899278179,1.61124740807,-4.03644079306,7.09494081483,0.377666261632,-0.604973882856,8.01136553031,7.59261716878
3.0741116994,4.83350159411,2.97913889264,3.27499925453,2.41689493313,8.27714398601,3.17366093583,4.37694949891,12.4506612378,7.39446885604
7.8269488733,9.33916828537,6.0495421968,5.46938907002,6.94035433436,8.52440045543,5.93341938944,7.4416948392,13.9894103877,7.500369003
8.08127475455,8.32026037048,5.2272113217,5.57726121301,6.91724778551,7.05428788228,6.0114602903,7.38727934313,11.7347878838,6.79760827198
5.9550487946,6.04921106752,3.38737806124,4.71422390468,4.61298879692,6.03834952023,4.51587852623,5.18931050392,8.9502780256,5.93553077151
5.30346042505,4.90223770011,2.39372366116,3.4134127351,2.46868357069,5.31198052705,2.3818851583,3.27923434105,7.67206585026,4.93192524289
5.3609493951,4.87615092115,2.25241796117,2.51613538848,1.97521835279,4.38758242848,1.59354918879,2.87364608592,7.50588512481,3.91386807927
6.52373675925,7.0194072051,3.75266372316,2.79691092143,3.46366168928,4.1270411412,2.88677267614,3.77556978024,8.36249616447,3.58540153167
5.79500271018,7.14612362379,3.93614083033,2.33433278233,3.64822635954,2.88080630084,3.87925469485,3.86432269847,7.92264886848,3.0636973828
5.77834449772,6.06448816903,3.11968271911,1.47488657957,2.21212351598,2.07348034765,2.8469321596,2.94058434926,6.25033442588,2.34181203286
11.9171645234,15.0845632693,9.79196556045,5.31907610393,7.37154821978,5.77418639659,6.83514832539,5.26905642191,10.6462128392,4.5782722767
9.31522004527,12.3403891326,7.86279724054,4.70491714787,5.19270535983,3.41694788943,6.86566755296,3.84717534339,9.05322014639,4.19146428621
13.7347455463,20.5512612426,14.6558545093,9.36722183294,10.0481296068,7.81743574482,11.9895939797,6.07637134583,13.1430225853,7.65088816269
6.911403095,12.3913550549,8.68988710257,6.13644590308,3.40261449316,5.11194014542,8.82388068097,1.50752047626,8.90274839966,7.21781402639
1.97891780001,7.1616724361,4.71879293532,4.21064202641,-0.169936368472,4.01324444689,6.80347527188,-0.51312421817,6.95563479806,6.46458504604
4.14670017818,9.80878546077,6.9908564174,4.47455717677,2.15234046324,5.45103441207,7.78498022219,2.06392584868,9.64971991985,7.1176073073
1.73919269334,6.41181217248,4.29638336392,2.95232097769,0.665839000576,4.58911805407,6.248778799,1.22330054976,8.19388676234,6.57986382895
1.72388962037,6.08664205169,3.96286274134,2.61787655951,1.53915986107,4.34112594833,6.36172032207,2.36920386757,8.62600883805,6.16130863972
-2.10798435961,2.07436089458,0.505196867351,0.857486626678,-0.954791151124,3.32483924403,4.30084245345,0.41445842337,6.29469164915,5.18222330274
-2.79481116562,0.269013203303,-1.28537668395,-0.0873521465828,-1.79276929626,2.94278535609,2.90293926842,0.322902064378,5.51210827872,4.01748966568
-0.921709737393,0.229413454775,-1.50444013594,-0.593357357716,-1.16077641106,2.67242636418,1.82270713172,1.3800271299,5.60213395092,2.91431891287
3.28773715934,2.00080958235,-0.116202728179,-0.51356542905,0.809101471353,2.29106016516,1.21064962948,3.19749652097,6.21528598724,1.87662346905
3.70804296964,3.3358882624,0.561424222434,0.0363870965997,1.74945757978,1.88833437991,1.59841813126,3.1791335038,6.10391013901,1.23424079518
5.4728653943,4.76714843015,1.5145101708,0.272004088455,2.25183136333,1.49797284335,1.67058481026,3.2643057076,5.92939462452,0.723641574016
6.05709784519,5.95246910414,2.56500326433,0.155416015358,2.70652052545,0.659668574762,2.27169123178,3.28026418896,5.80375356046,0.308831341075
7.79943649218,7.14123300435,3.69586523765,-0.0632336056839,2.90854639997,-0.161179072448,2.39760733586,3.39777043173,5.33468878622,-0.234350171751
10.4373762262,9.10688181035,5.50148574615,0.250546773338,3.66525229532,-0.713387823754,2.79866814627,3.89166634313,5.17784868513,-0.653202479053
12.361225619,13.6344242054,9.11800822324,1.82910772261,5.50687037185,0.098460206485,5.05941418336,4.20422480267,6.71001905084,0.163654871655
10.1919537429,12.392159259,8.27943066798,1.51398505268,3.77478380123,-1.12042335119,5.48470201089,2.78271620153,5.14156271993,0.014444983604
9.02288331796,10.7683272324,7.45169268775,0.0910800467222,1.70745624569,-2.061711712,4.38166034221,1.49313883146,3.70732475602,-0.344178813436
8.63214742455,10.3586860555,7.33227930308,-0.731310268683,1.07983615463,-2.63150444762,4.06663640633,1.16765186287,3.11210670477,-0.792424834117
9.13168048374,11.4146400913,8.17058487369,-0.796396156052,1.37611418663,-2.60637568726,4.41961274407,1.18336806302,3.3831030087,-0.902844681693
7.73165144325,10.1042569579,7.16554416955,-1.86895053934,0.0887729849201,-3.447714542,3.61175812557,0.153702324362,2.40546726556,-1.42384565523
14.6052692339,20.4889151714,14.9509702445,3.05689588098,5.90929607794,0.822954211321,8.62667678303,2.89917151685,8.02975039925,1.22712012479
22.7698083264,36.0091478968,28.2527996261,13.1610828884,14.9708876181,8.75757135192,18.6110240853,6.42954255987,16.7603853736,7.99529203972
28.6234819408,46.0401502259,37.4597933328,20.5331950731,19.5298834536,13.5310091471,26.0638943981,8.72138480141,22.5658089517,14.5105849039
49.0288592492,68.9600866302,61.2528971807,39.0147092362,34.1343486184,26.946069712,39.9492240077,17.7700058413,33.7090269188,25.8007962846
33.7754116785,53.0378367628,46.095912859,30.8868988378,22.2311567193,21.6861881173,38.7222551135,12.8721968932,27.4800364504,27.6958257529
22.3657846798,34.0079602102,33.0210209748,23.7735858048,12.9366618763,16.1636707085,29.9112903079,9.35647965214,20.5048733718,26.1107870825
15.2781647799,20.7513565043,24.180746568,16.9075409236,7.55627347807,13.2103165821,21.6129717929,8.08480423335,15.9447533277,23.3753034311
7.46740898211,10.0491802112,15.6633610957,10.1931120557,2.45843440566,11.7634293338,13.3066942588,5.47891314636,11.4976731558,20.1575205874
2.77907460412,4.72829042549,9.81687425537,6.33254231743,0.449367646541,10.9763990977,7.95646405936,4.19957918955,10.0438125802,16.3103871167
1.68891891534,5.10275784425,7.80866908077,5.26585671099,1.77086594821,11.9932673445,6.14184081261,4.58387950691,11.1332148032,14.1993000741
14.5559857036,19.8453995361,17.654008681,11.9941111817,12.7643513025,17.552330048,11.8742471134,11.6432106102,19.2885013813,15.8827798175
10.6364170203,14.719406079,12.5018847081,10.4168133023,10.4173470476,13.4693811872,11.2305895667,9.8445520458,17.0407755845,14.4511121306
6.20008099222,8.70041021121,7.49849839336,8.40910937935,6.97307054183,11.4133036778,8.65639382992,7.44509257737,12.4693807845,12.8720472839
4.74244971488,5.47473649914,4.73725253595,6.33216278079,4.5487103267,9.73846888203,5.60075919071,5.88372099592,10.508435832,10.6844963811
8.66722197526,7.50757990351,6.44506883304,5.97889761035,6.76154392436,8.25595375612,5.59956876649,8.01699389886,12.0406080324,8.84109435083
9.08642473983,7.29584959536,5.95956966107,5.37054111906,6.75817420019,7.20797239525,4.93541532258,8.13113250688,10.3221193002,7.57335864709
9.06152918668,7.28022226497,5.51733324849,4.8214709421,6.08508076017,6.31163481061,4.00554689423,7.14124210346,9.01556390771,6.25861771001
9.62552020311,8.12910840525,5.92060176405,4.22042399066,5.847948611,5.31509622625,3.57389627334,6.47247853394,8.63652559338,5.14095847797
16.0664450486,20.3800450275,14.9609786922,10.1982607082,13.2162018459,10.2712746651,10.6748206341,9.64355950479,14.4350396731,8.38736730411
9.55392757906,15.3843327386,10.8023351222,8.86191409039,8.903091895,7.17358548713,11.3641937873,6.50735357811,11.8857217864,8.32575053573
11.7996737824,19.5922838837,14.831477523,11.0367288351,10.9779512739,9.27261521642,14.4433770731,8.03109487342,14.2521934717,10.6223561683
6.8462730008,12.5195862122,9.78640581313,8.27479686471,6.46227223969,7.10283937313,12.4464521706,5.69210862028,10.5226544758,10.139572945
5.20569354596,12.7468057434,10.2213819888,8.45153173985,6.63328965435,8.47431995664,13.0131874467,5.7729009763,11.5915509925,11.2503529628
4.21635478919,11.4985650918,9.36929596311,7.84877891092,6.31015279884,8.66061166457,12.9463254159,6.0942337363,11.9017082358,11.5994376883
5.5309665069,12.0055145129,9.98618419865,8.12089278318,7.27990485876,9.43038381184,13.0822507424,7.36052884208,12.8632454203,12.0989018624
3.20561757728,7.54727115236,6.5513221311,6.60457474719,5.44309180354,8.24012355266,11.2042822945,6.68028710219,10.6683960554,11.1900155661
2.66683893927,5.13977241365,4.73273630529,5.48540266237,4.67385748449,7.59409238403,9.29318430835,6.65669506328,9.57858144052,9.9563132014
1.93016140329,4.92716544373,4.29367862106,5.12751069174,5.04499281701,7.64826052294,8.86926776807,6.87601618624,9.75189567756,9.33763399715
1.96979099546,4.05806679506,3.46809337696,4.34504553226,5.05797154452,6.91192023931,8.12508388343,7.13777646717,9.28814361415,8.27593203046
3.13698365427,3.89663825457,3.090069691,3.97707088621,5.19456110658,6.55190960962,7.0996955871,7.48540756222,8.64180390979,7.2548560323
4.73264020588,4.48676185995,3.31027429063,3.80646709176,5.51910205443,6.09279613524,6.1845001745,7.61363472526,8.3705744478,6.21011287386
8.56956587735,11.6411705099,8.65905709882,6.51544593197,9.52054648601,7.78077504813,9.58372865927,9.47472377236,12.0758153773,7.30307186513
7.1569750119,10.0565045092,7.40426911769,5.96269209341,8.26152374373,6.1616313318,9.85387814073,8.57385707131,10.3775542452,6.93544566693
6.48636881098,8.4386139238,6.25671070832,5.24467029125,6.8216675906,5.09586704688,9.10622558901,7.65838859615,8.57084363177,6.20893496997
10.3136803376,14.0037790584,10.5833879614,7.43076717896,9.4722382435,7.64159420411,10.8327397427,8.70891899173,11.1543016702,7.75145771423
6.92694382126,11.0944973699,8.38016762943,6.22715455294,7.14553441507,5.62717613696,10.4591163557,6.84623142641,9.7943723633,7.31686593456
7.67731172138,13.6973913974,10.4831003829,7.57950428715,8.32295796326,7.31154547694,12.1237141879,7.40413925755,11.1156683745,8.73116411486
4.88206651596,10.9972355127,8.49594565784,6.36834383074,6.45152692885,6.28570211716,11.6840575136,6.19208410326,10.0710459079,8.76203567771
3.79615475354,7.73208805467,6.26061310895,4.89596881935,4.78131815575,5.13142592922,10.1416559393,5.75527649967,8.38813940316,7.91054942317
4.87113740786,10.4849612655,8.32628140445,6.1189540767,6.49182953156,6.84097542893,11.3643444994,6.82699765742,10.2363229196,8.80233919704
4.17052437489,8.39500561434,6.71538393522,5.43830874194,5.69871241311,5.87612112934,10.8265087372,6.66818868796,9.2581971268,8.12914330132
2.74428316816,6.05116015328,5.02513665776,4.3348419452,4.65481439954,5.0803391606,9.63287781014,6.22638485547,8.01854398068,7.41366269813
1.63008085021,4.62327214077,3.81796567851,3.44417286012,3.97405451819,4.67536217439,8.64034629581,5.84973882317,7.24599665735,6.67006543378
1.97920968796,4.27973256142,3.54452714467,2.67273819573,4.04671038132,4.17406070513,7.92654333187,6.07006966713,7.07864841634,5.83122820083
0.852974324335,3.89762498312,2.82549231225,2.5345762759,3.95817915853,3.95626707271,7.95771365615,5.87053442116,6.62048570734,5.29640842073
-0.0667509089478,3.21977202973,1.87552864942,2.24791822774,3.36652118499,3.89304064659,7.54469322471,5.30847213777,6.01210226077,4.80321035577
-0.726839970935,2.85140225371,1.30641241248,2.02215621217,3.1323064773,3.73677748095,7.47657737249,4.9991423164,5.87445875248,4.39231900198
-1.81838591773,2.27680458942,0.544977935441,1.88856568011,2.76020556492,3.66790473737,7.51361230231,4.59160630792,5.62316159925,4.14440632173
-2.4761954112,1.84921466103,-0.0943839994725,1.9793571811,2.52322072978,3.68712032086,7.72428513045,4.37658862044,5.47407897235,3.88069630276
-2.13596561984,1.39158629146,-0.47569725218,1.65003029621,2.21589684163,3.65482260072,7.11296209464,4.30247107772,5.40612009866,3.63645454941
0.863820816171,2.58859240192,0.639597720304,1.9611496385,3.30766226736,3.60086701203,6.95525404846,5.44512335979,6.11282795162,3.24143330678
2.88323878827,4.97593981579,2.64417580267,3.04143315773,5.07440457217,3.80884733619,8.12055381115,6.57599277316,7.2882544301,3.43386776955
4.77512303912,7.30867373299,4.60550949011,4.08707169426,6.40259687464,4.10300404682,9.30215764039,7.36066823127,8.07592008828,3.87337670898
